3.84917
1.77334
-0.351134
-18.4089
1.03539
-0.288028
-3.27369
-10.7034
-11.5847
-0.513428
-13.7439
-14.8534
-4.19953
-14.4591
-8.25564
-7.42777
-4.6226
-7.11156
-15.2915
-18.2729
-24.4419
-20.0609
-19.5521
-17.6048
-18.7041
-22.0825
-22.1203
-18.5928
-21.3241
-19.5216
-31.5022
-13.8176
-22.086
-22.6584
-21.1618
-8.0778
-24.9831
-18.1104
-23.0897
-20.1284
-24.503
-19.0766
-20.8165
-25.2661
-16.3537
-24.5995
-22.9394
-23.5842
-23.2661
-25.7064
-16.3747
-20.7858
-24.8221
-26.0082
-26.9283
-15.7838
-26.8474
-21.3818
-28.4754
-30.3797
-23.2075
-36.8679
-26.7164
-15.7679
-28.7104
-20.589
-24.6957
-25.2002
-18.2898
-31.0385
-12.2659
-8.94787
-20.2208
-32.7882
-35.1232
-39.1987
-40.7735
-41.0531
-38.4048
-31.616
-29.6682
-31.6104
-31.7969
-32.7355
-29.2216
-29.4931
-27.7315
-29.9089
-30.5292
-30.6512
-27.1316
-25.3847
-28.1271
-25.4087
-25.544
-28.9267
-23.5051
-22.7156
-19.6856
-20.3979
-18.0854
-16.3212
-19.039
-18.6656
-17.1771
-18.7104
-15.9836
-17.8437
-15.3954
-19.406
-17.2449
-14.6244
-24.9041
-23.0439
-28.3884
-31.9844
-30.2567
-35.9629
-34.4809
-31.4042
-29.5123
-33.5289
-28.1998
-24.5654
-17.6621
-20.3415
-14.9391
-15.716
-18.9317
-15.827
-15.7718
-15.321
-27.1589
-29.7359
-21.0835
-27.7262
-30.7608
-25.0636
-36.7406
-25.986
-29.4673
-33.2922
-24.2866
-23.4455
-24.7053
-27.6143
-22.1497
-21.4489
-26.2713
-28.4414
-39.5429
-40.4637
-33.7641
-19.4762
-31.0932
-12.3409
-9.85002
-22.2801
-11.2201
-4.27911
-20.1934
-36.0715
-38.7165
-33.9806
-34.0158
-32.2857
-32.8331
-28.7685
-30.7515
-33.5451
-32.1532
-39.2597
-23.8558
-29.9765
-26.3647
-29.4886
-27.4665
-23.9738
-32.2816
-25.2441
-26.3849
-33.4011
-24.2322
-30.8835
-25.1997
-23.4776
-24.8111
-27.7895
-31.5708
-28.7856
-31.6561
-29.3543
-34.4822
-31.5958
-27.1246
-24.5655
-27.0372
-30.639
-37.3223
-30.0364
-24.779
-27.7366
-33.4557
-30.4766
-35.6099
-37.1886
-32.483
-37.7289
-38.7064
-35.3778
-37.1206
-40.6443
-15.4003
-8.15637
-20.2697
-19.8869
-33.9634
-28.6511
-7.61393
0.418814
-16.2594
-8.31477
-4.89123
-5.9278
-14.3711
-9.8921
-5.25289
-9.02226
-6.60916
2.35829
1.54771
0.655903
5.12352
12.2359
1.37605
-21.0883
-28.5631
-13.226
-12.6716
-8.94339
-11.4119
-18.2554
-11.0967
-12.3701
-22.7845
-23.3796
-26.9136
-33.1944
-32.7689
-36.121
-33.1292
-26.1505
-21.9997
-25.8738
-28.7289
-31.0748
-29.4524
-34.5702
-31.8433
-27.8905
-26.6487
-28.9929
-25.8931
-25.3021
-22.8949
-30.5141
-32.3844
-35.9345
-30.7505
-31.7324
-22.4231
-26.4749
-31.4293
-27.6566
-25.395
-26.3333
-21.7849
-27.9873
-35.1323
-22.3656
-51.7736
-52.4632
-58.6404
-39.1043
-24.7407
-4.89727
0.454841
-2.83098
-7.47571
-17.2977
-24.3162
-27.1857
-31.2613
-38.0476
-46.8641
-36.5829
-41.1137
-45.3717
-46.1751
-39.778
-38.493
-37.596
-38.6727
-32.2353
-34.5434
-25.7713
-29.9637
-20.2183
-24.2712
-25.1664
-21.7846
-3.05336
7.79327
-11.8732
-6.20403
-6.3615
-14.1109
-13.141
-11.6473
-14.876
-21.066
-20.3952
-18.664
-19.305
-0.487398
-9.91786
-4.91227
-6.7095
1.67568
-9.85977
-15.8776
-14.8791
-19.0311
-20.2981
-10.5353
-13.5193
-12.8892
-0.75175
-1.97222
1.86201
5.64842
-1.33601
-9.71189
-2.27983
-6.71616
-4.73527
-8.18644
-2.31439
-8.02234
-12.9697
-15.7739
-14.015
-12.4262
-6.72726
-16.7517
-21.3282
-26.0836
-26.6952
-17.5893
-31.5665
-31.4362
-29.5506
-18.4039
-23.4919
-41.5184
-16.5751
-39.3378
-42.6389
-48.1623
-56.3418
-60.8817
-64.0328
-65.4083
-70.3709
-74.3487
-67.4643
-60.165
-55.4436
-56.3468
-57.5077
-47.0015
-21.3465
-23.6008
-19.7997
-19.8287
-34.4535
-21.2946
-6.21288
-11.3113
-8.35454
-20.9818
-21.2917
-18.7106
-23.0535
-22.8425
-21.047
-24.2714
-28.8214
-22.816
-17.3731
-20.5657
-31.7206
-26.9341
-27.7856
-18.3414
-25.029
-32.9692
-18.0191
-24.2876
-21.9614
-24.9093
-27.0248
-23.9716
-28.59
-30.9071
-36.0097
-24.6545
-28.3983
-28.7855
-19.5607
-16.7965
-27.3554
-18.9057
-19.9164
-23.5616
-31.8462
-18.2911
-12.408
-23.7169
-16.9167
-20.1318
-28.6721
-30.4206
-28.6361
-27.2643
-31.0262
-25.733
-26.7286
-24.3714
-33.3037
-23.0068
-19.739
-21.4406
-20.9918
-18.84
-19.2909
-27.6252
-13.274
-19.1185
-26.102
-26.1019
-22.6653
-23.5789
-29.6031
-28.9474
-26.7738
-19.921
-18.165
-27.453
-16.8501
-21.1265
-20.8969
-17.6745
-14.9861
-16.6145
-15.4985
-17.762
-0.999975
-19.442
-12.8404
-23.9212
-16.966
-22.8087
-14.6717
-14.9251
-26.0189
-25.2924
-31.9873
-31.9128
-22.4576
-20.6102
-26.3574
-23.3248
-27.9112
-20.1965
-20.2723
-22.1033
-25.3494
-29.0232
-35.586
-26.4837
-30.4607
-23.1209
-19.338
-18.4831
-20.9949
-20.5479
-26.5143
-23.4843
-24.798
-25.7908
-30.6689
-19.527
-20.9135
-24.4261
-9.73851
-30.1432
-23.3997
-28.8085
-32.7058
-30.9012
-27.2101
-33.5033
-33.1759
-25.4189
-15.2722
-16.745
-20.6872
-14.5601
-18.1645
-22.2202
-30.3416
-28.7441
-23.1933
-22.7302
-21.7635
-33.4297
-25.3208
-17.8242
-22.7276
-21.8256
-31.8643
-30.5879
-34.8171
-24.9224
-30.7512
-29.4279
-31.0479
-28.9847
-33.2676
-30.7625
-27.6835
-24.5411
-23.9995
-18.4991
-33.5964
-27.8287
-25.7922
-22.4343
-18.7059
-15.3726
-23.4111
-29.5471
-8.49167
-24.6249
-20.3996
-31.3902
-26.8164
-12.4273
-16.026
-22.8341
-19.1349
-18.2005
-22.9333
-11.9006
-17.8413
3.12115
-6.66505
-9.78856
2.83845
0.695196
-9.39318
1.24253
-25.662
-25.6299
-17.4235
-19.3044
-34.8625
-38.8287
-22.9727
-19.6554
-18.095
-21.7344
-19.737
-21.4434
-16.8484
-15.8494
-19.0866
-18.7454
-17.8086
-17.7836
-13.4355
-11.5981
-4.3364
-5.73627
-12.689
-11.9655
-9.42402
-4.257
-8.37836
-12.6617
-13.4521
-15.4545
-20.7943
-4.97789
-7.51567
5.08085
15.7027
-12.2604
4.74959
10.2741
8.0613
12.2429
13.0222
1.37027
12.977
3.79815
10.5723
8.47631
10.1085
10.0817
13.0789
18.019
19.7576
15.1317
11.7171
15.4723
12.8518
8.92309
6.76833
16.5598
8.48985
28.9502
21.7415
30.3815
24.8479
9.95625
-0.0648994
0.865336
6.52718
-4.88089
6.55129
1.90482
11.0638
16.5764
12.5006
37.5311
14.8428
16.62
2.59478
25.7673
22.9968
27.4983
12.9644
6.76368
11.895
9.02711
12.6043
15.8648
12.9258
19.0336
21.0728
22.3131
20.3652
17.1396
13.2512
14.2747
15.5635
12.6776
10.4111
11.753
7.9763
7.31873
11.5394
8.46649
12.6119
13.0199
8.71589
8.02666
9.70041
7.66805
12.1834
6.64787
6.67854
9.97974
2.46
2.297
8.24039
4.22238
3.8577
4.79095
5.67751
5.99047
0.445842
9.30922
6.69547
9.94181
11.0911
3.40115
3.78939
6.97609
5.85198
1.05438
4.3757
6.57969
4.40973
3.50747
3.76644
-2.50009
-2.93984
3.86929
-0.390917
-1.60608
-2.43694
-4.72156
-6.86145
-2.50501
-8.68448
0.0890252
1.86517
-3.84563
0.839765
1.61134
1.17769
-0.549973
3.55405
-4.90184
-5.05605
-1.56134
-5.30203
-7.73564
-3.92621
-3.92907
-6.52306
-6.96112
-1.27758
-4.83057
-3.20755
-4.09844
-5.14779
-3.83059
-7.48677
-3.36181
-0.457661
-5.09037
-5.86851
1.06952
-6.09122
-4.79041
-1.67104
-7.14377
1.68112
11.7826
6.29021
-10.0576
-27.9153
-37.1443
-28.923
-37.825
-31.9818
-33.1738
-34.0003
-36.1212
-36.6045
-42.5251
-51.2041
-44.6198
-45.8501
-47.2527
-41.1116
-49.0223
-54.5389
-42.0574
-40.8423
-37.616
-12.3403
-21.061
-23.6175
-32.9429
-32.4645
-26.1702
-7.46263
-6.66132
-12.2317
-6.93347
-7.62039
-18.2663
-12.2098
-7.76091
-20.4166
-5.62331
-7.7101
-5.83968
-3.42685
-9.39414
-6.00464
-1.41728
3.30712
-0.421727
3.68112
-2.72209
-0.965192
-2.53074
-6.68493
-11.4651
-7.14442
-1.57362
-4.95396
3.02563
2.29728
-5.1221
-2.17212
-19.5532
-21.4822
-8.49635
-7.10909
-14.2028
-3.22604
-6.28189
-6.68865
-21.8117
-12.2341
-17.2602
-3.51932
-5.99782
-9.51695
-2.67706
-0.993223
-3.18113
-9.45305
-16.4408
-5.98147
0.23536
-11.3687
-2.30772
-3.18927
-8.00178
-8.77082
-1.3261
3.066
3.91414
-6.03367
-4.19038
-1.76978
4.39021
-1.38114
2.18633
0.0197143
3.9502
2.03809
3.67881
-5.54721
-4.78882
-13.4606
-8.0472
-17.9307
-6.06689
-6.3749
-10.8547
-3.98049
-5.69166
3.04609
5.12463
-2.36022
-4.37365
-11.924
-12.6372
-6.26487
-10.926
-8.56607
-11.8842
-9.1697
-14.7809
-11.428
-14.2419
-2.18432
5.51296
-6.09733
-0.130909
-0.254154
-5.82901
-11.4091
-17.1978
-14.7725
-13.2465
-12.2955
-13.5546
-10.0421
-8.04207
-11.1583
-6.3787
-9.60233
-11.9243
-18.7822
-20.5971
-17.6383
-19.7182
-17.6741
-17.3198
-12.7591
-16.4646
-14.6658
-8.83314
-14.0548
-18.4152
-20.3995
-16.3381
-11.9355
-10.0209
-6.77294
-14.0181
-13.4006
-12.8157
-10.4576
-16.2
-16.2856
-14.8729
-19.9664
-19.5646
-7.93552
-6.39122
-10.1527
-15.9708
-18.7077
-17.0409
-9.77977
-9.17671
-14.5199
-21.7095
-19.3619
-13.8985
-17.2146
-21.08
-18.8326
-20.2151
-22.4108
-23.8682
-22.8325
-16.6557
-13.7844
-16.3962
-12.1919
-11.1959
-23.1047
-27.1611
-16.1741
-19.2342
-17.3657
-18.9226
-14.2163
-14.7785
-26.4569
-25.5603
-26.1713
-28.8364
-18.4721
-18.5047
-22.3052
-12.9608
-20.7238
-18.1194
-12.8227
-22.622
-23.0705
-19.8951
-20.1302
-22.4401
-25.4367
-27.0402
-24.0063
-24.815
-29.7321
-27.0762
