-127.52
-129.927
-136.013
-144.679
-144.197
-169.606
-170.491
-177.567
-191.641
-202.211
-202.645
-209.671
-204.471
-222.809
-214.399
-187.034
-200.434
-206.41
-216.703
-201.794
-189.271
-194.279
-203.469
-209.531
-205.043
-213.482
-217.673
-222.362
-199.92
-186.163
-183.124
-177.543
-180.873
-205.467
-209.038
-217.248
-224.11
-224.542
-216.192
-229.001
-242.261
-222.484
-237.631
-248.021
-251.605
-241.27
-238.838
-257.602
-264.241
-261.527
-275.012
-273.754
-281.761
-289.307
-304.679
-298.363
-293.085
-304.166
-298.823
-309.247
-295.559
-296.462
-295.826
-310.268
-300.239
-329.376
-312.363
-305.704
-321.12
-315.435
-332.721
-317.082
-317.43
-318.414
-311.82
-317.488
-309.917
-309.153
-304.49
-322.597
-309.177
-310.056
-306.748
-319.657
-324.305
-318.383
-318.04
-315.237
-304.233
-314.728
-314.254
-318.241
-326.99
-316.293
-305.145
-320.558
-312.213
-315.1
-309.567
-322.286
-325.902
-310.892
-316.776
-327.93
-315.26
-304.31
-319.104
-323.129
-319.946
-308.633
-319.066
-320.45
-318.117
-316.03
-317.705
-303.267
-323.223
-302.342
-320.245
-320.764
-317.27
-314.318
-320.741
-308.745
-288.139
-301.594
-307.464
-315.588
-307.239
-314.591
-319.111
-322.276
-310.333
-305.53
-314.631
-323.933
-251.679
-115.965
-125.971
-138.287
-145.462
-146.542
-170.191
-181.287
-176.112
-200.137
-198.678
-202.979
-206.932
-207.568
-222.798
-212.945
-187.65
-199.08
-202.398
-212.586
-192.576
-194.605
-195.693
-209.019
-204.478
-203.34
-214.202
-218.435
-221.217
-199.006
-186.916
-182.524
-187.733
-184.475
-207.552
-216.721
-216.195
-226.949
-224.578
-218.59
-235.737
-237.697
-231.34
-237.889
-252.671
-245.606
-240.276
-241.586
-262.265
-260.662
-265.762
-278.614
-270.999
-280.458
-300.498
-299.121
-296.292
-287.33
-300.665
-305.623
-315.839
-294.752
-294.463
-297.651
-311.451
-304.989
-325.394
-311.457
-315.43
-317.32
-316.242
-330.652
-319.357
-311.302
-317.697
-317.617
-316.38
-308.945
-308.126
-310.758
-324.695
-303.835
-309.868
-308.177
-313.104
-317.161
-323.017
-310.87
-314.226
-307.729
-316.822
-313.308
-326.831
-318.442
-315.468
-307.138
-318.421
-310.183
-308.831
-309.983
-320.76
-324.269
-315.279
-318.715
-319.251
-315.056
-305.002
-316.569
-323.758
-316.005
-310.631
-319.671
-320.579
-317.623
-317.845
-316.841
-303.047
-310.352
-306.871
-311.325
-323.603
-311.23
-320.587
-311.299
-315.834
-291.062
-298.822
-305.614
-315.657
-302.837
-313.835
-329.858
-312.531
-305.219
-302.933
-322.647
-311.734
-195.68
-120.475
-133.328
-144.724
-142.493
-150.371
-166.281
-183.675
-178.774
-202.807
-193.337
-202.896
-209.354
-209.992
-219.368
-207.015
-196.662
-206.45
-208.31
-207.112
-185.899
-190.769
-195.443
-209.614
-206.635
-201.048
-210.627
-219.681
-207.785
-193.317
-187.175
-177.342
-185.331
-193.65
-204.917
-215.674
-211.708
-226.256
-224.2
-225.596
-231.369
-230.394
-228.944
-237.979
-252.236
-235.949
-237.82
-245.622
-260.256
-258.048
-263.019
-281.272
-278.081
-278.874
-303.212
-299.237
-294.784
-297.01
-296.038
-307.503
-312.535
-295.333
-297.54
-303.899
-305.447
-313.035
-318.862
-311.141
-322.44
-314.306
-322.962
-322.918
-326.742
-313.484
-313.048
-316.235
-306.019
-302.565
-304.304
-315.563
-321.922
-310.453
-311.198
-309.219
-316.915
-314.783
-325.708
-311.688
-312.671
-310.161
-314.77
-322.16
-334.669
-315.518
-310.157
-315.891
-319.842
-312.901
-308.333
-307.197
-317.694
-317.857
-318.248
-330.846
-316.022
-310.735
-304.524
-315.371
-324.867
-312.029
-312.857
-321.508
-320.155
-318.183
-310.972
-308.814
-303.511
-312.014
-316.639
-308.479
-321.987
-308.271
