-64.9223
-98.2104
-100.887
-93.075
-93.2668
-83.3341
-67.2391
-105.766
-93.642
-90.4841
-94.0168
-93.1099
-116.393
-101.72
-80.3709
-81.2604
-77.0909
-73.7687
-71.9822
-86.7188
-113.642
-56.6535
-38.7251
-63.5167
-76.3037
-50.5609
-45.8409
-48.7091
-53.8008
-49.1043
-62.6353
-53.7767
-82.3202
-89.7622
-73.3689
-68.7542
-71.7016
-68.6094
-91.2345
-90.0953
-96.683
-100.319
-95.7144
-90.7423
-93.3128
-86.0058
-92.6881
-98.3013
-94.7171
-93.0182
-91.296
-94.6282
-95.9204
-87.7699
-91.995
-106.504
-104.343
-88.784
-91.1849
-84.6226
-87.602
-89.7693
-88.5783
-91.6646
-99.0522
-99.8807
-96.9685
-88.2954
-98.868
-87.3931
-92.5952
-87.9246
-86.5731
-99.1432
-90.2257
-88.6158
-92.2547
-94.477
-92.8318
-101.591
-91.5059
-88.872
-97.7735
-94.021
-96.0689
-100.353
-81.8924
-90.6906
-91.9251
-92.8454
-92.3797
-86.3974
-82.9564
-91.5795
-80.0075
-85.3194
-84.6953
-88.8311
-95.3736
-102.985
-85.8425
-84.9524
-82.5376
-90.4382
-94.498
-85.1166
-98.1088
-85.3838
-87.3389
-87.7462
-91.8535
-87.303
-81.8185
-89.2833
-81.7453
-84.5021
-90.0206
-80.4221
-81.175
-79.7803
-86.0181
-85.8885
-89.7304
-83.0708
-90.7747
-82.46
-88.9219
-93.9738
-87.9165
-80.6057
-89.0373
-82.5755
-84.5828
-93.1232
-94.0005
-89.3234
-89.6157
-98.511
-93.3421
-85.5515
-94.7277
-89.8987
-88.8183
-83.6012
-80.66
-87.0321
-99.6111
-53.1921
-26.2366
-50.2026
-55.0759
-43.3875
-30.5505
-47.6095
-60.3877
-70.9571
-85.6121
-74.5297
-77.3183
-78.8858
-80.6816
-82.613
-80.6225
-83.0733
-86.266
-87.1452
-82.095
-89.0236
-85.6363
-86.8858
-84.6894
-84.1866
-78.7643
-86.6893
-78.7305
-74.4732
-72.8927
-51.5703
-66.1426
-70.0334
-70.2972
-69.7134
-74.4699
-86.8901
-85.1771
-87.4035
-84.1064
-81.1047
-82.6533
-80.0047
-83.7161
-89.3162
-84.7316
-81.4283
-84.3836
-82.3475
-72.8355
-61.6066
-64.0597
-37.6902
-25.6677
-16.1101
-21.018
-42.6199
-47.465
-52.3282
-48.8401
-55.1614
-72.7637
-86.7945
-77.8836
-91.0776
-83.8363
-73.7768
-78.9615
-81.0947
-78.6802
-75.3332
-77.5431
-78.2263
-79.518
-80.9598
-88.7141
-88.9273
-80.5055
-86.4368
-87.8262
-86.9077
-90.1791
-89.3286
-83.9863
-83.3163
-66.2545
-49.9476
-38.1884
-30.3757
-35.0435
-27.0685
-26.9205
-38.9547
-46.9457
-63.4508
-68.4872
-72.6746
-73.254
-77.2777
-77.1375
-81.0004
-81.5256
-78.2145
-86.507
-89.4333
-84.7778
-81.836
-80.5803
-81.1743
-81.9942
-84.8975
-73.548
-75.7197
-71.263
-65.9884
-64.5764
-64.2276
-70.2325
-84.3152
-85.6929
-79.7376
-78.7438
-82.6442
-85.0716
-83.2918
-90.1848
-92.0022
-83.253
-86.664
-88.1231
-86.6854
-94.0372
-94.2802
-98.2804
-94.3535
-97.0729
-98.1081
-92.2324
-81.6459
-70.9307
-53.9791
-60.7717
-45.7293
-43.7439
-45.2042
-49.1234
-35.8769
-39.3753
-80.6639
-92.1213
-87.6147
-97.3186
-104.753
-102.166
-102.863
-102.913
-96.8691
-101.246
-96.2028
-121.043
-106.664
-97.3527
-99.2171
-105.092
-99.0038
-102.5
-99.4589
-102.253
-98.5207
-92.3893
-83.7996
-77.2508
-62.9218
-65.4122
-56.8576
-47.7535
-49.7513
-44.4991
-56.5891
-67.046
-78.5384
-84.022
-90.3872
-93.4747
-94.0328
-84.7699
-91.099
-93.3794
-95.2267
-97.8733
-95.9908
-90.1039
-104.273
-94.4205
-96.159
-92.8489
-91.7176
-96.0996
-85.9755
-91.0286
-91.0006
-82.164
-91.8776
-86.6388
-95.775
-87.7347
-92.0657
-91.2556
-93.1933
-88.4485
-91.5465
-90.5457
-95.4386
-91.4724
-96.7719
-90.0639
-94.094
-94.7046
-93.5362
-86.7061
-86.8508
-89.3346
-86.0798
-93.4435
-97.3083
-86.3107
-93.6602
-90.0767
-80.0783
-84.8857
-87.8227
-73.0797
-71.4221
-87.2559
-100.202
-114.221
-86.0327
-94.7274
-89.6114
-111.894
-115.673
-120.068
-131.703
-137.799
-138.075
-131.177
-130.743
-125.411
-116.133
-109.658
-102.205
-100.371
-98.4344
-98.403
-120.118
-95.8851
-129.062
-130.571
-106.842
-87.8853
-98.818
-90.6054
-80.7119
-83.4868
-83.6216
-87.0554
-80.4275
-88.5603
-78.8211
-79.8634
-82.5004
-78.949
-79.9894
-80.1272
-76.0713
-73.5739
-88.2585
-103.665
-63.4881
-71.1422
-66.6718
-60.2226
-55.7112
-60.6451
-50.397
-53.7607
-50.767
-53.122
-56.6938
-54.8211
-57.9674
-57.9449
-54.0942
-50.0215
-46.6752
-48.6866
-44.9999
-45.4248
-49.4283
-44.5216
-40.5869
-48.7355
-41.209
-44.3731
-47.9761
-41.4872
-43.4895
-45.1588
-43.1286
-49.8345
-54.6482
-46.446
-45.8471
-41.7113
-42.6175
-39.9107
-49.8568
-49.4408
-51.9074
-35.9352
-41.3242
-45.6741
-52.4547
-53.2814
-54.258
-57.4231
-57.4847
-61.2731
-72.6123
-55.02
-47.9095
-46.7612
-53.9001
-47.4888
-53.8919
-54.1165
-49.4984
-39.4535
-44.7649
-46.45
-95.5005
-79.5705
-68.0058
-68.1427
-69.5143
-74.5889
-76.5815
-72.0589
-64.6464
-68.2685
-65.4156
-63.6767
-63.6791
-66.6627
-88.4677
-99.9379
-89.6542
-86.559
-133.514
-134.076
-140.794
-140.525
-135.896
-141.405
-139.335
-131.953
-130.78
-135.596
-134.998
-138.288
-142.097
-137.947
-137.846
-141.054
-139.443
-142.254
-148.586
-141.408
-145.586
-151.613
-151.182
-152.748
-147.052
-148.446
-154.269
-146.408
-157.528
-155.056
-147.639
-158.799
-157.499
