123.305
122.659
104.305
92.4965
105.789
122.484
91.3668
87.2123
91.5894
87.8571
92.7545
89.3457
90.9463
88.5012
100.181
95.8333
110.481
107.85
118.725
111.59
127.2
109.5
96.281
108.281
113.156
109.147
119.675
122.546
118.26
119.522
129.431
123.092
114.433
115.176
111.768
105.899
113.631
100.573
103.581
96.7242
103.287
111.108
103.148
109.501
111.683
106.981
112.095
108.341
102.629
111.386
97.6817
111.403
102.497
110.323
100.958
108.542
100.214
115.001
111.454
117.892
98.7054
107.35
104.893
108.519
122.103
104.47
107.901
111.093
101.106
97.0786
104.039
104.963
92.0957
109.297
106.201
98.3858
105.616
117.189
103.46
106.078
106.919
106.419
101.543
101.256
117.281
99.7398
111.481
107.748
110.226
114.879
110.124
113.34
101.695
104.428
109.635
101.062
112.964
102.797
109.863
99.6425
102.638
105.954
105.356
103.818
103.668
118.525
107.996
93.5565
104.803
106.582
105.482
111.537
112.508
106.393
96.8458
109.165
106.611
102.111
104.523
89.7428
101.725
110.675
98.8965
106.933
101.067
105.696
94.0891
108.823
110.691
106.22
111.224
111.485
115.627
103.533
103.915
113.806
112.66
118.536
115.676
101.555
91.0484
103.752
121.501
88.7164
88.952
88.8821
94.0624
93.0368
91.6864
87.09
86.7377
107.796
93.509
116.767
106.049
117.42
124.972
128.26
104.711
100.655
112.864
106.744
113.347
114.649
118.071
122.316
122.447
133.284
119.8
113.238
120.358
110.843
108.083
100.841
99.641
102.988
90.7234
104.284
106.838
106.259
103.111
107.785
111.414
111.116
107.009
103.035
102.858
103.819
109.876
102.046
109.965
105.109
115.513
104.914
117.813
109.995
115.593
101.11
108.316
110.909
110.936
120.141
116.614
100.476
116.036
99.5632
108.456
98.4271
107.65
92.8169
105.291
109.584
111.124
108.833
104.561
105.372
105.055
103.407
110.615
105.418
102.794
105.342
102.104
112.614
106.574
113.189
112.509
110.381
111.301
102.577
106.418
108.454
109.046
107.321
107.941
110.686
93.9504
101.037
111.823
101.92
99.1467
106.94
118.69
109.467
100.789
100.454
109.826
101.579
109.712
114.222
111.571
99.4138
108.767
106.088
100.214
105.02
86.0418
104.562
111.194
97.6196
110.19
102.903
102.791
94.1084
107.992
117.157
105.444
108.201
114.642
110.523
99.479
105.161
107.313
109.611
122.838
113.992
98.1258
95.3091
104.214
107.453
92.4771
92.1249
93.3917
94.2182
93.742
98.2651
87.8606
86.4518
109.361
97.6412
114.645
106.472
110.942
127.098
116.137
98.3222
102.39
112.589
106.64
115.416
120.47
117.123
121.215
130.809
133.38
116.452
112.602
118.015
108.629
111.801
104.958
101.157
101.633
103.364
107.439
107.693
109.689
101.601
110.247
110.793
106.068
110.429
109.739
95.8289
113.433
108.599
100.133
104.409
103.931
108.583
110.416
110.647
113.703
102.973
106.592
105.758
114.766
109.85
117.671
115.498
97.6094
112.655
98.2896
114.664
99.771
107.62
99.0383
102.239
100.931
107.07
111.509
100.827
104.085
110.183
98.4274
112.333
111.797
97.9967
97.2314
105.889
107.919
107.174
116.82
113.667
111.16
98.3012
101.688
109.556
106.79
115.229
106.859
111.444
113.727
97.5654
100.327
110.85
94.713
101.29
107.893
114.176
105.181
110.297
104.755
107.872
101.503
109.591
107.955
104.892
109.046
106.698
100.583
101.42
100.924
90.6775
106.871
106.784
99.9332
107.787
104.299
98.612
95.9119
106.257
116.003
107.845
102.448
115.522
105.071
97.0812
108.615
112.292
112.577
125.122
110.141
95.9217
101.034
108.929
98.1164
91.8957
97.3711
87.6637
94.5006
93.663
97.103
95.5793
92.4966
95.953
105.743
115.603
111.113
109.187
134.66
110.59
89.2409
104.716
112.789
111.065
116.34
119.741
118.556
120.044
128.654
125.945
117.479
114.579
118.823
107.95
114.929
99.6757
101.413
97.9195
105.22
109.011
106.789
114.285
110.538
109.663
109.207
104.985
104.348
112.147
95.3054
112.107
105.229
103.9
101.942
100.545
102.747
110.333
112.004
116.575
96.8547
107.633
107.695
113.76
117.822
111.962
110.785
102.56
109.996
94.7603
110.128
104.849
93.3303
102.065
103.345
92.347
98.628
110.663
