13.5612
12.9773
15.7669
7.41232
19.7172
27.3333
31.2938
46.1748
45.9452
35.4575
26.4952
30.1433
26.9671
30.8416
35.6278
23.7822
24.7537
23.3514
23.8051
27.5487
26.713
30.2541
30.7812
15.3255
29.3757
13.2143
6.73495
1.6696
0.136297
6.48723
5.43812
5.79263
5.16293
0.795586
4.90459
2.56863
4.92544
9.55613
8.6705
14.7994
34.7854
25.3625
27.2181
20.6517
24.5504
19.0313
28.3386
7.32738
2.22513
12.4909
6.88365
8.86337
18.7857
26.1445
27.8709
19.0472
4.6582
-0.986878
13.919
14.5328
23.0622
24.3154
40.1656
36.0803
34.6062
43.1211
36.9887
35.3009
23.3119
31.8932
31.7304
28.3696
28.1506
32.6561
21.8989
30.4627
32.2239
28.3242
21.0369
19.5119
25.6455
18.9731
23.0612
27.4645
32.656
32.4979
27.0451
34.2855
30.9642
27.5329
27.2389
30.3998
27.2637
26.2015
28.3848
18.6714
21.9834
25.2629
33.1505
24.1765
26.1585
30.3784
21.9207
22.4219
19.2614
18.7294
25.4598
15.3111
19.5387
15.8424
8.24493
0.838887
11.4715
2.85225
0.562488
-0.495792
4.64515
9.48295
11.5539
10.2836
5.48586
9.35096
15.9248
17.6338
23.5438
17.5576
15.7623
26.066
19.6722
16.0721
21.4112
24.5619
25.2456
22.9927
24.6138
18.9383
15.8819
11.1927
15.8835
18.715
8.83012
9.90348
1.62217
12.2351
0.330585
9.66263
16.8984
20.0205
2.0307
14.445
17.1371
18.2362
26.3724
29.3778
17.3818
15.9081
19.3953
21.2324
4.68548
27.0303
15.7425
16.9526
10.1783
17.1805
24.3494
18.0276
18.8251
18.4917
16.9056
3.04538
7.65586
20.8824
28.9537
12.106
14.3268
19.2107
14.7293
2.76725
4.63071
15.0048
7.56723
3.17505
14.694
5.9257
13.3258
12.5264
14.9061
13.6276
12.3262
21.9622
9.92553
23.3425
26.1503
16.5446
9.34494
16.4375
19.9904
23.7522
21.1714
27.5945
18.5525
15.0452
19.7125
16.6162
8.55582
17.0746
11.7924
10.9503
13.5859
6.19829
7.0318
14.0454
13.5352
14.2784
10.711
20.8012
15.876
14.7701
14.757
16.8531
17.9402
16.4815
25.7146
6.97894
13.6677
13.9515
20.0388
19.6793
22.4627
17.9711
11.3601
23.1844
20.4578
3.46695
-4.60114
16.8499
7.03983
12.6995
16.4649
7.93481
13.9727
20.3821
17.6295
13.5797
21.3603
29.9195
28.1767
38.6919
39.9875
31.6718
27.502
29.4788
25.6585
31.2548
27.7662
22.8491
28.5891
23.4603
16.7651
31.1295
27.7452
32.2302
32.8857
14.8514
35.3453
10.5178
8.17619
4.30581
1.66808
12.6332
11.9829
-0.0661966
0.568569
-1.12229
5.33097
5.46139
4.44081
8.63848
6.74033
16.2336
30.9047
22.9722
28.2478
16.63
16.0467
23.5477
28.0131
7.75491
5.74488
14.9308
13.8783
10.4769
15.0422
21.6853
24.7719
19.8727
-0.164562
5.91344
13.8579
16.6398
17.6032
25.5654
38.7817
41.6125
33.8426
36.39
35.7566
29.0031
28.5393
35.4434
28.7914
28.1312
33.4374
36.135
22.8922
38.9109
34.9161
25.8236
24.2527
20.4822
31.5602
14.7381
25.5007
36.2741
30.7088
33.8075
30.4391
36.5945
32.9586
32.0107
25.9641
34.9387
31.0742
26.2374
28.9212
20.8353
23.8804
30.0185
34.5821
22.8046
26.5351
31.4442
22.1441
25.0206
22.9949
21.1723
19.7443
16.8548
16.3593
15.1237
10.0029
1.74723
19.1409
-0.6434
3.80413
5.17808
9.10018
18.4613
17.9691
-0.363105
8.77967
7.06268
17.4264
16.4548
25.1831
15.6512
7.51678
22.44
18.7653
19.7721
20.2021
23.8049
21.4429
22.323
17.0868
19.1661
14.186
11.4925
16.6211
9.45217
12.6996
13.7837
11.3071
10.9802
4.60645
4.93218
17.3075
18.8359
12.4577
10.4778
12.7821
23.7363
25.8694
28.6082
16.1139
18.3078
17.7732
15.3342
10.5864
19.6059
16.9202
15.3258
11.5193
20.9077
19.5824
11.7591
21.1017
15.186
15.092
6.47446
10.98
14.8971
24.1853
13.5459
15.9799
17.3222
15.527
6.14445
15.4338
27.8885
2.87991
5.11723
8.91578
11.663
11.5581
9.99865
13.1316
18.8748
17.8515
19.0326
12.9451
20.7261
27.1395
13.9558
10.9826
9.69074
20.1236
27.2164
16.7665
26.1447
24.1284
17.1945
12.8977
19.5353
12.3027
16.3657
12.0539
17.5617
16.7923
13.4427
14.9077
18.1886
15.3271
13.2402
8.88364
16.1108
17.9873
12.0933
21.1095
11.2924
8.63378
22.0179
17.3556
9.95787
20.5505
4.97547
18.6919
16.2831
11.8937
17.3199
10.3796
16.474
17.0862
-2.93926
1.05135
17.8658
9.92195
17.367
6.44466
12.2223
13.9156
26.675
18.1443
18.9276
24.5768
32.0996
38.5873
37.6617
30.024
31.6347
25.8836
20.001
26.0004
32.7685
22.0938
21.2935
29.4139
27.1537
19.7022
17.0481
29.2016
33.4762
31.9247
19.0168
31.5692
10.2473
9.6934
9.00693
-0.173718
13.2721
10.7817
3.2881
-3.88572
-3.07392
-1.42023
3.81167
7.41886
10.6661
7.83746
28.1591
20.914
24.1605
21.5651
22.4141
17.1764
24.3949
20.0283
7.6825
9.43398
18.1677
12.883
20.5243
19.6179
21.5244
16.0789
12.3518
3.65755
14.9548
16.5934
19.2684
19.4507
25.456
34.655
24.7253
29.243
30.2447
33.2592
26.9818
35.7641
40.0291
27.347
24.7221
37.6863
35.5
25.9758
40.912
35.7936
23.8869
25.6905
20.3593
34.3613
20.3688
29.4307
41.7595
34.9781
33.8433
33.9
38.4408
33.8672
34.0813
27.0525
33.9493
33.9406
26.1799
25.9512
22.3473
22.2026
33.1414
34.1317
25.0272
30.073
32.5937
22.1625
25.2251
26.576
24.7654
20.5201
23.819
18.1296
15.7567
11.4358
3.08582
18.034
0.106782
4.54722
4.96659
10.0186
22.3904
22.3864
-0.209716
12.2824
11.1813
17.4386
17.6059
21.71
16.1021
18.6473
13.9963
17.1748
21.265
20.9418
26.6772
23.1191
23.7736
16.1254
20.6745
11.8158
14.6302
17.4492
7.78358
10.762
11.6514
17.522
2.93237
7.54046
10.8115
13.2368
8.57279
17.9464
9.19738
13.3805
25.6666
26.1281
21.7786
19.2259
20.1936
19.017
4.46929
20.2697
12.0502
15.6342
8.69034
11.4244
24.4827
22.1748
16.2133
18.058
11.9179
10.175
7.70182
12.9882
15.7436
17.8372
10.1917
16.5806
6.57411
0.476202
8.77309
13.4345
21.8411
-0.243804
7.48818
8.33436
15.993
8.07603
6.14482
12.5984
8.2392
20.1026
10.9266
16.9072
21.8807
26.3047
15.3772
13.7488
10.3882
16.949
23.8167
18.2066
23.9691
24.7899
18.8001
12.9156
14.4086
17.5489
19.6955
7.9604
23.3544
14.957
15.1747
20.5769
21.6431
13.0663
10.3962
19.8555
18.0783
19.0001
6.12796
9.9814
13.5076
2.43064
25.8373
10.9509
14.1284
28.2519
8.41209
19.669
23.8408
7.10832
14.0675
14.0944
17.0529
11.7181
-3.29689
6.28611
14.8786
13.7078
21.6243
-0.328852
13.0899
11.9172
23.1466
14.1981
21.8229
27.3637
35.2429
44.5719
44.5009
33.1805
29.7944
24.1945
19.4869
28.1895
41.2777
21.7562
21.0089
29.3873
26.7888
21.2445
19.8589
29.4485
33.3277
20.6809
23.9585
25.6333
6.23633
5.45958
8.29657
4.90193
9.63699
10.4348
6.24626
0.394826
2.16135
-0.176066
4.08573
6.87769
12.156
11.144
31.7649
19.8073
26.5672
24.9534
24.6279
10.3412
27.3145
13.2304
2.34812
7.76827
12.9072
12.4933
19.2149
25.2044
28.3968
17.6816
6.47249
-2.33497
18.3105
19.6828
23.1449
21.8305
32.4335
34.3646
28.1812
35.3042
33.9676
32.1551
23.4203
30.8882
36.5525
28.9922
24.236
34.6155
29.9882
27.7679
41.0067
36.1576
22.0322
28.0302
19.3552
30.6493
24.2182
28.2343
38.8244
33.2719
28.4099
34.2884
32.178
25.2103
28.4295
25.9765
26.0346
27.3478
20.7626
17.7175
19.9367
15.2692
30.1631
23.7592
21.78
23.404
25.3363
20.5015
20.2251
28.4938
25.6494
22.3958
23.0194
16.2638
7.92213
6.5037
2.87264
20.739
-1.21846
3.43647
3.40227
7.37788
20.6619
24.392
2.7253
14.342
14.0272
18.9303
20.5924
20.0761
17.1
22.6849
16.6635
17.801
20.2652
18.5078
26.3319
22.8164
27.3898
18.8353
25.8779
15.6342
15.6345
17.8584
6.91984
8.49907
5.12824
16.2338
0.237773
11.4109
16.3577
16.5312
0.025953
18.0374
6.53494
19.2268
23.1186
28.78
15.1908
18.7348
22.1134
20.1077
4.56524
26.3587
14.379
13.8729
8.6525
14.9197
25.5218
23.9914
18.731
17.2698
14.3092
6.85199
3.86319
17.379
24.9157
14.2972
11.2107
14.0599
7.73318
-4.90144
8.80905
11.4926
15.4004
2.95613
13.7956
8.42511
16.2834
12.4704
9.83584
12.1304
9.67364
23.2966
11.0493
21.1215
22.3018
21.0603
9.80184
17.4602
15.6163
21.1429
19.4741
24.4833
15.2119
16.6913
19.0943
20.2691
10.8055
19.2984
14.7415
1.81295
20.4431
6.92523
10.3745
19.3225
17.4603
10.2906
10.9955
23.5114
17.9128
17.8897
10.6446
13.5701
17.1782
2.59529
24.4939
8.44213
16.0525
27.3843
17.0168
21.9647
26.7324
11.4634
13.2693
19.2486
17.464
6.57332
-1.5331
13.4717
7.97868
12.7408
20.6509
5.82838
12.7144
12.9773
15.7669
7.41232
19.7172
27.3333
31.2938
46.1748
45.9452
35.4575
26.4952
30.1433
26.9671
30.8416
35.6278
23.7822
24.7537
23.3514
23.8051
27.5487
26.713
30.2541
30.7812
15.3255
29.3757
13.2143
6.73495
1.6696
0.136297
6.48723
5.43812
5.79263
5.16293
0.795586
4.90459
2.56863
4.92544
9.55613
8.6705
14.7994
34.7854
25.3625
27.2181
20.6517
24.5504
19.0313
28.3386
7.32738
2.22513
12.4909
6.88365
8.86337
18.7857
26.1445
27.8709
19.0472
4.6582
-0.986878
13.919
14.5328
23.0622
24.3154
40.1656
36.0803
34.6062
43.1211
36.9887
35.3009
23.3119
31.8932
31.7304
28.3696
28.1506
32.6561
21.8989
30.4627
32.2239
28.3242
21.0369
19.5119
25.6455
18.9731
23.0612
27.4645
32.656
32.4979
27.0451
34.2855
30.9642
27.5329
27.2389
30.3998
27.2637
26.2015
28.3848
18.6714
21.9834
25.2629
33.1505
24.1765
26.1585
30.3784
21.9207
22.4219
19.2614
18.7294
25.4598
15.3111
19.5387
15.8424
8.24493
0.838887
11.4715
2.85225
0.562488
-0.495792
4.64515
9.48295
11.5539
10.2836
5.48586
9.35096
15.9248
17.6338
23.5438
17.5576
15.7623
26.066
19.6722
16.0721
21.4112
24.5619
25.2456
22.9927
24.6138
18.9383
15.8819
11.1927
15.8835
18.715
14.5446
