9.6776
24.0807
14.9512
8.40525
2.11086
16.9934
3.54199
15.4418
14.9345
30.4248
9.95867
2.08421
7.48904
14.8836
8.32213
10.1405
15.2522
9.46885
10.4906
15.5752
6.34364
6.00769
17.0354
11.9335
13.5236
9.0747
7.06833
14.0944
16.9852
22.6028
4.69187
13.4466
20.0615
25.6408
12.3226
9.7634
16.1791
13.4736
15.5655
17.4967
22.7243
20.5438
9.88332
23.029
24.4591
12.1795
16.042
10.2789
16.3181
11.816
13.8231
22.2696
5.96876
18.4094
23.9375
16.0521
13.0222
22.8338
11.525
19.0627
17.0862
2.62627
15.501
10.4515
18.1517
19.1136
11.0629
7.64637
-1.74761
-1.70089
2.41164
8.84272
9.69976
25.5701
24.0428
21.027
15.5238
0.251517
-0.541654
-1.28132
8.38235
15.8491
15.5448
14.8436
14.124
10.8656
7.6654
3.87242
3.1212
-1.60812
0.780194
-0.574178
-1.98995
1.0758
2.18368
-5.83877
-1.88866
-1.34864
2.04959
-0.978004
3.32915
0.0134243
-4.0417
0.329683
2.69123
-2.39223
1.3696
0.226886
2.25464
1.47302
6.7755
6.42938
2.18661
3.59057
8.44179
4.32521
6.13579
1.898
3.60458
6.03706
-2.08509
-6.23647
-6.71951
-7.70669
-4.54926
-6.05892
-3.53296
-5.24338
-5.75945
-0.509663
6.33331
15.0963
16.9279
11.2635
10.8837
3.35528
1.78389
0.61923
-5.74802
-0.110844
-4.33861
-0.460175
1.44674
3.94786
10.1084
6.86198
12.555
14.2476
18.8823
8.26708
5.0624
-1.17362
-6.33081
-3.68745
2.86373
2.30538
-6.18873
-3.33879
0.100105
10.9609
8.0473
7.67648
9.47206
17.3305
23.798
22.7312
23.4521
27.8659
19.2362
21.9177
17.7616
14.9044
18.292
6.7723
10.2808
9.51824
12.3696
11.8781
17.0269
12.976
14.0921
13.859
14.7168
13.0695
12.6392
11.5354
14.7271
15.9419
13.5065
18.9436
21.3317
14.4147
13.8664
19.9964
22.3848
21.1679
18.6486
15.0077
17.4043
15.2252
21.5065
17.324
24.5357
27.2613
23.1405
24.705
24.7498
15.9387
13.4745
14.2394
12.4165
18.0466
12.9355
7.8095
1.85645
12.6601
-5.22533
19.2
7.74884
5.70804
1.79962
3.15247
10.9542
9.26071
8.32586
5.61984
4.55318
10.4561
8.27064
14.3927
18.4127
15.8287
10.1863
3.89215
6.65995
11.6852
13.9197
9.44024
2.09095
1.21156
2.89674
0.644893
-3.04143
-3.52669
-2.71446
7.27581
8.19534
6.67672
6.35687
8.36895
10.9666
6.50677
6.59433
7.59623
6.83412
9.0609
9.54297
7.63638
9.18617
12.1364
7.188
1.38546
14.4222
8.86921
9.52217
12.0093
8.32581
10.0036
9.33432
6.43169
4.02362
9.60908
8.33028
3.02394
4.78107
8.08135
13.1723
17.7082
10.3241
6.96656
11.658
17.3053
14.3525
21.4137
10.8804
12.795
12.6439
19.224
17.6741
16.2252
5.38423
10.0269
9.1335
11.3984
12.4689
7.66755
8.44803
2.54536
8.9687
4.0875
-0.546301
7.13864
7.02085
4.66844
-1.73748
-3.13609
8.51942
9.88518
13.8608
9.11552
10.2434
11.491
14.6002
27.3619
12.9377
15.1059
18.5242
25.3696
22.4567
28.8388
29.2471
31.7562
28.1827
16.2901
11.5624
22.2784
20.9902
22.0219
35.8117
3.63041
11.5919
9.99619
8.8885
5.24255
2.74662
2.25017
3.32619
2.47406
-5.58148
-3.9174
-4.43713
-2.11497
-8.05348
-0.759084
1.03349
-1.62006
-1.8546
6.9148
3.14035
4.64981
-5.20184
-3.43742
-7.13125
-4.92626
-12.8436
-10.2454
-15.0922
-13.9095
-10.518
-17.5356
-22.501
-10.5935
-7.63033
-9.93577
-8.30729
-2.3412
0.605581
-4.69867
0.375517
6.0873
-4.79518
-0.589106
-3.37405
-11.1724
-11.037
-10.2232
-10.2667
0.399501
-0.331191
0.584074
0.00197545
3.69916
13.3276
3.63205
6.3059
-0.148112
-1.28717
3.60028
3.44688
2.30175
5.53033
4.44179
-4.74754
7.80539
9.48704
5.92706
3.13641
3.87448
1.36242
2.14845
1.05582
7.43591
5.1612
7.7741
11.9057
6.20237
11.0738
7.6313
6.31813
8.96896
9.65152
4.19615
-1.28091
5.68784
1.0522
-4.08908
0.518119
6.44125
2.96456
13.3588
4.81795
6.16961
4.54332
4.43741
8.12563
3.66423
6.0877
4.3766
11.3091
8.73678
5.74207
-0.235724
7.05519
4.18432
-2.85501
0.679512
4.07456
5.04782
8.58204
4.27323
9.00278
10.2138
7.39752
1.53774
7.42781
6.35279
-1.23204
7.71169
4.52583
1.81786
1.61585
1.05892
2.9577
2.29719
-1.15592
2.68664
-1.71224
0.990905
5.38826
6.14993
4.58858
-1.26968
-0.361229
3.32896
-1.45199
1.85116
-2.04998
1.76864
5.04706
-8.32946
1.14188
6.64875
-1.11813
3.54628
-0.594888
0.756594
-3.05454
1.15669
-6.45045
-12.2
-4.24888
-4.39199
-5.68845
-9.57917
-12.7247
-9.78682
-6.88097
-12.517
-14.4896
-15.704
-9.82322
-0.0654206
-0.755609
-0.807506
4.60194
3.65723
-3.13575
-2.42171
-5.20729
-13.7756
-3.69469
-12.8212
-9.75978
-11.4281
-4.87467
3.71689
-9.69428
-8.52627
-9.31532
-2.98721
-9.97702
-8.08999
-4.36083
-6.80827
-1.80584
-0.450899
4.24636
2.28135
1.95728
1.73336
1.83619
-2.49448
-6.84679
-3.24754
-3.89821
-3.58875
0.401956
0.102044
1.23783
-4.34471
-5.14059
-4.05113
-12.7074
-10.0534
-6.84485
-8.40564
-9.49682
-4.44404
-7.08816
-3.98847
-0.57266
0.528867
4.64065
17.4293
25.8888
30.9473
13.7863
16.449
16.09
21.4983
20.6513
16.2039
13.1722
17.5934
25.3957
16.932
10.0246
22.0663
22.5618
10.4031
10.0056
-0.605201
10.6776
10.7197
15.6415
-0.400697
-1.16922
2.97296
4.11328
10.9519
8.14374
-1.86779
16.6561
-3.4584
-5.24976
0.133495
5.89843
0.81964
8.24215
8.46114
6.59047
9.07924
5.26593
7.57384
3.86859
6.54514
9.13612
12.5581
4.69988
4.46296
-1.21059
1.43155
1.746
1.48557
-3.41926
-0.770073
6.15953
2.53494
-1.67005
1.18795
-0.167115
5.66353
3.71147
-5.19131
-2.44564
-8.09477
-6.28814
-1.41121
2.05832
3.32002
-6.77894
-4.86134
-6.36889
2.28805
0.0669952
-7.15294
-0.952727
0.604445
0.29398
2.23178
3.92141
1.4188
4.77891
-0.152448
-3.65213
1.13794
5.55909
4.83035
4.85273
3.8229
2.73335
-5.16803
1.00352
5.71951
-2.89759
4.99895
16.93
3.33448
2.91864
6.87508
2.10827
-1.9129
17.1232
7.20121
23.2767
-8.37811
-2.82595
-1.81519
1.78068
-7.49589
-1.17141
-0.90443
-4.75164
-0.596145
1.55968
-3.63092
-0.599206
3.02306
0.694436
-2.43523
5.84379
4.21509
6.37487
11.8452
7.38033
7.58488
9.30794
9.51821
15.1324
11.2668
9.7665
10.2995
6.91788
6.87133
9.35696
10.1849
9.80701
12.2112
14.7879
9.20452
17.7462
18.601
11.5176
8.26247
8.20184
13.3145
15.9817
14.3602
16.1175
16.9956
10.9768
10.2623
12.1048
6.40251
3.92571
6.60132
0.993832
3.22507
9.1925
8.88613
3.61945
5.71685
3.34584
-0.195103
0.506341
3.41423
4.32953
10.7288
8.04959
11.5299
7.09513
9.44728
12.6338
8.70967
5.03014
6.75722
-3.52557
1.93611
3.15344
0.236628
3.50213
6.60597
1.54315
3.45118
3.83873
4.76
4.70245
4.94297
13.2037
7.0675
8.38833
1.25192
11.1113
13.5857
8.35589
11.6411
15.6752
14.5321
11.513
11.2075
17.0454
10.1303
18.074
15.1945
17.5774
21.9808
16.7896
17.2746
15.8453
7.93407
9.75826
10.8791
11.4534
24.4313
16.3395
27.7322
24.3908
24.5336
18.4848
26.4329
24.8318
21.7553
24.0383
20.5026
21.0913
26.4127
26.9717
24.2485
24.2685
23.1427
25.3144
25.2024
25.9878
14.8192
15.4929
11.7117
-5.40448
-11.3846
-8.28273
-5.13471
-6.01197
7.34264
1.77287
7.72509
3.91009
1.52029
-1.43869
3.955
5.90054
5.28967
4.56219
22.2185
10.0573
-0.265173
-7.00604
-4.95382
-3.00644
-2.51144
-2.22689
-2.24069
7.00532
-3.78062
1.86583
3.03695
10.5398
17.2532
13.4491
22.077
20.7308
15.5758
22.2922
24.8865
22.8654
28.1482
19.7366
12.2881
8.67353
9.66263
9.26799
10.3061
3.83102
8.17693
17.4934
26.0916
25.0951
23.7627
22.9134
17.5087
12.4015
21.2646
14.8549
16.5519
23.0552
24.6815
17.5262
9.6637
16.3385
14.5698
20.0855
19.3252
17.1387
14.8298
25.3727
30.1293
27.3017
24.5107
29.6557
24.7581
32.8139
24.0017
22.4322
13.7406
16.4003
11.5199
12.9153
17.1126
14.8069
14.2427
17.611
19.8781
19.8339
19.7917
15.6816
20.5057
24.1998
23.1794
26.2508
28.6197
24.5594
18.7992
16.8482
15.3752
18.7859
19.2171
27.5566
16.2201
20.0541
15.5915
12.9182
5.57544
12.8781
8.29933
9.10024
14.4159
17.7005
20.3849
17.5009
2.47031
10.8295
16.9266
18.5102
12.8186
10.5056
10.2721
15.1185
15.777
12.5169
15.6793
12.4712
9.84791
16.517
18.9477
14.664
16.5454
17.0649
21.6838
18.9839
14.8161
19.9153
19.1677
16.9628
16.1101
13.5367
15.9314
18.9829
16.1652
19.3544
15.1099
18.0436
11.1231
13.8788
17.8216
14.6391
15.8283
14.3013
10.1658
11.7535
10.4821
12.6231
15.4343
16.8495
20.7056
13.8745
10.9119
8.85301
11.7897
11.4462
20.1942
8.69506
10.2366
13.3174
10.245
18.6721
11.8375
15.6585
21.4569
15.6193
16.1627
23.208
19.9055
14.8709
9.76168
18.6812
14.5008
6.3515
16.1353
9.12432
12.9871
13.5422
13.1724
10.4304
16.8194
13.837
10.4283
15.9603
13.5135
11.674
14.9715
12.7561
8.30103
12.7685
14.7026
14.6461
