-46.182
-49.6505
-58.8026
-75.772
-73.7088
-72.9321
-72.2965
-72.9565
-72.732
-74.1523
-90.7841
-85.8158
-79.6733
-86.8435
-71.6906
-38.1072
4.50273
1.6994
3.07238
-2.2255
-4.36534
-6.07225
-2.71777
-0.714993
-3.0281
-7.86166
-8.10146
-10.6628
-0.102693
-2.95562
-1.61985
-1.90462
2.07151
3.48733
-2.11086
-2.74133
-2.95035
-0.188461
-1.45402
3.51232
-0.93973
-2.60088
1.9496
4.03697
-2.10437
6.06558
3.93372
7.78253
4.65177
1.03256
0.785549
0.838074
4.2034
7.08847
-1.27423
3.42203
0.979541
6.52805
4.60386
-2.20707
-1.53782
-1.93196
5.91668
8.58722
6.23632
7.24053
4.39561
1.95731
7.93667
7.59312
5.22414
8.03579
4.6887
1.07539
6.51297
8.55911
7.94954
8.15059
0.903634
6.42425
7.97538
3.19174
6.0298
5.51947
8.39127
10.1524
9.75005
12.491
7.78331
10.4744
6.55562
10.4702
0.134477
5.59587
10.284
0.352571
6.86126
3.48627
3.83378
1.23135
3.41489
0.716977
6.20974
-2.97994
-1.60873
9.71745
12.6397
8.70224
19.6991
15.0745
13.6172
17.6949
18.6107
8.95903
15.9053
11.0045
18.1629
18.2455
17.5206
14.5603
18.8772
10.9493
13.7923
12.3452
20.5541
14.8046
12.4551
15.2446
19.2877
24.3035
17.9361
15.1026
13.6951
10.9054
13.6459
15.7991
9.07274
8.70964
8.50035
14.2463
15.9813
12.8125
10.6733
8.30053
8.55973
5.36803
8.70541
7.72694
6.62968
7.54306
9.46925
8.68993
13.5192
12.5
11.1986
9.99338
8.06269
8.93851
5.99927
-0.5793
3.84296
2.61858
-4.92637
0.93425
-8.19123
-10.0204
-12.1993
-16.3403
-32.5444
-46.0745
-33.8236
-35.189
-56.3318
-33.5406
-48.2784
-41.1774
-36.8763
-31.3049
-22.6477
-26.5691
-18.7792
-22.1537
-21.7784
-17.7224
-13.8755
-13.912
-18.6798
-27.8766
-24.207
-20.9522
-19.1945
-15.4614
-18.5294
-21.5373
-25.7751
-24.4169
-22.6789
-13.7239
-25.3946
-25.3629
-29.3585
-34.4929
-30.9097
-32.122
-31.3945
-34.6644
-31.0385
-35.0557
-40.8725
-43.6705
-12.1987
-21.3438
-25.1249
