-292.217
-372.343
-377.539
-371.826
-356.237
-360.493
-358.994
-352.975
-359.222
-357.488
-336.655
-329.394
-321.084
-321.233
-340.343
-340.75
-334.218
-325.837
-326.763
-331.464
-309.282
-304.172
-316.229
-315.04
-311.97
-304.754
-304.054
-290.601
-297.984
-309.726
-288.998
-297.95
-290.094
-304.347
-289.922
-284.267
-281.967
-279.06
-271.046
-288.076
-281.026
-279.992
-268.572
-287.172
-290.668
-278.108
-286.79
-296.446
-284.439
-291
-291.843
-295.665
-284.076
-282.498
-295.361
-290.677
-294.118
-292.233
-291.967
-291.412
-287.147
-292.188
-294.428
-295.826
-305.795
-302.471
-305.11
-301.052
-298.728
-274.501
-142.091
-264.809
-317.28
-299.345
-315.522
-326.417
-333.188
-333.389
-334.586
-329.644
-325.339
-322.686
-322.698
-324.699
-317.967
-313.272
-314.99
-321.288
-319.708
-321.937
-317.705
-322.403
-326.246
-313.349
-306.511
-309.465
-308.727
-301.691
-300.415
-296.942
-288.608
-280.65
-280.665
-277.132
-272.122
-276.468
-273.871
-274.915
-275.381
-282.126
-286.26
-290.561
-295.501
-293.728
-280.517
-274.914
-266.798
-267.426
-263.269
-261.574
-263.116
-270.709
-267.539
-270.729
-274.713
-277.102
-274.061
-272.088
-277.956
-290.578
-315.594
-369.532
-387.781
-387.695
-381.217
-384.469
-384.771
-390.919
-394.446
-397.394
-393.668
-398.22
-395.942
-394.534
-393.608
-390.432
-392.741
-391.485
-398.717
-404.415
-411.226
-409.221
-412.246
-473.63
-524.479
-582.498
-654.552
-694.822
-420.421
-322.215
-330.732
-246.008
-238.653
-236.52
-227.385
-231.769
-234.099
-225.512
-224.302
-227.383
-217.198
-223.118
-218.699
-223.981
-216.039
-203.159
-197.681
-207.375
-206.341
-203.754
-195.369
-198.682
-195.452
-198.482
-205.247
-191.673
-183.653
-181.289
-186.997
-177.876
-177.23
-184.29
-186.024
-185.035
-190.655
-190.924
-193.592
-192.746
-188.129
-184.165
-173.207
-171.47
-173.09
-176.121
-178.125
-178.768
-173.609
-163.66
-165.363
-163.801
-155.52
-165.948
-64.1722
-358.458
-389.956
-391.739
-388.564
-397.294
-102.349
-181.739
-256.043
-229.426
-235.694
-216.702
-217.947
-229.526
-236.525
-245.549
-241.051
-251.432
-261.375
-273.853
-275.322
-301.292
-305.226
-126.611
-186.139
-196.905
-204.54
-229.594
-228.682
-223.482
-223.682
-221.051
-216.158
-213.868
-214.822
-210.239
-211.39
-212.107
-209.35
-213.997
-216.722
-215.154
-219.091
-220.476
-218.938
-220.235
-216.207
-218.115
-217.342
-219.158
-214.669
-218.056
-217.802
-208.485
-208.523
-222.119
-212.705
-217.543
-205.403
-202.144
-210.92
-228.161
-221.652
-228.454
-236.064
-222.862
-182.696
-305.759
-291.329
-290.736
-293.493
-304.728
-291.032
-276.379
-249.729
-229.6
-218.828
-210.036
-209.042
-203.134
-211.398
-207.627
-224.051
-229.098
-232.958
-234.041
-245.553
-258.041
-259.68
-268.117
-276.711
-286.723
-296.69
-314.915
-312.606
-312.036
-317.918
-327.079
-318.72
-336.641
-361.688
-421.457
-418.993
-406.353
-405.266
-403.407
-376.842
-378.08
-390.53
-373.559
-381.102
-365.169
-356.785
-384.674
-436.004
-460.333
-497.077
-545.686
-559.273
-447.544
-332.056
-330.074
-316.186
-312.466
-295.461
-303.194
-287.916
-281.453
-283.427
-275.159
-276.549
-268.654
-264.102
-271.443
-271.643
-269.782
-266.376
-259.892
-261.42
-252.103
-257.453
-254.195
-256.613
-245.21
-260.464
-271.815
-276.573
-300.408
-310.312
-323.151
-343.498
-376.986
-432.231
-523.809
-304.345
-346.861
-372.767
-388.672
-392.48
-364.923
-356.219
-361.619
-364.025
-367.202
-387.166
-386.215
-392.49
-398.925
-405.319
-325.016
-199.135
-281.056
-283.8
-271.745
-256.678
-253.107
-255.353
-231.931
-228.213
-246.57
-234.309
-214.431
-219.696
-228.224
-250.363
-244.189
-249.311
-265.853
-272.753
-242.263
-358.704
-257.201
-277.865
-321.966
-257.583
-240.197
-236.279
-251.617
-220.687
-236.629
-220.284
-214.944
-221.66
-249.013
-239.63
-287.393
-257.086
-286.472
-242.52
-252.22
-246.74
-268.012
-260.778
-251.654
-250.506
-255.1
-240.919
-223.939
-219.14
-201.554
-208.603
-222.428
-231.318
-235.366
-242.665
-206.752
-202.681
-210.899
-208.61
-222.715
-235.74
-233.521
-250.587
-240.355
-236.031
-248.651
-239.276
-231.047
-223.079
-219.397
-213.205
-204.659
-212.867
-238.576
-231.312
-266.173
-250.386
-247.422
-246.063
-250.812
-263.179
-250.128
-264.702
-277.918
-319.495
-350.992
-269.511
-316.804
-280.675
-275.534
-268.308
-281.787
-265.154
-266.128
-244.689
-271.799
-298.314
-304.337
-291.404
-278.107
-282.639
-264.975
-272.448
-271.496
-270.468
-278.027
-259.06
-274.47
-276.586
-275.705
-275.882
-267.057
-250.011
-234.712
-246.76
-276.051
-295.9
-246.425
-260.389
-264.699
-307.152
-246.387
-243.04
-229.919
-299.446
-216.258
-217.174
-220.171
-210.978
-212.011
-209.252
-218.684
-234.878
-224.776
-234.538
-229.376
-236.224
-234.282
-241.197
-239.475
-249.095
-248.637
-254.273
-239.016
-238.783
-236.963
-232.641
-220.904
-229.766
-221.917
-233.194
-217.277
-216.787
-210.285
-212.326
-224.285
-214.194
-206.193
-211.867
-218.637
-191.579
-298.716
-308.255
-295.764
-294.276
-311.863
-303.794
-289.951
-285.756
-283.936
-301.535
-215.061
-212.394
-273.721
-246.938
-219.878
-253.767
-246.498
-333.143
-236.047
-360.35
-355.634
-376.821
-386.521
-401.962
-409.532
-399.307
-408.386
-420.386
-418.623
-346.979
-345.234
-383.347
-367.944
-376.11
-397.966
-395.42
-406.361
-410.773
-398.041
-393.945
-392.329
-396.361
-396.792
-385.315
-376.907
-383.994
-384.319
-376.381
-372.176
-366.926
-366.704
-353.857
-354.976
-333.996
-329.361
-326.159
-311.157
-303.7
-305.723
-296.995
-293.967
-288.516
-305.677
-334.17
-356.588
-373.483
-394.468
-383.004
-397.818
-399.484
-415.253
-404.425
-405.809
-403.222
-395.584
-399.617
-408.872
-399.495
-403.914
-392.743
-390.229
-401.826
-395.62
-384.167
-386.069
-381.393
-372.048
-373.082
-357.488
-360.585
-366.533
-398.528
-419.51
-427.67
-445.561
-456.351
-455.815
-454.206
-448.734
-455.157
-463.278
-461.474
-350.992
-354.492
-321.823
-306.142
-278.493
-283.069
-273.291
-270.333
-260.558
-273.38
-268.933
-271.346
-279.914
-273.182
-282.827
-282.498
-282.082
-290.144
-291.953
-289.82
-292.261
-289.254
-282.415
-278.229
-272.758
-264.193
-260.215
-259.324
-255.955
-257.562
-254.972
-253.093
-253.073
-251.718
-248.88
-247.868
-241.403
-239.981
-236.293
-236.47
-232.325
-230.533
-234.088
-241.729
-234.787
-232.49
-231.209
-231.949
-234.063
-235.699
-232.502
-240.576
-235.473
-234.93
-230.32
-235.969
-235.477
-230.64
-230.851
-229.71
-228.746
-225.602
-225.986
-213.298
-213.855
-212.072
-211.725
-205.377
-209.441
-194.574
-199.388
-206.635
-196.509
-197.984
-200.292
-199.245
-190.408
-191.778
-190.951
-194.089
-191.227
-182.179
-179.792
-181.952
-174.618
-169.886
-173.463
-170.666
-168.394
-172.569
-165.898
-163.78
-159.586
-158.954
-154.358
-153.488
-154.075
-152.888
-149.599
-150.4
-142.618
-136.448
-137.514
-127.3
-128.706
-127.615
-115.445
-116.402
-128.473
-96.8205
-212.284
-220.913
-215.55
-222.487
-232.306
-243.897
-249.972
-255.857
-255.229
-257.185
-256.34
-260.954
-286.608
-339.733
-359.096
-362.936
-369.102
-387.499
-407.719
-431.09
-97.5722
-243.884
-297.12
-293.213
-284.675
-280.005
-103.286
-181.686
-212.871
-222.959
-231.531
-226.093
-230.213
-224.534
-227.336
-228.04
-214.25
-188.777
-178.708
-175.671
-166.947
-166.733
-170.303
-179.71
-173.258
-185.376
-182.379
-183.189
-195.606
-215.72
-217.92
-233.699
-251.727
-242.409
-242.491
-238.437
-243.803
-247.655
-250.588
-234.315
-234.767
-231.473
-226.864
-223.604
-227.677
-232.245
-227.028
-219.601
-225.914
-219.382
-208.265
-216.792
-213.847
-211.024
-211.027
-211.874
-204.504
-213.374
-208.512
-210.767
-209.738
-196.168
-206.23
-200.953
-208.108
-198.189
-209.671
-203.924
-204.165
-207.719
-204.426
-200.647
-196.631
-203.882
-190.879
-201.932
-187.016
-185.701
-183.614
-190.365
-193.834
-194.49
-185.949
-191.342
-213.403
-213.216
-213.879
-204.892
-210.413
-198.921
-182.59
-194.298
-186.491
-196.13
-192.298
-186.951
-178.596
-186.549
-199.794
-212.028
-195.604
-203.209
-199.802
-195.032
-192.631
-190.271
-195.638
-199.036
-200.745
-185.724
-196.905
-201.834
-216.073
-218.486
-222.243
-224.454
-226.044
-225.914
-229.036
-218.113
-217.529
-212.41
-199.836
-200.315
-196.865
-197.511
-190.902
-187.152
-182.862
-179.888
-177.125
-172.006
-169.731
-166.969
-165.605
-169.765
-177.353
-173.446
-164.496
-164.958
-166.851
-166.442
-169.71
-156.74
-156.979
-161.156
-156.011
-162.079
-160.918
-154.902
-173.001
-164.022
-162.504
-174.154
-168.561
-172.501
-161.716
-171.625
-163.722
-157.663
-154.412
-146.056
-143.987
-139.474
-147.559
-157.931
-165.667
-173.12
-147.512
-161.618
-166.021
-172.077
-174.276
-164.985
-168.771
-171.041
-171.839
-175.127
-159.055
-164.315
-157.834
-152.36
-151.489
-153.575
-153.67
-154.865
-166.194
-167.472
-175.609
-175.805
-168.812
-158.447
-161.261
-147.044
-145.596
-140.867
-142.02
-113.518
