59.7507
64.787
66.099
60.4524
59.9469
61.9003
55.2274
55.7745
54.3373
53.2074
54.3815
63.5762
58.6691
64.7622
58.4183
54.8622
50.4868
59.3938
39.0406
32.5168
59.9465
61.4105
85.3683
76.3072
80.1077
80.6002
85.0012
73.691
69.4497
58.6224
56.4422
64.1272
64.906
55.4486
58.1575
59.205
72.9492
57.5924
57.81
57.1321
55.7057
58.5404
57.5775
59.3333
62.5821
57.7751
60.2939
57.0688
51.1857
49.5379
41.1319
42.4789
48.4544
47.7786
45.6542
40.4962
38.7664
42.3575
38.6021
41.7575
40.2669
40.2704
24.0156
28.0017
23.7492
32.8282
35.9644
36.7061
39.3958
33.9766
39.7261
38.6942
38.6453
36.5344
36.5783
36.5194
42.3148
48.6303
48.1662
45.4748
56.9623
58.6186
57.7101
57.5841
43.9505
40.4757
63.585
52.7838
51.4642
56.4718
63.8177
59.2525
51.3017
60.8743
69.8965
62.7686
55.5066
42.9921
28.3447
31.3601
32.7889
32.4514
35.4886
36.1536
46.8946
44.7465
46.5736
41.7465
43.4124
30.8767
30.8122
29.5473
27.3279
23.3638
27.3347
22.5205
28.7048
31.4162
27.2851
29.3611
34.498
31.3694
28.6483
31.4445
35.1281
45.4428
44.2094
45.4
52.736
57.2256
63.3397
64.1669
60.2818
64.3158
55.9637
58.2853
54.9961
52.1734
48.4489
55.2368
56.5194
49.7944
61.4974
55.9452
55.1265
59.17
50.9934
47.9348
57.5581
63.6921
61.2055
62.0316
57.6014
42.754
44.7306
44.2745
42.0718
36.8027
37.5857
34.6251
42.391
32.2969
36.7548
41.4478
33.791
42.5537
35.6446
33.04
40.0693
36.3503
43.1221
32.1969
36.7556
33.8206
37.8384
29.7135
32.4303
29.1434
34.7284
35.5956
29.0048
27.7535
33.9265
38.6716
42.8871
28.5809
33.6054
28.4766
35.6091
32.9018
30.711
32.7208
41.5486
37.2053
32.2525
39.3894
30.5132
36.4362
31.9592
33.8336
33.9059
37.5539
41.0682
40.5636
31.3093
43.4387
39.1053
37.5103
32.9983
31.7746
34.189
36.1213
26.3749
28.1832
29.5753
28.3095
36.4684
32.1663
40.9849
33.7619
25.9461
37.4653
40.4821
35.4523
35.6444
34.6553
33.01
45.5623
40.3138
41.622
34.981
50.5527
47.9459
53.763
64.2767
60.5855
51.472
38.2121
36.8989
36.5918
36.0932
37.3471
32.6967
26.941
25.6605
29.2856
20.3737
20.5138
17.8455
19.6239
17.2908
19.0617
24.0811
23.7093
19.8712
19.9869
14.6139
24.8559
14.4163
9.91494
14.0491
3.82879
23.7397
58.6874
50.129
58.4852
57.0934
45.2696
48.225
39.9348
50.745
50.738
57.7286
58.8378
58.3387
54.4146
55.9593
50.4342
49.5824
48.1344
48.2342
49.6326
47.2928
45.4294
50.1562
49.5375
47.1453
44.6178
50.042
48.7526
52.4963
51.8101
57.9428
54.0865
50.2182
49.0635
49.7028
47.908
48.9302
45.2984
53.13
51.6401
45.7366
51.9366
48.1457
51.0531
54.0417
48.6561
45.9299
50.4629
50.5299
44.1176
48.1818
44.6182
48.011
52.8337
47.8495
52.1331
46.3927
49.0165
53.2299
48.8775
43.9523
46.4253
46.206
55.2912
50.9001
54.8871
51.9679
55.5932
47.4782
50.2514
50.1615
45.7605
45.1806
38.7025
43.3071
37.2023
43.3698
49.8108
46.2705
49.8155
57.513
50.71
49.7662
41.8207
52.4617
49.8674
63.1483
70.0465
62.6658
51.8876
58.4572
52.527
64.155
63.0228
60.7825
55.6957
43.3664
60.5251
55.8774
63.8218
58.2454
59.1631
63.9457
59.5066
57.413
61.2124
60.371
55.6141
63.5337
69.034
67.2854
62.3725
61.4391
63.4137
60.9529
63.0419
68.0523
61.4691
64.3286
54.0108
57.4207
46.4155
62.9865
59.1384
67.8899
64.0687
61.0978
73.8142
75.1781
70.5078
70.4427
71.8213
70.0629
67.5839
60.4429
71.6445
65.9773
63.3839
60.357
58.404
64.1913
64.3907
58.4434
59.7267
62.0438
65.969
63.14
67.8429
67.0451
66.805
63.4208
63.7403
60.0536
59.8773
57.4978
51.2715
59.927
65.1408
54.0129
59.6023
68.5549
67.554
61.2957
59.5161
51.2623
50.7025
67.7823
63.4354
57.3879
57.2655
57.3178
51.6625
44.5034
53.5938
41.7087
44.7244
59.4628
55.0809
52.5417
54.9658
44.3297
41.9965
50.4785
46.5548
46.8627
48.3245
58.6773
72.8394
52.5171
34.1952
34.704
29.5257
28.8442
34.2972
37.459
31.6053
35.5633
26.2017
30.0128
33.7207
30.0025
30.0429
29.0766
32.8711
33.2511
33.4055
32.0883
30.6043
24.4229
28.7877
24.7824
18.9081
27.9941
27.0759
30.0542
31.8197
28.4101
41.8086
43.3334
50.0393
50.3374
42.9557
58.1605
65.7046
64.9881
63.5023
