-28.4034
-41.949
-45.3443
-27.8392
-27.9176
-31.2045
-24.2777
-28.233
-29.5771
-22.6979
-16.5358
-24.5283
-26.3618
-19.9723
-20.169
-21.5829
-16.6084
-24.5809
-19.0242
-35.1125
-26.5741
-33.5282
-41.1921
-26.6747
-38.9026
-37.6684
-37.4701
-28.6851
-17.772
-17.0185
-18.8858
-22.2748
-19.8564
-29.0172
-28.8712
-20.8331
-25.1496
-26.7551
-21.1261
-21.5843
-25.5202
-20.7831
-27.1839
-25.2613
-38.7826
-23.0049
-15.7097
-24.856
-35.8677
-41.629
-36.5789
-29.0293
-36.9087
-35.4027
-29.9702
-31.36
-36.5812
-28.2927
-43.7342
-42.3653
-42.8538
-39.2321
-35.4366
-37.5171
-34.2905
-32.8914
-33.6977
-39.0237
-35.4154
-34.3046
-41.5256
-35.8702
-31.8667
-40.3598
-34.8117
-30.5463
-31.7302
-40.68
-41.8737
-44.5505
-39.04
-41.3229
-41.0369
-41.1055
-45.2966
-46.2185
-47.5959
-43.6607
-42.1027
-43.9643
-44.1769
-44.7583
-46.4309
-38.7903
-40.3502
-44.6072
-40.3251
-42.6517
-38.3007
-40.3444
-36.1364
-34.2035
-35.7685
-40.3755
-41.7843
-41.2456
-42.1021
-48.0265
-45.5011
-45.7148
-43.7916
-42.8332
-48.6345
-40.9819
-39.1756
-37.1414
-27.8742
-16.4156
-13.9885
-13.8214
-19.2043
-14.7741
-19.6938
-17.1361
-16.5545
-18.6417
-30.2154
-31.623
-32.1673
-31.2782
-32.6083
-28.645
-30.335
-31.4892
-28.1752
-35.6018
-26.0873
-31.6463
-31.118
-28.8906
-30.4212
-37.1286
-35.5188
-26.5218
-35.8348
-23.0727
-36.5834
-39.1965
-26.6989
-25.5937
-22.3911
-28.6683
-31.9688
-27.2824
-30.2203
-18.0835
-28.0777
-23.4216
-21.0998
-32.527
-31.4743
-24.6014
-24.2614
-23.397
-28.5407
-31.4052
-24.3242
-25.0367
-33.886
-36.6893
-36.0324
-22.0257
-16.9686
-32.5929
-25.0071
-34.9641
-33.4644
-33.2904
-13.6517
-23.6525
-13.3983
-21.5416
-21.1188
-23.6195
-28.643
-33.8495
-21.8282
-36.1399
-42.0815
-38.2184
-24.051
-30.6398
-31.2596
-25.9313
-29.3424
-24.8834
-26.088
-26.9613
-23.03
-29.0236
-25.0313
-26.3518
-26.1235
-28.3883
-18.9993
-33.4037
-27.2243
-24.2801
-34.908
-27.3086
-27.4223
-30.0352
-29.5768
