-118.213
-78.0217
-77.2289
-78.3857
-81.9907
-77.4501
-85.6744
-78.9301
-82.654
-84.3898
-87.4021
-94.1699
-90.5423
-101.38
-93.779
-98.6165
-108.661
-106.508
-111.537
-106.586
-104.85
-104.885
-106.888
-90.3927
-97.9132
-99.3899
-125.41
-129.611
-138.887
-137.368
-139.553
-136.037
-131.313
-132.376
-139.92
-138.02
-122.132
-93.7639
-99.3722
-107.059
-101.082
-99.3803
-100.731
-94.4348
-106.647
-111.036
-108.602
-88.4576
-98.8061
-92.2158
-83.9595
-96.037
-96.8744
-92.2086
-93.7259
-103.837
-101.918
-105.182
-108.399
-118.94
-96.3577
-116.073
-102.011
-99.4984
-99.6164
-100.437
-89.3279
-81.2212
-86.373
-91.2927
-88.5784
-95.2839
-78.8935
-96.5025
-91.8352
-91.8456
-88.9718
-85.5348
-94.5571
-99.872
-86.7835
-80.4823
-78.1597
-90.1722
-88.0207
-88.6294
-86.492
-99.0824
-93.4185
-101.128
-104.234
-105.236
-100.018
-107.122
-92.7738
-96.3896
-94.0807
-86.6932
-91.5667
-95.4521
-85.8275
-80.4127
-80.6081
-87.3027
-86.3659
-81.7549
-63.1386
-60.7628
-66.0409
-71.4427
-68.3694
-71.4862
-71.8944
-93.5444
-112.509
-121.536
-120.456
-113.621
-126.476
-136.152
-139.162
-138.465
-132.422
-134.849
-118.532
-114.096
-114.325
-115.31
-123.925
-123.893
-113.659
-107.177
-123.018
-130.635
-125.062
-137.459
-134.529
-144.739
-139.273
-138.502
-137.987
-137.436
-151.161
-140.261
-162.004
-149.762
-143.699
-144.081
-136.692
-138.516
-141.408
-132.615
-127.674
-129.293
-125.982
-120.195
-124.734
-135.504
-135.291
-129.309
-125.974
-127.731
-126.569
-116.393
-123.42
-122.944
-128.518
-117.06
-125.594
-122.687
-115.71
-111.247
-118.453
-111.394
-125.631
-113.061
-118.942
-124.949
-107.757
-110.138
-110.067
-116.298
-104.372
-107.015
-118.417
-138.706
-125.288
-113.728
-111.023
-119.072
-124.116
-128.535
-112.273
-125.479
-122.866
-119.32
-125.149
-121.432
-125.908
-118.336
-117.483
-113.182
-111.788
-119.094
-113.982
-112.277
-118.427
-120.908
-108.949
-107.657
-110.907
-105.368
-116.945
