97.4538
91.2417
110.906
107.871
97.7775
109.69
98.8787
121.665
112.417
120.338
120.026
105.314
114.344
114.567
102.586
113.194
99.9552
94.0996
98.6405
96.4959
101.536
115.617
103.374
96.645
96.5708
106.008
93.5419
90.2022
94.3491
91.1716
101.014
101.189
110.071
107.968
115.347
102.892
99.5911
109.108
100.372
96.529
94.1159
103.241
100.053
100.342
80.7057
87.154
90.2228
96.3921
83.9889
89.4765
100.486
91.9641
93.3533
90.5869
95.084
95.7139
97.7688
94.0393
100.803
90.1441
98.5507
99.4642
98.3786
85.361
83.5343
90.947
92.1302
95.2422
97.4337
85.3262
95.3311
95.9997
102.625
107.329
84.3247
87.8924
99.8511
101.731
94.803
96.794
100.174
90.3905
82.9101
108.494
93.1563
88.9024
83.8704
87.7969
101.102
100.698
98.1168
84.9285
90.4095
97.0687
88.7532
105.396
90.9482
100.378
94.6303
103.352
103.791
99.4552
90.7636
90.2572
86.3508
93.4087
81.9867
98.7816
95.7524
100.865
100.039
97.6443
94.3484
91.7834
92.3725
101.489
72.3987
105.674
94.4712
98.5609
97.69
85.0232
93.5423
101.203
92.1245
93.075
100.415
88.5096
95.5463
88.6721
96.644
87.6206
87.151
94.8084
90.3689
90.354
105.368
97.9236
95.2299
113.421
107.83
96.5956
108.848
94.5596
121.492
122.087
116.598
120.083
109.46
118.298
116.169
108.932
109.772
99.3943
93.4269
100.802
94.9336
101.797
113.109
105.663
96.5664
96.3378
111.656
101.995
91.6123
91.5853
91.1816
101.29
101.64
107.724
104.055
105.054
101.951
91.7686
109.847
99.6376
82.9733
95.7707
101.718
98.4728
98.7649
82.5766
91.923
97.2488
94.3265
88.7534
88.7286
94.7228
98.4923
91.0487
91.8477
92.1392
96.4184
100.101
94.923
95.4069
81.2169
105.709
100.131
95.7933
76.4177
86.9415
96.886
94.8444
97.2418
93.5833
90.8057
99.5068
96.2709
105.772
99.7666
83.2201
90.0702
102.356
92.8316
102.344
99.6332
91.8707
93.6966
84.2678
99.8764
96.9739
95.2221
85.4168
95.5041
98.4955
93.7177
96.6002
85.5037
91.5081
99.0879
92.3303
100.29
92.8651
98.1208
96.2552
101.577
106.757
89.5185
95.0001
89.5392
84.4389
93.6846
90.1511
94.8812
94.584
100.595
97.225
95.0013
92.8594
100.863
87.5378
97.8514
87.3307
106.356
86.7948
100.045
92.8777
85.6503
93.6781
98.5805
91.3146
95.7883
97.4514
89.8152
92.4952
87.0831
99.4779
83.1358
91.4421
99.3739
89.6737
100.948
99.3581
88.5042
95.3848
107.387
108.884
97.8459
100.013
103.961
116.832
125.43
118.088
116.75
108.63
116.878
115.193
114.294
105.774
94.3926
94.9403
100.554
99.0126
96.5733
107.524
107.096
99.9054
101.314
107.027
101.144
97.7691
91.6446
90.3047
99.5657
107.926
106.112
103.578
103.793
104.803
96.1284
107.982
96.8199
84.8041
98.1544
98.7764
97.817
96.7177
87.8071
89.7675
97.7688
95.4325
94.7126
97.3718
94.2681
102.456
91.9068
94.1325
84.2346
92.4054
94.0157
99.0058
101.306
86.0882
108.7
102.997
97.326
75.8077
95.0396
103.461
99.1349
100.003
94.7373
99.8207
97.3645
97.5574
105.54
92.4809
88.4876
95.1503
101.101
86.6344
101.472
99.2267
84.6006
94.635
88.2237
95.6009
94.0731
92.6208
82.305
97.391
94.2913
100.71
91.9266
85.2615
91.3046
95.7348
94.7806
91.1954
96.0327
92.9526
96.4464
100.203
107.203
89.0406
98.4375
89.1996
84.4386
91.3448
99.6306
93.6199
94.8749
98.2266
94.0975
92.3141
94.2787
102.769
92.786
88.6335
96.8215
103.301
91.43
102.668
82.9059
