-19.1887
-20.1077
-16.5683
-4.06632
-3.14659
-18.589
-24.7389
-26.5853
-13.5255
-17.8142
-18.8825
-28.0239
-37.6154
-38.6881
-31.1812
-34.3847
-32.2838
-23.5657
-21.7932
-24.0611
-20.7472
-15.6525
-9.64068
-5.84749
-5.43827
-11.509
-13.4912
-12.6802
-20.2529
-24.4657
-25.4364
-28.5937
-23.7009
-25.9094
-29.5002
-31.1342
-41.1702
-36.5708
-33.0353
-40.4752
-31.06
-32.1458
-32.7005
-28.4489
-23.4637
-28.4595
-26.1349
-28.5132
-28.1298
-32.2788
-29.2348
-31.8585
-27.461
-29.9602
-42.7331
-34.2807
-34.3715
-35.2141
-31.2243
-33.9924
-29.927
-31.9585
-29.8469
-31.8624
-20.2744
-25.4547
-23.3342
-24.8863
-22.8215
-29.681
-30.0327
-29.9408
-24.2138
-27.5172
-19.0756
-19.808
-15.5322
-10.1501
-14.0398
-13.0018
-16.1263
-14.8901
-13.6293
-12.17
-11.1798
-8.74806
-20.5483
-14.8498
-13.2167
-6.5533
-9.60796
-3.84036
-7.64587
-9.1914
-9.81117
-10.8451
-11.0586
-11.249
-20.6842
-11.6477
-10.3161
-13.8399
-15.0267
-17.4377
-13.4975
-14.2654
0.734669
1.01652
4.30335
-14.5567
-21.4058
-25.4356
-28.7871
-29.7278
-15.8292
-7.67017
-8.48638
-5.96095
-14.2763
-9.91311
-3.6919
-1.14556
-9.84113
-10.5222
-19.0516
-17.0284
-6.63938
3.53093
-3.09308
4.24605
9.40346
1.45207
7.15289
8.29038
9.07039
16.3341
12.0853
14.66
10.4615
8.92752
5.90957
4.53299
4.34012
2.2277
5.51076
6.78797
7.31924
6.83043
2.65104
0.156054
7.26679
4.56621
3.60819
1.70712
7.38626
6.60915
2.70981
3.44083
5.79731
6.51385
4.99258
4.03126
8.30256
7.47833
2.39918
10.5081
10.1583
9.15206
8.99589
5.96932
6.18576
2.90242
4.53349
4.95419
3.89032
-0.555879
-0.485784
2.24528
2.66292
2.15834
2.34528
-2.80998
2.2658
3.91283
-1.93658
-2.37031
2.07359
7.36732
2.25089
7.19394
7.55146
2.18845
4.62215
4.94075
0.601761
5.15207
3.15931
-0.403662
-7.21271
-12.2244
-13.071
-17.2122
-14.0987
-15.3901
-14.8409
-11.798
-12.1391
-13.233
-18.2256
-17.1479
-22.0517
-21.3216
-20.1137
-18.2356
-22.6997
-21.4252
-22.5346
-21.9287
-17.9823
-17.4078
-20.4398
-16.0047
-20.4669
-20.1022
-19.6591
-20.128
-14.621
-16.7879
-18.0885
-17.5227
-16.044
-18.7285
-16.7603
-19.9284
-15.6147
-18.8484
-17.2086
-12.8759
-16.4549
-11.1638
-16.409
-14.3707
-15.6465
-23.6201
-17.7434
-18.2031
-19.3509
-21.3137
-22.9394
-21.4188
-18.4002
-24.2222
-23.9978
-15.9676
-13.337
-6.38571
-7.9045
-5.41059
-14.8499
-24.0785
-21.5554
-14.2637
-13.3936
-10.1663
-12.2487
-12.4738
-13.0883
-16.369
-13.2658
-11.5057
3.48311
6.40962
8.1793
15.2872
10.4333
5.95043
7.86908
8.65889
13.937
9.81086
9.93396
11.9526
13.7985
6.93432
7.81784
6.99031
11.428
17.754
15.118
13.2738
12.672
10.6079
14.3815
9.22133
15.0942
11.9633
11.0109
9.86534
5.59453
3.69649
14.5279
5.66247
8.90392
8.71045
13.3178
3.81368
11.231
12.9941
15.4304
10.3211
12.0329
15.8287
11.9528
9.05132
5.33555
8.94823
11.9872
10.541
2.89477
5.29382
7.52494
3.18007
1.70954
9.61107
9.14953
8.10451
7.8656
6.70722
2.03384
13.9842
9.24465
6.88343
-0.283053
5.46964
1.43599
7.65886
7.03867
6.37965
10.0702
6.26319
4.04359
3.69306
6.81024
8.33488
8.83657
10.0104
3.66114
0.395333
1.32515
0.492895
-3.73516
-3.62022
2.75425
-0.859959
2.25544
-11.6067
1.06499
-8.92232
-3.11543
-7.53391
-10.2975
-6.85673
-17.995
-18.8468
-10.6623
-11.7673
-9.03213
-3.6246
-6.88966
-11.7747
-12.2621
-13.0446
-13.5902
-17.9687
-18.4105
-19.4006
-19.0224
-14.1454
-19.1622
-20.7875
-17.9582
-20.3471
-16.5502
-15.363
-15.2932
-11.5982
-15.8648
-12.6508
-17.0413
-19.3443
-22.3505
-23.9813
-20.2949
-20.9299
-19.1546
-16.1651
-23.0494
-13.7001
9.89073
23.2729
18.7879
18.4065
15.8404
10.9905
15.6281
18.0994
16.9185
9.56507
20.8764
10.5045
12.3251
8.8157
10.2873
11.53
15.4953
18.5789
17.7005
15.3499
13.0517
13.982
12.1464
7.56793
15.9164
16.3463
13.1759
13.0247
10.246
-0.0399019
-13.0876
-25.1532
-37.2903
-44.4937
-36.3284
-13.1692
-7.834
-10.3227
-10.1536
-15.1427
-11.162
-12.5565
-13.6974
-2.59492
-8.4176
-12.8424
-15.9146
1.31352
-1.80026
-4.13472
-5.39338
-6.11509
-12.2264
-16.0514
-10.8475
-10.4826
-12.327
-13.3993
-9.52934
-9.7233
-8.54866
-12.8238
-8.39816
-14.6595
-7.97495
-26.2207
-13.0116
-17.2643
-7.89263
-17.5976
-7.19688
-9.75994
-19.02
-20.7282
-11.788
-15.1902
-1.85798
-10.7022
-17.4985
-17.5424
-8.12074
-9.11844
-21.1764
-15.3868
-23.8037
-7.69367
-22.4855
-20.2431
-30.9083
-12.0437
-22.7695
-8.17829
-14.8186
-6.90154
-2.90095
-2.68473
-4.48007
-1.49903
-1.7245
-7.54339
-2.90469
-14.482
-22.0714
-21.1225
-39.9135
-27.2749
-19.8786
-19.9528
-15.0867
-14.7022
-7.09666
-2.85548
-1.5222
-2.18822
-5.07229
-4.25708
7.74261
-14.1248
2.64186
1.27154
2.18578
0.168399
-1.91972
-2.36644
-10.4895
-10.4166
9.0106
0.497293
4.50115
-0.241063
9.76888
5.17442
10.5707
3.0415
13.072
7.55502
9.53357
2.11246
1.0958
8.19366
7.13783
4.38142
7.99937
4.99656
8.81047
13.16
9.54871
9.46344
8.94338
10.6835
8.60591
9.74815
7.91208
8.34931
10.8052
13.4417
3.75384
6.01468
-0.202696
7.22719
3.459
4.34063
12.3334
9.4048
9.1419
4.28876
6.40508
14.8278
10.086
3.3389
6.26381
7.40711
11.4872
14.739
19.3858
12.8637
7.85717
5.28972
9.74199
4.59751
-9.24208
-16.4341
-12.259
-16.463
-21.4919
-20.6911
-22.2389
-23.6647
-16.5817
-13.0944
-18.3363
-11.0869
-19.4812
-10.2132
-7.3669
-7.53447
-5.95086
-3.31607
-4.05794
-4.00811
-2.88817
-5.24644
-8.61048
-7.11605
-1.22828
-0.319597
-7.48774
-3.71286
-5.68766
-6.51845
-4.2829
-6.60098
-5.37587
-1.34627
2.16096
6.6595
2.90859
-1.41693
-1.90639
0.965378
1.16084
-1.4792
0.37643
0.110749
1.58688
2.26476
-1.62079
-1.02815
0.934168
0.199762
0.987356
0.998739
4.00969
6.5817
3.19833
7.82521
10.4451
3.62314
7.64584
10.0837
2.23359
1.11118
6.81379
7.99494
8.59541
5.43089
3.34301
5.58989
8.64704
4.64228
4.36785
5.26544
7.8921
5.93226
11.9869
7.87266
10.4298
8.85777
4.33286
10.0195
7.71405
10.5804
5.98152
5.33989
6.26852
9.63283
6.48019
9.15488
7.50377
7.07022
9.69088
9.55226
13.4399
7.80695
6.88312
7.37576
12.6791
7.8173
7.13706
6.90151
5.96993
8.24182
3.6994
2.33788
4.09265
5.38338
5.29946
-1.66574
-1.75505
-11.4714
-8.40849
-5.66772
-9.70366
-6.88597
-10.0401
-14.5865
-8.84448
-12.5153
-15.5019
-19.7999
-21.0983
-21.6813
-18.3716
-22.4634
-13.2658
-16.2851
-21.6286
-21.6554
-8.47243
-0.550227
5.48573
-10.0646
-5.80564
6.77942
4.6276
11.7103
9.80355
5.61485
-4.43654
-7.86826
-5.5283
-9.94328
-5.66086
3.75933
8.20687
14.0298
8.65627
6.22906
6.293
11.7134
11.0961
12.1762
15.6631
14.7775
16.3567
13.2514
14.586
18.6482
14.4518
13.2275
10.9831
7.82015
0.943916
-12.3592
-10.1786
-7.96826
-8.58773
-14.1982
-11.411
-16.8149
-13.4495
-20.2378
-21.0175
-9.73965
-21.3252
-21.3761
-17.1842
-17.0564
-17.4806
-19.565
-14.3363
-15.3648
-14.0193
-14.6214
-12.1565
-12.4462
-14.1007
-16.4089
-13.5111
-15.4511
-13.351
-14.417
-15.7516
-17.1615
-14.7847
-16.7853
-19.7897
-14.7482
-14.9902
-14.1969
-12.3081
-14.1314
-11.7647
-10.8855
-17.3246
-18.5738
-14.3225
-16.1714
-14.465
-15.6395
-16.8423
-14.1889
-16.105
-16.5941
-11.8699
-12.4413
-11.3658
-10.8222
-9.01093
-9.20234
-10.9594
-8.71688
-7.65651
-10.6813
-10.9561
-13.4174
-13.8144
-15.5927
-15.6654
-17.0158
-16.5191
-14.8828
-12.2494
-12.0388
-23.8792
-11.8999
-27.3765
-29.9494
-29.9095
-30.3754
-32.7967
-37.6742
-43.583
-40.5831
-39.8552
-36.5289
-32.8345
-28.7355
-32.3809
-39.1438
-43.5156
-49.8703
-40.5867
-35.3185
-31.5353
-27.6826
-32.8441
-36.6312
-38.4821
-38.0046
-40.7273
-39.707
-37.8439
-38.9473
-42.2189
-44.7461
-47.0175
-43.857
-38.9135
-36.3788
-37.1292
-40.6762
-38.8738
-39.3139
-40.5057
-39.8996
-42.7843
-43.5146
-49.202
-49.2755
-47.782
-44.9381
-37.6547
-34.6507
-40.5532
-48.3008
-48.3871
-43.8817
-34.0811
-37.9046
-36.6061
-40.8477
-39.9403
-42.4617
-46.721
-46.8764
-40.0045
-35.633
-37.3129
-35.8876
-40.2556
-46.4184
-39.554
-37.4994
-34.9636
-38.6802
-41.1078
-43.989
-42.1011
-44.2601
-42.8338
-50.4023
-53.0569
-54.747
-47.1686
-50.0621
-43.4845
-45.1304
-39.9893
-35.8582
-42.5213
-38.7977
-38.7249
-40.635
-47.818
-58.5236
-45.5848
-43.1944
-43.2244
-39.686
-45.3127
-54.3264
-51.8702
-42.3918
-42.9737
-42.7467
-43.9708
-43.1435
-40.6183
-38.9071
-48.0543
-46.7868
-50.579
-46.3552
-43.574
-36.7729
-36.3171
-36.8546
-37.042
-38.2792
-30.993
-7.62328
-13.3869
-17.5212
-21.1677
-30.6407
-19.0537
-13.6804
-12.4808
-9.51478
-10.5151
-18.1526
-22.6595
-15.8077
-19.6635
-4.06523
-4.82583
-7.87991
-9.93042
-8.82454
-4.01964
-9.90077
-4.47483
-6.41009
-5.98008
-5.35171
-4.03919
-10.5569
-8.85548
-8.77703
-6.12497
-2.08469
-6.68311
-4.70633
-9.49585
-9.93579
-9.67538
-10.3444
-11.6701
-14.6707
-17.1379
-21.2594
-23.5144
-20.3459
-17.1289
-9.91186
-8.69771
3.01399
-3.27431
0.857017
3.75134
4.16592
2.48089
1.43441
-3.33797
-2.46421
0.985747
0.39212
5.1246
2.84458
4.04787
-2.36909
4.51387
-1.95266
6.35432
5.07355
5.21812
5.40848
4.19022
8.65335
6.6982
3.20302
-0.715355
2.7291
6.69492
-1.31896
-0.537426
-4.22739
-3.13205
-3.6055
-0.887142
-0.966502
-3.76768
0.234534
4.6949
5.9248
2.91942
3.98972
0.903353
5.07334
3.26394
6.52101
7.12153
5.14555
5.52234
1.60944
4.58148
0.176199
-1.84281
0.0309693
2.62943
5.77212
-1.188
-3.69793
-5.74186
0.600042
-6.01355
-3.96225
-4.85818
-3.31846
-7.28765
-5.87549
-3.06264
-0.322169
-2.16169
-3.77685
-3.04559
-2.57041
-9.79049
-15.2466
-17.6072
-13.9777
-22.6728
-15.7009
-16.5389
-23.9904
-14.3987
-25.3141
-22.8156
-24.3563
-24.708
-25.079
-25.5341
-20.9683
-27.9127
-27.7642
-25.7696
-21.0224
-27.5965
-23.0404
-20.0589
-17.2706
-19.8097
-20.3324
-14.9059
-14.973
-19.617
-12.0654
-12.0377
-11.5372
-12.6816
-18.3216
-11.2552
-12.9377
-12.4072
-12.4686
-9.43475
-13.3581
-9.49661
-9.27899
-10.8615
-11.2055
-15.2749
-11.4821
-13.141
-12.6693
-13.1742
-16.8394
-13.1796
-16.6757
-14.2559
-1.97159
