-10.7975
-12.0917
2.30061
10.9028
7.67634
9.9833
20.0307
12.9991
19.5808
21.9143
11.1729
19.7007
11.2443
-14.4088
-3.61339
1.20115
-8.81275
-7.64657
6.82845
-5.64642
-3.46787
-11.1245
-15.1887
-7.42079
8.26382
14.5286
4.60598
4.45337
14.5948
5.35735
3.57263
-8.029
-6.00178
1.81059
-15.6935
-5.28625
-5.84163
-12.7467
-23.1437
-31.3969
-25.4244
-29.0413
-20.9755
-25.3193
-21.9319
-22.1921
-13.3066
-19.2709
-18.917
-7.43698
0.166506
-16.6689
4.1755
-3.5505
2.60361
-10.8375
-0.760287
0.95708
8.62745
4.95893
8.59027
7.73914
21.9346
21.6508
14.291
15.6094
10.8798
14.7559
6.99817
19.7744
3.96523
9.99695
5.85244
9.45087
13.8134
11.4692
26.0303
24.7408
10.4187
13.145
7.46582
11.5992
5.01618
15.0263
14.3751
20.9632
23.807
21.0784
27.3814
8.55244
9.92947
11.5328
17.8542
16.5859
19.5365
22.5769
25.182
24.0441
19.5449
17.1598
22.8496
28.6844
22.1099
22.0624
17.1537
-1.27401
-1.52272
-11.982
-4.42154
-8.60466
-11.2584
-7.82929
-3.24446
-1.47665
16.2061
18.3085
6.39486
4.77274
3.79816
1.05052
-5.82367
-14.4957
-3.26833
0.190328
3.04002
-3.55571
1.29443
-3.72189
-7.97728
-10.4116
-6.49847
-1.88941
-8.63878
-14.267
-8.83072
-13.3438
-5.2957
-1.78257
-0.796035
-13.7166
-16.0382
-3.89666
-22.8555
-19.8677
-15.436
-27.8683
-12.2033
-16.7054
-26.1603
-29.426
-18.0764
-18.2549
-4.84272
-15.2266
-6.31002
-20.3065
-2.85976
4.9547
-12.5953
-15.5638
2.44606
-2.9408
-4.45589
-3.38412
-7.15989
2.97615
-3.79106
-5.34223
-7.17847
17.135
8.5248
-2.65092
0.263166
7.99548
2.60247
-19.8306
-4.23516
4.8815
-11.6062
4.92009
-8.21031
5.86167
-5.15199
3.9589
2.12448
-9.59975
4.77601
2.27344
6.37828
-2.23392
12.3686
6.89698
-0.276414
0.426182
5.06219
13.4699
5.39717
0.157824
-14.7439
-15.1878
2.03729
-9.74971
-10.8731
7.03397
-5.76633
9.36975
2.64846
-8.13024
-2.14414
-13.0299
-10.1456
-3.26684
7.43364
