59.1638
67.0719
60.778
64.3635
65.8126
64.3045
60.9562
69.0452
58.8721
67.0606
60.2131
61.0655
64.4978
43.7393
59.8195
57.5505
57.432
53.7006
52.6881
57.6294
49.6573
52.9861
47.3938
44.9179
38.7935
46.6219
46.0765
47.7238
50.4382
48.1483
51.1056
51.7006
53.1643
65.4516
43.6708
48.9979
45.8105
60.5574
52.6933
52.9884
54.6465
56.269
55.5524
52.1493
52.9212
52.9871
54.0582
54.3105
46.6648
50.1507
56.514
61.3671
57.4014
47.1211
60.78
53.2746
52.936
48.5138
57.9252
46.745
50.9487
43.8524
52.8882
41.2004
46.8649
44.5976
30.4043
48.11
49.5007
64.1575
69.9362
58.8154
64.0736
62.71
61.7665
61.1796
65.626
62.1242
60.583
60.4915
63.3506
67.4335
70.7391
71.022
70.0718
69.4106
70.2401
63.8243
64.9074
60.7022
59.8848
64.6419
60.2157
61.9971
64.4523
62.4045
66.6723
67.2973
65.0447
65.182
68.9283
68.1397
68.0181
70.626
71.034
67.0615
68.8112
70.613
69.8837
69.3939
64.9627
67.2844
61.1526
67.7056
68.009
59.9139
62.7137
53.8723
53.6572
56.4047
53.409
50.6504
55.3897
57.1791
63.1877
66.9636
72.3432
73.6959
75.2231
76.4234
74.4771
70.6288
68.3523
67.795
68.214
66.67
67.6246
64.5371
63.3082
66.5295
68.851
71.1806
69.9972
69.3387
70.5472
67.6183
68.6191
62.32
64.0756
58.7456
60.1435
57.38
60.4827
56.7821
58.0722
55.6567
65.9686
54.355
56.5152
58.8588
58.5765
59.6917
60.3469
57.0872
59.7685
61.1195
56.1172
57.7327
55.595
49.1882
35.4863
43.0512
45.4407
44.8277
50.9838
45.8601
48.9728
46.7253
49.6166
48.4577
48.4701
46.5926
49.2527
50.7034
47.6679
48.0942
48.1551
51.8279
46.4192
50.9064
52.2728
49.8102
51.84
51.3242
49.4052
49.0249
48.4061
46.8221
44.6172
42.8468
49.9321
53.8633
49.2293
50.4789
52.8508
52.7557
53.18
53.6716
54.9273
56.7687
57.3066
56.4386
55.4988
62.2777
61.8959
62.9045
63.2168
71.0282
64.845
69.6927
65.8025
75.2786
77.8243
69.5361
62.7359
65.5466
70.144
70.8796
67.9406
66.5869
70.9689
77.6006
70.9432
73.1937
58.723
57.4068
56.8123
61.2774
62.7868
58.7955
51.7339
54.8174
56.9446
60.8743
56.859
64.9535
67.9053
67.6594
67.9501
69.3999
69.2353
66.1904
66.023
64.7698
67.89
65.8604
66.2733
69.0032
71.2691
67.7179
66.9822
67.6019
68.1172
71.0795
65.7489
73.3988
67.2361
71.0736
68.9138
61.1307
65.6461
68.4161
69.7697
71.0683
70.3839
72.7672
55.8082
68.7602
65.1369
70.8794
53.3781
49.4135
52.246
45.3037
48.0725
54.6082
50.6629
58.5953
58.5015
57.8122
53.2351
48.4864
46.9007
47.9548
50.2987
49.8023
48.433
46.6505
51.2449
52.8708
55.5015
59.2344
54.0043
53.528
48.5256
52.9267
46.5895
48.9312
48.0369
48.862
48.6687
61.5211
58.8817
56.8827
53.0232
57.6537
61.7735
53.5001
60.0371
56.0566
53.4878
52.0171
50.2081
53.1133
59.4059
52.4901
54.0665
46.5301
47.8342
48.8385
54.4832
65.3651
52.7631
50.2224
58.7069
56.9852
60.3097
65.2007
62.0955
59.8562
61.4939
57.4478
56.1411
59.6297
60.0823
57.8096
59.7543
59.3149
56.0147
52.9572
51.7591
54.3407
50.9718
54.0288
49.9914
48.5199
49.6757
47.0814
47.1232
40.8017
38.9588
39.558
42.2753
44.1696
47.1856
51.1963
63.148
46.8022
55.6881
54.9441
59.4692
59.8219
53.6262
45.9515
45.1579
44.6676
51.7712
48.0395
48.7433
51.5016
48.4106
55.2452
64.263
60.3732
58.6315
55.1542
57.7487
56.6456
62.6161
62.9111
66.5178
66.899
64.8584
65.647
61.7522
56.433
53.3406
57.2677
50.5467
61.4903
58.8775
63.3407
63.3151
57.4288
61.0121
66.5293
56.7379
64.7463
61.0414
61.1667
58.8707
64.9853
64.3569
60.401
60.5667
61.0348
55.6162
62.6734
68.5878
61.1254
58.0622
58.1318
58.1139
54.32
55.8898
56.3137
61.5357
58.1261
61.4912
66.1834
65.4127
61.3487
61.1261
57.5823
57.5924
61.0792
61.9589
64.4249
59.4609
62.5753
67.6195
58.2682
58.5205
59.6161
60.4745
57.1684
58.0002
62.8987
59.4076
60.449
64.281
62.5275
59.4897
61.7759
61.141
65.0733
59.9405
61.6378
60.8385
60.125
63.0172
60.3088
54.3859
57.022
63.237
61.0055
64.0135
55.5657
62.4257
56.0391
60.65
63.6557
55.313
59.1455
60.1465
63.1215
63.008
53.5958
55.8149
57.5142
59.4831
61.0372
60.6012
56.614
66.3899
58.8072
58.1492
57.9432
59.9136
59.3067
61.8521
60.5298
59.1848
62.3372
60.816
59.176
63.5621
55.8045
60.6469
60.8902
63.1673
56.8261
64.4227
59.227
61.0475
64.5679
66.7749
64.5629
64.6171
63.4326
60.6686
64.2234
61.9845
64.9229
66.1995
64.8872
60.6988
64.6467
61.8954
66.239
65.0135
60.26
61.1491
61.3079
56.7898
66.0007
62.0472
58.9331
64.5238
61.8629
62.0491
61.5768
66.1718
62.1372
60.7245
58.8488
58.1842
60.6324
62.4508
63.6618
60.2851
60.9442
61.1267
56.4567
63.2619
66.8006
60.0889
52.4695
56.185
56.7085
58.0162
56.8086
46.7659
56.7017
48.1929
51.8428
45.2098
49.6513
51.5831
56.7933
58.41
60.8964
58.8714
62.9596
48.2884
60.2268
74.0251
60.9699
60.594
65.5936
67.4912
71.7306
74.6129
63.131
74.1422
52.3478
62.9885
69.9222
66.4802
61.9362
72.4996
70.739
63.2369
59.5824
62.2423
66.0038
68.0604
64.2635
66.093
61.9308
64.5902
56.9937
62.6332
65.2738
61.3455
54.3305
64.7293
66.1757
70.9116
68.6245
66.9155
67.5376
55.6371
57.5305
50.2426
49.0367
54.5603
50.6507
51.7487
59.3225
64.1597
62.516
52.2328
61.1156
52.992
54.8545
52.4984
48.9756
60.567
55.3692
53.5397
59.8558
61.7292
62.7625
53.6078
62.592
64.2631
58.5622
66.7505
66.1811
70.5389
71.3756
73.2105
64.0259
69.6802
72.6419
63.0851
61.171
60.2359
69.5715
60.4364
63.566
61.2882
62.44
57.9009
54.9075
67.0949
62.1237
81.8259
72.1166
88.9597
77.4291
85.186
79.7113
82.8523
79.3323
81.6671
87.7593
89.3779
85.4778
83.3587
80.2883
85.241
85.3215
82.5672
84.1453
82.5896
75.8963
76.6237
78.9051
81.1163
82.5573
80.5877
80.512
81.4535
77.7473
79.8463
85.1586
85.1664
79.5986
90.3593
83.9863
85.6844
84.3675
86.5716
87.5027
82.3647
84.6187
87.4671
86.0287
79.992
81.058
82.0217
79.7459
77.0985
83.9658
80.7787
81.3705
84.7652
86.7484
84.6028
88.9924
88.2825
87.0368
83.0133
88.3996
81.9165
83.9257
82.4652
83.7864
78.339
78.0075
78.9603
80.9804
74.7295
79.4672
80.3936
79.3662
80.076
76.3848
80.9542
79.4409
75.2036
81.6782
79.8259
81.5434
83.8832
78.0103
87.947
83.0824
85.7949
80.6015
84.0667
84.3981
82.5839
84.085
83.0274
86.1348
84.0164
86.8627
84.6156
81.2789
81.8705
79.0412
81.2339
81.7461
80.7417
81.4934
79.3569
77.4207
79.6958
75.5138
74.1546
78.8756
66.7101
59.2734
61.1977
61.7084
61.0689
64.1064
62.3742
60.3195
57.8264
54.7351
48.2221
52.3284
57.6838
53.2303
49.1663
52.5579
53.2911
55.5884
50.3775
55.2393
45.5935
66.7667
75.5915
93.2991
77.2282
78.1762
83.1569
61.854
57.5617
54.4646
54.7108
57.7568
54.5693
52.9143
55.7377
58.9569
58.4985
55.9544
54.6924
56.9163
50.14
53.2577
50.8266
51.0855
51.2006
53.4665
50.0044
56.9269
53.1162
54.287
55.2523
62.1993
58.431
58.2415
68.4488
61.6521
68.6476
69.3048
65.1776
62.3048
58.4018
56.6298
56.2037
51.2366
53.7356
59.1667
58.4565
53.4423
51.8365
59.2564
57.1313
66.9815
61.2738
64.3084
64.1965
63.906
65.2776
64.2633
55.1605
56.0318
57.0823
53.7729
56.6582
57.5488
50.5113
51.7312
50.8272
44.3862
47.523
50.8471
49.2863
55.0385
49.029
39.897
50.5282
51.618
53.9194
45.6704
44.1439
43.035
44.5522
45.2824
46.01
48.3997
46.1289
48.3581
50.8313
38.1094
47.1074
40.6741
52.1909
49.5945
44.353
41.5804
47.2944
46.3414
47.4363
45.5046
44.0466
45.263
43.7213
50.7384
44.678
41.9491
57.5667
63.0183
62.358
61.7684
54.4392
59.1527
66.5813
66.1855
58.4277
53.0517
61.0278
68.5172
61.6452
57.9352
60.0155
66.8751
67.1844
65.242
64.5829
64.9268
64.1085
63.9193
61.4371
63.6338
68.0493
63.5105
64.3911
65.1768
63.5245
63.1061
70.8526
64.0244
67.0611
64.6955
60.5706
57.4347
63.1585
61.9236
63.1902
56.6412
58.5496
61.7824
65.773
62.8033
60.7348
64.7767
61.4157
67.2638
62.6777
49.7238
53.265
57.4609
60.5612
56.9321
55.5549
56.4604
57.1874
55.0622
55.8435
63.2206
60.1253
60.0442
55.6106
60.6309
57.41
59.236
64.6077
50.7298
54.2893
52.0354
57.2981
57.3188
62.4132
59.8297
64.5842
64.4791
58.5299
63.474
67.3635
61.0188
67.1526
66.2608
57.4986
63.3488
60.4996
58.2546
67.8037
60.803
62.4701
66.5475
64.5179
57.8378
65.5238
61.5431
60.1025
