119.827
104.001
104.335
104.03
103.693
107.661
103.605
103.747
112.206
112.579
112.619
106.895
112.541
112.401
117.569
113.129
107.525
108.322
105.664
120.65
106.947
115.549
108.06
104.716
104.18
107.974
112.966
121.893
120.303
118.382
124.085
119.263
124.365
121.616
125.303
125.822
125.517
125.077
107.481
108.857
124.873
115.944
124.999
122.795
113.116
114.065
113.114
113.933
108.596
112.784
114.414
111.006
109.105
117.381
114.793
112.939
121.859
125.34
110.614
111.42
113.51
112.677
115.727
112.176
112.686
119.465
117.442
124.429
119.745
111.887
113.887
121.915
118.684
119.769
110.801
112.034
109.868
115.804
118.666
112.431
116.8
115.901
119.227
121.967
120.239
127.35
119.972
122.855
120.472
122.415
121.817
122.151
125.378
118.667
124.463
128.597
126.451
123.483
122.244
126.089
118.852
127.043
124.122
127.333
121.256
117.27
120.05
121.794
109.925
119.135
123.533
123.264
126.434
120.419
126.591
126.791
129.893
121.872
116.611
117.196
119.247
122.091
130
124.59
127.733
122.607
129.706
128.474
134.742
131.456
131.874
130.458
130.564
128.663
132.638
132.083
127.471
131.579
130.91
125.369
131.749
125.685
124.761
122.852
122.671
133.604
131.299
125.114
121.034
121.06
105.457
106.695
114.719
111.016
101.349
107.533
115.638
108.65
112.345
101.847
104.923
108.301
115.02
107.663
99.7173
102.961
111.349
104.468
101.451
107.855
104.878
106.41
105.878
90.9337
105.653
101.512
108.864
109.018
107.583
96.8246
101.16
104.169
100.765
101.933
94.5497
102.004
100.772
99.5457
108.047
118.023
109.836
108.007
111.362
108.817
106.817
99.2439
96.8473
109.977
114.58
98.2445
97.2313
96.292
109.263
112.059
107.827
90.2855
106.489
107.15
113.141
116.309
105.644
103.051
97.4296
