-138.79
-111.404
-111.812
-106.488
-110.02
-104.531
-107.171
-106.084
-107.135
-95.8382
-99.7405
-110.262
-114.357
-113.799
-119.577
-144.622
-165.622
-159.977
-152.561
-148.377
-159.759
-144.307
-144.674
-150.905
-152.393
-153.567
-158.467
-152.27
-149.495
-152.027
-152.929
-153.982
-153.382
-153.79
-151.629
-153.326
-152.012
-146.562
-140.204
-154.039
-147.553
-155.167
-141.864
-143.616
-146.994
-144.518
-141.683
-143.17
-145.046
-142.755
-138.215
-140.336
-145.913
-144.044
-139.715
-141.441
-147.056
-140.559
-136.275
-142.189
-147.39
-133.099
-144.015
-142.009
-141.651
-140.708
-138.907
-143.55
-139.305
-136.422
-137.018
-132.721
-133.852
-144.232
-137.965
-135.201
-142.861
-142.736
-134.755
-137.455
-139.2
-138.972
-140.331
-133.549
-138.63
-133.806
-132.652
-131.548
-132.418
-131.159
-140.128
-132.037
-142.99
-138.177
-142.733
-138.67
-141.812
-141.13
-131.223
-139.29
-136.036
-145.161
-147.916
-151.925
-153.786
-158.106
-160.913
-147.018
-148.855
-144.599
-147.733
-147.164
-144.34
-159.541
-148.146
-143.766
-139.724
-145.154
-142.544
-153.761
-145.157
-155.896
-149.321
-154.228
-155.658
-151.522
-148.759
-134.84
-142.627
-146.422
-142.403
-148.087
-144.655
-148.798
-151.884
-145.884
-152.964
-151.364
-148.767
-154.652
-138.195
-138.521
-145.174
-145.285
-148.616
-152.534
-152.665
-152.161
-147.242
-154.447
-151.266
-149.957
-151.179
-148.932
-153.327
-153.335
-151.274
-152.252
-153.748
-162.343
-164.382
-163.294
-163.032
-147.101
-158.194
-145.929
-153.689
-137.033
-118.797
-110.985
-110.988
-129.015
-128.995
-143.831
-129.487
-88.4636
-73.0133
-65.3108
-51.8654
-60.8981
-58.5969
-58.6438
-63.0336
-73.8462
-74.5388
-68.5031
-61.6784
-56.3805
-55.3889
-60.0897
-56.7529
-66.564
-60.5741
-56.7024
-54.4226
-57.1418
-56.6734
-67.5037
-69.2695
-59.8932
-55.6925
-61.5286
-52.6629
-54.4021
-53.9408
-56.3837
-66.4141
-62.9148
-75.4624
-105.924
-126.343
-104.979
-96.969
