-28.1375
-23.1507
-31.1343
-28.3693
-29.9068
-30.9527
-34.8819
-39.9269
-35.4947
-47.1858
-37.547
-33.8568
-31.0181
-29.6379
-19.1065
-10.3309
-16.7653
-9.27067
-4.1712
-27.2251
-25.1619
-36.0923
-34.8291
-37.7201
-28.7242
-26.9976
-16.4488
-12.4912
-2.93482
-3.17836
-7.03249
-12.1667
-9.92777
-13.0251
-6.90548
-8.3672
-12.0472
-2.99198
-7.79634
-13.2382
-26.3872
-32.7379
-39.1113
-39.4202
-49.5558
-34.0203
-29.1608
-17.4737
-22.6276
-16.9513
-25.8412
-37.335
-28.7974
-43.9918
-34.4034
-31.5282
-15.8091
-17.9837
-12.8281
-27.2595
-27.5478
-34.3075
-28.5477
-38.0685
-29.0418
-29.4725
-36.5646
-28.191
-40.7118
-37.576
-43.6942
-35.402
-39.7503
-35.8909
-35.9556
-36.5043
-40.6391
-32.8255
-35.2264
-26.9095
-31.8957
-27.8592
-30.3353
-33.8529
-33.8188
-37.9289
-42.7757
-34.3245
-42.4852
-32.0571
-34.3642
-31.9281
-36.8428
-32.7962
-30.8305
-36.4278
-33.0545
-31.8354
-25.966
-24.6963
-27.4351
-22.702
-29.0371
-23.256
-23.5295
-28.3025
-18.4408
-20.2226
-18.1277
-11.5997
-19.0298
-21.4112
-22.7347
-25.2746
-17.5214
-22.5844
-25.668
-24.1071
-23.2205
-25.1124
-28.6486
-20.4853
-19.8063
-31.6565
-29.9131
-26.3911
-33.477
-28.8443
-29.8807
-30.3012
-30.3325
-41.0503
-33.9736
-32.1576
-30.4089
-27.4743
-27.3734
-43.2691
-32.0286
-34.8807
-32.1253
-25.5655
-29.8823
-24.3831
-30.1091
-32.2615
-24.4441
-28.9533
-28.6628
-33.7336
-25.8712
-12.4752
-15.6577
-14.7413
-27.5421
-12.7481
-7.84099
-10.5952
-13.4142
-16.636
-9.55195
-5.57589
-15.6954
-7.12772
-18.4316
-2.28414
-2.28076
-14.5947
-19.9601
-6.43835
-6.85026
-15.5545
0.146376
-7.5227
-9.0727
-27.3204
-21.8088
-12.154
-23.4736
-4.25076
-14.8094
-8.25571
-12.1459
0.0542219
-23.2387
-4.73776
-18.7556
2.54542
-10.722
-8.89405
-9.47651
-8.88444
-1.42443
-1.03488
-11.9556
-8.16804
-8.44757
-9.88911
-12.8994
-10.5322
-1.5734
-29.5358
3.76575
-7.56923
-7.6247
-12.5415
-2.40945
-20.194
-11.6054
-10.0796
-10.483
-0.709518
-9.54412
