51.7639
41.6017
64.0708
59.2596
37.471
40.4506
34.3487
40.8547
39.2494
31.6073
25.4746
25.4503
29.5
35.0041
28.7555
28.6691
27.6799
27.2998
28.4889
28.633
24.9764
29.5537
37.7886
33.5093
34.5937
26.6838
28.2056
31.419
35.8497
42.9315
42.9683
35.1001
38.3995
38.5821
58.4081
61.7324
66.6289
71.4074
66.7792
71.0734
79.26
84.9256
82.1373
80.956
85.0117
68.9033
72.1662
67.3062
76.188
59.6761
60.6449
64.4018
68.1435
75.9198
82.3806
77.8945
68.0391
73.9221
71.2888
69.6547
70.0252
62.324
61.3939
66.8976
70.6518
64.6378
64.6899
62.5495
71.9801
74.4368
73.5309
77.5857
70.5701
73.5321
60.9287
56.4528
59.629
59.5819
65.938
57.9482
66.7577
62.8345
67.5207
59.8023
56.986
56.2275
56.2468
57.1041
61.607
55.4808
57.426
53.2002
61.5926
64.9781
63.7961
60.3948
67.6772
60.7178
74.651
62.4189
83.0165
78.8733
68.4546
65.8185
44.9437
45.0787
37.0958
43.8142
31.8737
27.0886
34.4337
29.1091
21.6743
22.9073
24.6178
25.5328
23.5992
32.0373
26.3771
33.3485
19.0795
29.5672
26.6084
33.4855
33.3801
30.3238
32.5362
28.0272
32.5589
40.6845
33.3004
31.7729
38.432
31.9851
31.3388
34.1978
38.9476
32.5586
31.0885
27.8862
32.7079
34.632
29.1141
29.1989
32.5218
35.0442
31.2848
28.1755
30.4363
33.6003
32.4431
21.6691
28.0066
31.7294
29.7926
33.2185
31.4244
28.3126
29.5519
36.3991
38.9585
38.7356
34.2403
32.751
34.2399
30.432
32.9044
29.9316
32.7168
28.7643
30.2359
32.1856
20.4068
35.1416
32.6294
26.9731
32.4896
31.6665
36.7944
31.8466
35.3921
37.1349
39.4638
42.9898
36.5095
34.7508
45.3904
36.0406
41.1492
39.188
41.5546
49.0683
44.6217
37.948
43.0506
55.4499
42.9022
39.3769
37.7135
46.2083
47.7851
37.9904
42.3858
46.0953
43.8302
33.7631
55.3329
51.7725
58.6411
53.208
51.9143
45.2999
54.4397
45.645
38.9265
56.9753
35.6286
32.0159
32.7488
45.0104
44.9415
40.4912
33.6131
27.6198
29.6822
24.6738
25.6074
27.0172
32.2357
37.476
36.1521
19.7079
28.9134
24.2132
31.6547
27.9684
30.7984
32.945
38.3427
34.7172
31.4364
34.6191
33.2862
28.7062
36.0121
35.5895
38.5076
35.2109
28.6875
31.7341
27.6544
27.7506
25.901
30.4696
27.7052
33.8305
32.2828
31.9263
34.6167
32.1331
32.3444
33.9943
35.8624
27.6548
32.2947
29.7691
31.135
36.7132
32.074
32.1539
29.7943
29.3773
25.8019
36.5916
47.8201
62.3553
50.3058
48.6524
30.0497
28.26
21.6338
25.4417
28.9174
39.7794
41.0001
43.8568
33.898
34.3052
30.2708
25.8683
32.5835
36.1265
39.917
42.3388
41.7628
39.2639
35.2099
37.3808
38.8806
40.391
46.1264
39.2509
39.4918
40.9462
42.2033
43.4361
40.0442
40.5657
37.611
31.4304
34.4282
39.4657
41.0656
41.0656
43.1265
42.2521
36.9693
38.9616
41.2227
45.8763
40.0777
42.2342
44.2566
32.5149
32.8836
36.8635
38.805
38.2691
38.6397
36.4666
39.9571
36.9603
36.4643
34.5577
28.3505
31.6894
35.6702
34.4979
40.5116
35.8423
41.0978
36.5291
32.0289
29.6236
31.3894
24.4681
30.3473
29.7516
30.301
30.0809
25.1462
26.6038
32.1386
38.459
34.7695
37.8548
39.819
39.2472
37.3262
39.369
34.5152
37.0725
30.8331
35.3655
35.175
35.1683
35.4195
39.0103
33.2451
39.098
41.5299
36.895
40.8966
38.3858
41.7452
37.6038
41.3984
36.5986
38.5606
38.3045
37.4502
35.714
45.9644
41.6
45.272
43.5641
47.9572
44.7878
45.6301
47.7862
52.7517
64.3684
68.4383
71.3929
68.3795
