64.567
67.134
68.6182
68.2037
77.1675
80.8066
82.1635
79.5725
85.4652
82.3256
78.0669
71.7467
71.1441
74.6022
74.2828
71.0526
52.5303
52.2066
58.6539
66.4369
63.9189
61.1693
62.064
59.2137
58.3136
58.6848
55.8519
55.5552
56.9104
60.6742
57.8437
57.4788
61.3404
57.7629
56.951
59.3321
59.5257
57.478
57.3675
64.6413
58.7652
54.886
60.219
61.5778
59.0828
59.7934
62.1433
64.3128
56.5269
54.9472
55.7373
56.5452
56.6237
58.6817
52.0509
54.4369
58.4331
53.588
54.5537
53.411
55.4786
56.9416
58.6426
62.6742
59.2903
57.2573
55.9612
59.7316
51.9193
47.5522
40.3472
46.939
42.2856
49.087
50.6379
51.7063
54.6848
49.3882
50.9042
59.7111
60.277
51.6916
52.5395
49.8355
51.8388
50.3332
47.1114
54.3875
47.7666
47.8708
47.9129
49.7948
47.723
52.567
52.2628
47.5035
50.5743
55.606
52.0309
57.4334
58.5588
61.2728
69.3437
76.2365
83.1765
92.7154
84.7769
89.462
89.2239
86.165
84.8148
84.6915
87.515
85.9495
80.5506
80.4924
79.5693
76.815
83.2508
73.5693
76.7765
77.8022
83.9747
86.7199
95.676
85.9591
83.8994
87.3959
87.9231
88.3525
86.0702
77.1743
82.7887
82.0965
82.7357
82.8704
80.3273
81.613
76.0001
82.6359
86.4451
86.9494
79.0923
80.6294
75.9043
72.8254
75.9244
78.8849
76.1134
76.4409
76.2807
73.9713
79.3607
76.8158
79.4251
76.1407
80.6696
72.1302
78.5436
73.9609
77.8681
77.3453
70.1625
77.7997
66.7212
67.3801
67.6081
66.2786
67.2721
56.1454
57.4102
59.7261
54.3172
50.0156
53.5091
61.0648
71.1937
74.6895
73.9189
69.2566
66.2798
68.3778
67.1163
67.9739
66.8079
66.6152
62.655
65.4633
71.7246
68.3511
68.5722
65.8071
69.3091
63.437
67.268
63.1567
67.4263
62.5397
59.9945
60.6182
59.0628
60.7457
60.3056
54.8885
58.5492
53.6634
57.2843
57.8263
59.0667
58.571
60.9136
51.21
48.939
