-119.633
-120.609
-126.879
-111.955
-112.358
-113.831
-118.867
-117.269
-103.674
-94.4216
-101.039
-95.4809
-99.5885
-97.069
-97.0481
-99.04
-92.893
-99.3778
-106.651
-110.287
-109.356
-116.279
-108.025
-106.241
-103.325
-96.1915
-104.759
-95.6902
-106.741
-86.4931
-86.5949
-86.2589
-90.9354
-96.8399
-83.0496
-92.2271
-87.9127
-93.7606
-93.0753
-94.1585
-96.6809
-89.0136
-80.51
-89.815
-76.5701
-91.4054
-83.0387
-84.7913
-84.2101
-63.8856
-69.2479
-68.3578
-72.3383
-71.671
-44.9533
-66.0483
-67.1355
-75.8275
-66.8941
-73.4716
-72.1321
-60.0212
-67.9697
-54.8993
-61.3109
-85.9256
-67.9867
-64.2968
-71.2931
-67.9839
-74.686
-65.417
-72.2459
-57.0469
-69.6053
-62.9546
-61.8805
-74.5862
-65.5049
-68.8884
-67.3945
-74.8767
-67.7565
-64.0854
-64.9673
-77.5492
-64.2699
-77.5716
-76.6564
-67.6214
-73.0465
-69.175
-65.6199
-77.8446
-76.2103
-69.7407
-68.95
-63.0617
-68.1709
-69.2206
-75.206
-74.5559
-76.3102
-72.4793
-73.2317
-70.8344
-66.6825
-78.0965
-75.4503
-74.5926
-57.6256
-56.72
-78.8189
-71.8416
-70.2279
-73.3246
-82.7413
-76.2962
-75.2298
-73.9244
-62.1756
-70.3689
-63.4196
-75.9532
-82.1802
-73.6027
-68.1497
-70.8515
-73.6081
-74.2828
-65.9223
-75.3392
-77.7427
-62.4063
-75.6604
-61.1521
-67.7674
-123.22
-121.49
-128.995
-110.475
-115.992
-117.837
-119.489
-114.158
-100.485
-92.7676
-93.0745
-96.6005
-102.67
-96.9737
-98.3164
-100.105
-99.0026
-103.829
-105.674
-109.774
-111.688
-113.715
-108.72
-104.3
-103.239
-95.4385
-101.897
-101.187
-102.076
-80.6209
-85.5919
-83.4958
-93.4273
-92.3795
-95.8744
-96.9169
-94.9234
-88.9914
-97.8474
-94.6951
-90.0246
-88.1547
-77.9812
-88.7864
-74.8746
-93.0274
-80.0276
-88.6501
-74.3118
-65.1123
-59.9097
-71.7958
-66.1896
-74.9098
-50.4612
-64.1694
-67.9007
-72.2391
-68.5886
-80.7748
-70.0197
-59.5364
-65.6851
-51.85
-70.1199
-72.8377
-67.7228
-62.6544
-65.8643
-71.5577
-78.2028
-60.6596
-77.6709
-50.4271
-74.6394
-73.7968
-61.0039
-75.3275
-65.0653
-66.6734
-65.7038
-74.6953
-70.3675
-68.2609
-70.4559
-77.5454
-68.9426
-74.9777
-68.5913
-66.6858
-75.7324
-70.3911
-70.3012
-79.0442
-78.6457
-69.9628
-64.8498
-69.1352
-71.4744
-73.4425
-72.1435
-72.271
-75.598
-72.5119
-74.5563
-66.6596
-64.7219
-71.9142
-72.9999
-75.844
-57.2623
-57.1764
-77.6304
-73.0065
-66.2187
-67.21
-76.9143
-75.6025
-74.1455
-74.9361
-66.2034
-69.1932
-71.1439
-75.8655
-83.7297
-72.8218
-68.7811
-66.3204
-75.7827
-67.4888
-67.7774
-77.2962
-80.6617
-63.8973
-68.2174
-59.4172
-96.9035
-122.433
-121.676
-125.589
-113.9
-117.164
-117.54
-120.367
-112.753
-101.485
-98.1862
-89.8311
-95.914
-100.202
-98.2475
-95.7158
-96.3007
-98.3683
-108.302
-111.856
-107.159
-113.912
-108.948
-112.719
-104.423
-103.616
-99.9156
-89.0372
-105.97
-95.9956
-77.0422
-85.0382
-85.8375
-93.1419
-89.5682
-98.9254
-99.0397
-103.405
-84.4127
-99.8458
-98.2741
-83.7261
-91.612
-84.9861
-85.3964
-76.7235
-89.9152
-80.3368
-86.0169
-71.6383
-71.5673
-58.8538
-72.0126
-63.9821
-64.0511
-60.3113
-58.1939
-65.1722
-62.4519
-64.5949
-80.8647
-67.7137
-59.9737
-60.9465
-53.3893
-80.2661
-66.4628
-71.8001
-68.6676
-66.8481
-75.8067
-75.4957
-57.2858
-75.2878
-51.0627
-71.2271
-68.9357
-64.1605
-75.4279
-72.5749
-68.3076
-63.4613
-67.5868
-71.3599
-64.2362
-69.439
-70.4327
-74.7994
-76.2221
-63.1127
-63.4464
-75.5795
-58.0889
-73.8168
-77.3437
-71.9057
-72.4231
-61.8742
-69.5465
-73.6255
-74.5582
-66.4599
-74.5386
-71.3071
-67.3413
-74.0046
-65.0914
-73.2292
-69.373
-70.7448
-67.4983
-57.7643
-66.1823
-74.8206
-71.3754
-69.4199
-64.2088
-74.9993
-71.577
-74.5381
-69.081
-78.4391
