-41.0852
-44.2868
-64.5019
-52.2999
-52.3789
-43.846
-42.8138
-35.6595
-37.2613
-30.0201
-42.4999
-37.903
-31.362
-44.8005
-37.9762
-33.2205
-44.5039
-34.5716
-32.8856
-50.6938
-61.4567
-55.072
-59.8933
-61.5555
-59.2587
-62.2191
-65.7558
-68.2194
-63.4604
-46.2838
-39.6825
-44.6721
-34.6688
-40.3323
-37.5956
-33.3605
-30.328
-26.3306
-31.6542
-32.4749
-35.7373
-34.4296
-41.0187
-28.4805
-34.0306
-26.5442
-37.8248
-38.9892
-39.8089
-32.514
-29.2733
-27.8457
-33.8699
-40.189
-43.7388
-41.3671
-34.0792
-30.7672
-32.4734
-45.3433
-36.4508
-41.5025
-36.3527
-46.4717
-31.951
-39.1262
-53.5632
-49.4432
-48.4381
-33.3371
-35.1236
-38.3916
-42.4646
-45.5671
-38.1239
-41.0676
-42.2164
-44.7486
-45.3513
-31.8794
-43.1183
-32.4021
-40.2299
-44.8945
-35.3099
-34.3482
-38.1486
-43.7191
-36.2745
-48.5039
-47.6184
-34.1537
-39.9466
-55.3476
-33.6587
-46.703
-37.65
-48.1847
-45.1799
-47.4403
-46.6512
-36.5588
-40.9048
-55.8184
-42.7065
-46.4461
-41.6181
-51.8471
-42.7959
-47.7294
-47.7883
-51.8352
-49.8903
-45.6624
-42.0988
-41.7429
-45.7749
-39.3362
-43.5889
-32.244
-40.5913
-45.6968
-36.819
-45.7167
-48.2246
-49.0973
-37.0243
-57.1281
-46.1929
-38.9569
-44.9113
-52.6643
-51.8583
-42.166
-29.3496
-38.7737
-37.9932
-42.8028
-39.7847
-67.3285
-51.091
-51.5175
-39.2506
-40.9009
-38.6847
-32.1696
-29.0937
-36.7199
-38.9796
-35.6554
-45.6318
-34.5448
-38.87
-36.8125
-35.257
-37.9007
-44.8827
-60.8599
-54.8752
-59.2172
-56.6823
-63.5056
-62.3861
-62.2557
-65.6508
-57.5207
-40.7299
-39.3428
-38.731
-35.7787
-35.633
-35.9722
-32.2548
-33.7382
-25.1923
-30.41
-22.6413
-34.3674
-30.903
-43.7302
-31.9698
-30.1206
-27.0349
-35.6184
-37.5041
-41.4609
-33.5866
-32.7966
-26.5365
-39.1248
-39.784
-43.9623
-33.3347
-33.4005
-25.5805
-33.3871
-45.0372
-29.9743
-37.4676
-37.0904
-45.5322
-35.4116
-46.1139
-48.7411
-51.8778
-49.4974
-37.9809
-34.5404
-41.1252
-41.1467
-48.1978
-37.3773
-43.5065
-44.5408
-38.7174
-44.8002
-36.7816
-41.3854
-38.086
-44.7413
-42.512
-37.8268
-37.1722
-38.4874
-44.761
-40.833
-51.2476
-34.6796
-43.199
-51.7729
-51.6098
-35.8343
-49.7338
-42.9421
-47.4902
-44.7545
-48.614
-40.7816
-36.171
-47.7727
-48.1008
-46.5492
-37.5368
-44.9428
-46.7665
-42.8851
-48.3392
-43.8254
-45.7318
-49.2555
-48.48
-42.8865
-45.9734
-36.121
-40.7391
-43.5184
-27.7507
-39.9505
-41.0208
-38.9665
-42.7423
-44.7143
-50.2403
-43.948
-54.4264
-49.0931
-35.3857
-45.7089
-49.5915
-48.6638
-36.5123
-27.0883
-32.9276
-37.0613
-49.143
-45.0868
-57.1102
-49.6225
-48.4655
-36.6724
-29.5503
-40.1521
-33.6552
-36.025
-38.0317
-35.3205
-39.1703
-43.9254
-37.2173
-42.1091
-32.9206
-40.9066
-46.547
-55.599
-51.2412
-55.1455
-60.5604
-53.2071
-62.924
-66.8018
-64.7071
-63.5519
-51.7237
-40.9114
-42.7859
-31.6403
-33.3929
-34.4592
-38.5617
-34.7787
-31.7483
-30.0831
-28.4916
-31.524
-34.0224
-32.3407
-42.7008
-36.0209
-32.6457
-31.6137
-35.6846
-37.6592
-39.2857
-31.015
-31.0837
-23.9908
-42.816
-35.2382
-46.1688
-33.8426
-27.0032
-23.8433
-39.3256
-43.4056
-29.0799
-36.8223
-38.3687
-36.4333
-41.6537
-45.7315
-45.2138
-56.75
-47.3266
-42.919
-31.6474
-37.8454
-41.5148
-46.5976
-39.8729
-44.8626
-44.4506
-36.5034
-42.7261
-37.7058
-35.2583
-34.723
-44.4856
-40.9367
-42.7536
-40.4416
-39.4541
-41.1921
-40.6732
-55.3687
-22.3538
-45.1351
-56.9938
-45.432
-37.4845
-49.0103
-45.0298
-49.7472
-44.4031
-48.3031
-31.8537
-35.3118
-52.4258
-48.7787
-50.0089
-36.6733
-45.7439
-39.5103
-45.0873
-48.6561
-44.2546
-44.1196
-42.2848
-49.9088
-45.8121
-42.465
-35.2697
-40.8073
-45.7887
-27.8958
-42.7872
