-23.6807
-15.096
6.20204
19.1694
7.2887
7.58857
10.6915
7.01359
9.09157
11.8641
12.2318
6.35745
7.40906
4.22277
6.99555
14.854
10.4541
13.9231
19.0924
16.2909
23.9041
12.6625
13.1427
9.70073
20.5446
9.80507
18.4816
23.2018
21.0841
19.6471
15.7536
9.52755
7.16279
7.13858
-16.7068
-24.2182
-21.6816
-17.6905
-16.1596
-23.7671
-17.3227
-20.4148
-22.7597
-16.6759
-11.8178
-24.5685
-13.9226
-3.82276
7.19951
0.721396
-13.216
-10.7776
-10.1481
-8.75223
-12.2734
-18.7573
-23.5784
-17.9723
-28.1413
-15.161
-12.0869
-16.2966
-22.846
-13.3293
-5.12238
-18.2844
-27.0637
-31.1499
-27.9249
-30.9662
-25.1191
-26.3898
-21.4326
-20.154
-16.8476
-22.33
-12.0123
-17.8384
-20.1997
-19.1059
-17.9346
-18.3263
-14.5366
-19.4857
-23.7413
-19.6246
-18.5002
-12.3262
-4.36536
-3.96908
1.58754
4.44335
-14.1213
-14.3293
-17.7818
-15.086
-14.104
-10.9673
-16.8609
-16.6059
-5.31347
-4.1187
-9.1991
-15.7898
-32.877
-39.2394
-54.6299
-52.571
-58.7201
-63.9412
-57.98
-57.8675
-56.6228
-53.2721
-48.7358
-49.0059
-53.3684
-50.4044
-53.1757
-56.2975
-58.54
-53.3833
-55.9834
-59.3344
-62.6047
-60.7019
-55.1572
-61.4574
-57.1026
-61.8985
-56.3193
-53.456
-62.8405
-60.9192
-58.6219
-59.5092
-59.157
-52.4565
-56.2764
-48.0557
-45.8499
-54.5009
-52.8075
-49.2207
-51.2944
-48.6211
-52.9053
-52.516
-50.1045
-46.5756
-49.4622
-44.4685
-41.3566
-43.5105
-34.8005
-43.643
-40.3619
-45.2002
-51.6607
-52.029
-55.3196
-56.7662
-57.0669
-59.4087
-53.4223
-48.9712
-52.382
-50.8011
-49.189
-49.19
-46.0871
-43.3874
-41.2182
-38.6309
-42.9681
-40.8604
-38.7233
-36.374
-31.0357
-36.5332
-37.4034
-44.4782
-51.8656
-45.0853
-44.3456
-49.4498
-41.7897
-44.6006
-46.9618
-45.2459
-40.6766
-44.6978
-45.1931
-53.6809
-37.8623
-32.4617
-44.2555
-45.0578
-38.3402
-37.2737
-38.3794
-34.5077
-27.5163
-27.9048
-27.878
-32.1226
-36.353
-48.9139
-30.5386
-31.2042
-40.0224
-29.2889
-41.7079
-34.9435
-23.7976
-13.6109
-26.5277
-43.8895
-40.3109
-44.4651
-61.733
-65.1918
-65.5679
-64.3203
-58.1863
-60.068
-62.205
-66.5061
-62.5303
-63.5687
-63.1172
-67.813
-68.459
-67.2857
-64.6801
-61.4747
-60.6327
-49.2756
-57.118
-55.7235
-54.3412
-63.7832
-78.7299
-71.4577
-64.5489
-61.1226
-55.3156
-46.6938
-53.0064
-49.9615
-49.5194
-49.8865
-48.1609
-52.5021
-50.0764
-49.4737
-46.6961
-45.1886
-40.2758
-45.1349
-41.4655
-45.3396
-39.77
-38.5562
-24.0206
-20.1217
-22.735
-13.5364
-26.5147
-26.9266
-38.957
-49.9395
-50.901
-36.2188
-24.651
-13.4515
-20.9797
-36.66
-46.5726
-39.0182
-32.3815
-30.8165
-28.1628
-25.9957
-26.6693
-26.3097
-31.8747
-37.5342
-34.334
-40.4908
-44.3853
-35.2001
-32.3422
-36.4176
-31.7321
-33.286
-26.1142
-21.8876
-24.7932
-28.3087
-26.8752
-32.0599
-28.7821
-28.9476
-24.2086
-23.4213
-29.6853
-31.4256
-35.7008
-38.161
-39.88
-33.1789
-39.4447
-25.738
-28.6383
-30.119
-29.5469
-33.4397
-36.5059
-36.0958
-34.8661
-32.2769
-32.8975
-44.2317
-32.7803
-34.6359
-33.2887
-36.1074
-31.9095
-45.4266
-44.8973
-38.9121
-42.6304
-38.4891
-47.0994
-34.2
-30.6725
-32.2053
-28.5038
-29.2198
-28.2778
-28.9585
-32.291
-38.6427
-27.7335
-32.3275
-25.6758
-23.5363
-28.7549
-28.5199
-30.2825
-23.8356
-15.627
-8.1204
-7.48495
-10.0227
-14.0362
-8.43602
-14.6442
-8.38463
-9.24794
-8.75867
-9.92737
-10.4824
-14.4652
-7.05017
-12.9445
-13.0236
-14.2056
-10.8947
-10.1386
-12.5096
-12.3983
-14.7364
-14.583
-17.3142
-14.513
-11.6853
-14.9513
-13.1828
-15.4526
-10.2728
-7.90988
-13.0681
-11.2944
-5.99085
-8.38994
-13.1274
-6.96497
-10.0776
-0.0847538
2.99512
5.79267
9.05659
-2.12922
