-39.3355
-46.1486
-37.9248
-43.6622
-37.2083
-41.7859
-39.718
-39.3562
-38.4225
-47.7179
-47.7113
-49.5914
-48.9656
-56.9231
-60.3244
-63.9195
-60.3069
-57.2309
-54.4047
-56.9911
-41.8206
-37.4613
-29.188
-33.8354
-41.4622
-57.5734
-56.3367
-57.1297
-49.7486
-55.9035
-55.8792
-52.7949
-46.7906
-40.925
-35.66
-51.5297
-39.6625
-55.6698
-45.3785
-49.9368
-73.1504
-74.9023
-75.1211
-81.1367
-87.7242
-91.3509
-88.2445
-85.5807
-87.7916
-87.2796
-87.2587
-88.7625
-92.1008
-85.05
-87.4753
-83.7305
-76.6364
-87.4831
-80.939
-85.6523
-84.2932
-87.363
-84.9444
-84.4026
-87.8548
-90.1655
-93.6521
-88.7175
-97.3293
-92.6189
-88.4693
-90.6198
-84.0784
-88.9993
-82.7982
-79.2524
-81.0314
-83.8277
-82.4418
-86.4176
-92.0748
-86.9638
-87.4336
-84.891
-87.6355
-77.9484
-81.4984
-83.2387
-89.0223
-90.2034
-94.3249
-94.6796
-90.273
-88.5402
-88.931
-88.9664
-89.4643
-84.136
-83.6928
-84.0876
-84.0662
-81.3334
-72.9546
-74.998
-76.7711
-76.6391
-75.3977
-83.1184
-81.0023
-88.0581
-85.0225
-87.0401
-86.5813
-89.2196
-86.9748
-85.2155
-87.7178
-87.4993
-74.473
-79.3042
-73.3276
-78.2964
-75.892
-77.4963
-70.0821
-72.6215
-76.2379
-76.2617
-79.2286
-74.7209
-73.1417
-77.073
-84.1513
-77.2251
-76.4995
-75.2411
-77.6309
-73.7106
-84.95
-80.8718
-82.6011
-84.7622
-76.2435
-68.5561
-78.4442
-77.2043
-64.0178
-51.8001
-51.9745
-46.6775
-42.8382
-39.5151
-55.5122
-54.7703
-60.0059
-53.7499
-48.0514
-51.6275
-49.3067
-52.6532
-49.1869
-49.3741
-49.3091
-47.7697
-46.8503
-44.848
-41.9695
-43.2763
-44.4983
-42.8989
-45.4578
-48.8512
-54.735
-62.16
-57.4603
-53.6216
-57.2519
-45.5046
-39.9462
-40.475
-55.1387
-56.8927
-55.2885
-49.5813
-56.2804
-58.8828
-55.4568
-53.4169
-53.579
-53.1441
-55.478
-52.3904
-53.2663
-53.6412
-52.0594
-58.4569
-54.5366
-54.1734
-38.6388
-29.5145
-30.8009
-31.8363
-29.9238
-38.3441
-36.2481
-30.6765
-28.7338
-30.0274
-50.8781
-53.9811
-54.6636
-50.5397
-46.7702
-53.2851
-51.0654
-54.347
-52.7736
-52.9081
-55.4889
-51.7355
-56.3898
-52.8476
-57.7816
-58.4338
-54.9857
-57.4366
-53.6128
-61.4098
-52.8731
-56.1483
-55.6797
-53.4931
-53.1306
-58.8681
-61.052
-62.3282
-55.4278
-61.3208
-64.3382
-59.0938
-56.5156
-49.0497
-44.3223
-49.6242
-51.3886
-46.6528
-50.6062
-47.3507
-47.815
-51.2318
-53.1305
-47.2047
-47.1619
-42.6071
-39.2231
-52.8136
-47.9003
-53.0666
-53.3141
-56.9899
-61.847
-62.8532
-67.5342
-61.2729
-61.9059
-60.0195
-53.3238
-59.3029
-57.8343
-58.6104
-57.118
-60.4983
-57.8875
-62.324
-63.0082
-61.0587
-59.9378
-60.2559
-60.9914
-62.6724
-61.5696
-52.5115
-59.404
-55.7545
-48.3042
-34.9016
-30.9743
-25.8209
-32.8218
-27.5647
-34.01
-39.8333
-35.4694
-41.3442
-35.2369
-50.1349
-49.4699
-48.9654
-39.6858
-43.0878
-47.0844
-47.5152
-48.6232
-46.0446
-41.4727
-38.2032
-47.5507
-51.0251
-47.0996
-39.3707
-34.9417
-35.767
-37.1696
-42.6418
-37.7588
-45.5753
-44.7469
-32.7788
-35.2468
-46.4029
-45.4555
-50.7402
-53.141
-52.3797
-58.4577
-47.0163
-51.1778
-39.7946
-31.1886
-35.5011
-32.8039
-42.6818
-30.4145
-32.2388
-33.4423
-32.1999
-42.4488
-34.9832
-41.4542
-39.4933
-43.8675
-45.6841
-45.7907
-44.3272
-48.4918
-51.8922
-52.055
-55.7107
-46.5984
-50.0708
-45.6107
-43.0349
-46.7411
-47.447
-46.8197
-42.0183
-47.6886
-48.0214
-45.6091
-49.4883
-44.3238
-41.3118
-45.4046
-47.2705
-45.3943
-46.7377
-48.3663
-45.527
-45.6074
-29.8135
-45.2658
-48.8255
-47.1905
-53.9479
-56.3766
-53.5301
-57.0189
-66.8707
-60.9684
-60.743
-60.5044
-38.8838
-51.8781
-61.9938
-56.6146
-53.9664
-64.5424
-56.4993
-51.7498
-59.1024
-52.3058
-48.5027
-51.8871
-55.4754
-59.5374
-56.8087
-51.5187
-52.6458
-53.0291
-55.143
-50.6858
-42.0347
-42.8764
-36.8116
-32.9096
-37.2116
-45.4445
-36.2669
-38.5994
-46.8795
-54.3562
-56.224
-57.4786
-56.5851
-53.6219
-55.7111
-54.1195
-61.5261
-60.583
-57.9654
-63.4747
-67.3438
-62.4001
-62.5259
-52.8714
-57.0996
-62.0885
-60.3028
-54.3727
-56.9564
-59.0515
-63.0336
-65.5849
-57.5202
-58.4387
-55.191
-59.1865
-60.4852
-57.5661
-60.6921
-58.6418
-57.7537
-56.5863
-55.3577
-55.4251
-58.8917
-59.3171
-57.8046
-59.2365
-55.6103
-60.1148
-58.5656
-59.4263
-61.07
-64.8964
-65.441
-63.6647
-62.0865
-56.7831
-61.1145
-61.1072
-58.6773
-57.8661
-62.1979
-61.7543
-66.953
-59.7747
-54.6804
-55.307
-59.029
-54.1123
-57.3726
-57.7787
-56.1357
-62.3687
-60.4788
-45.6728
-35.3278
-35.7087
-30.5497
-37.9796
-39.4602
-40.8825
-40.279
-40.2151
-36.5109
-23.9436
-35.6193
-53.8326
-54.7766
-50.8481
-54.2161
-52.4866
-64.0745
-70.9116
-64.2143
-61.3814
-58.8138
-55.0621
-59.0317
-57.3224
-52.6386
-38.7333
-39.019
-39.6951
-46.2228
-37.9814
-37.6812
-42.6356
-44.2316
-44.6299
-48.5622
-48.9035
-49.8697
-46.4169
-44.6672
-46.967
-48.1162
-44.2043
-41.9336
-42.1108
-43.8583
-48.2853
-47.5205
-48.0026
-46.5002
-48.9331
-51.9853
-47.9319
-47.8545
-48.9109
-47.2753
-46.3163
-43.1657
-44.2755
-44.8454
-43.8695
-46.2864
