-7.83201
-22.4278
-23.7501
-18.9387
-10.8849
-13.3956
-16.2329
-23.2522
-31.3262
-21.609
-11.6523
-12.8051
1.18273
-0.888916
-5.75765
-2.80038
-8.54997
-12.7676
-5.594
-18.7062
-8.25647
-7.71179
-13.8948
-13.6353
-3.68729
-9.46486
-4.17466
-10.5148
-3.91187
1.71387
-15.68
-8.03765
-8.52643
-13.1624
-15.9677
-18.1664
-17.5073
-20.5467
-1.07548
-13.8683
-14.0891
-11.2143
-18.543
-12.1888
-12.4329
2.80734
-11.4659
-15.9996
-9.44707
-18.7323
-13.338
-12.6422
-14.0446
-7.58191
-13.7353
-17.2426
-11.6185
-11.4555
-21.9057
-27.5798
-22.883
-23.4055
-23.6836
-22.5486
-22.7625
-22.6202
-28.8532
-17.0392
-24.6435
-17.3273
-21.0871
-22.7979
-17.4003
-20.4007
-16.3917
-19.9395
-12.5807
-15.0596
-12.5818
-10.6356
-19.0801
-12.7608
-18.9442
-18.9151
-13.1025
-17.4867
-17.7192
-16.5199
-13.4679
-13.7623
-14.3448
-15.7164
-17.8341
-16.8134
-13.1439
-7.80325
-7.79449
-6.66533
-9.12285
-12.9088
-15.3333
-8.71023
-8.81569
-8.38875
-7.13775
-15.1153
-10.5008
-4.15502
-5.95347
-1.07474
5.05897
5.18664
-0.559946
-2.18892
-1.70309
0.584127
-10.1153
-10.8555
-8.71182
-9.31337
-8.26125
-11.8522
-14.8423
-15.8516
-15.405
-16.1144
-14.0769
-8.7829
-11.5057
-15.9154
-16.322
-16.925
-12.6658
-10.0422
-13.9281
-13.9969
-20.5812
-17.1753
-12.1873
-24.6586
-12.8485
-18.9431
-20.7532
-8.36758
-26.79
-20.3109
-11.3435
-2.01539
-7.48129
-5.37989
-13.2169
-8.85007
-6.31284
-1.96389
-10.0521
10.7111
-11.0457
-0.330572
1.32451
-6.29727
-6.1499
-4.51575
-5.80352
-0.236695
-23.0823
-11.8664
-10.2605
-11.9473
-5.23108
-12.3866
-21.6997
-9.20296
2.71594
-14.2625
-5.79931
-18.1511
-5.00893
-10.7445
2.74463
-3.75745
-7.4976
-12.1222
-7.15648
-4.00346
-4.39027
-25.3245
-4.88456
-10.2834
-12.5496
-12.6067
-3.78014
-12.4193
-10.1654
-12.1713
-5.5365
-6.35084
-3.0186
-21.103
-13.3637
-15.3988
-5.34591
-2.78732
-9.45282
-13.7999
-1.1797
0.902694
-14.7611
-17.8421
-18.2072
0.404759
-16.7785
-6.48275
-11.7994
