-33.1008
-44.6852
-33.4685
-41.888
-46.4591
-46.8545
-48.7806
-41.5009
-52.6169
-47.5969
-45.1513
-55.45
-46.3654
-46.2807
-40.7922
-39.3384
-44.7744
-48.8237
-51.3777
-44.9675
-46.521
-46.3869
-62.2055
-52.5212
-48.8405
-48.1885
-41.4977
-43.0898
-44.8863
-47.003
-42.4794
-48.8403
-50.8577
-46.9187
-47.4118
-45.7789
-50.3244
-44.8844
-56.8567
-47.5417
-50.8467
-65.188
-50.1672
-71.5642
-61.6793
-52.9768
-63.2652
-68.2268
-69.8411
-48.2159
-54.3446
-54.275
-50.0542
-53.2019
-52.7166
-56.779
-51.1993
-57.4431
-49.7946
-54.2403
-43.4321
-49.8984
-41.7643
-47.4951
-50.0141
-45.8315
-41.7579
-48.693
-51.4399
-51.3102
-45.8834
-53.8395
-52.967
-47.4042
-46.3259
-51.7742
-44.7933
-42.0482
-48.2037
-37.2888
-41.0162
-42.8512
-40.2507
-46.3934
-40.407
-43.0022
-41.2655
-44.5626
-43.4129
-42.3654
-40.7094
-39.0841
-43.9661
-43.4973
-43.0927
-46.4137
-39.7493
-47.3781
-41.7149
-45.0186
-39.8097
-40.0892
-39.2348
-36.5297
-41.0198
-40.627
-40.7612
-41.66
-47.4157
-49.9641
-46.6607
-40.7953
-45.5986
-46.1388
-41.9454
-37.163
-39.8962
-39.5347
-47.4854
-42.7501
-37.6696
-35.6655
-32.5695
-35.0891
-29.9289
-44.5721
-38.5277
-37.5311
-39.7247
-45.5992
-44.9148
-40.0628
-45.0717
-44.0027
-45.2702
-46.4407
-46.3844
-43.509
-49.0251
-47.947
-41.3619
-33.0817
-41.5625
-48.5509
-37.9312
-35.5314
-44.2554
-38.4785
-45.298
-41.3907
-49.1279
-43.0283
-40.9021
-48.3177
-27.076
-44.575
-41.5567
-46.7994
-40.2245
-60.6265
-60.7662
-55.2818
-56.6113
-50.7355
-49.2969
-40.2062
-47.2023
-44.9914
-44.2808
-45.8686
-35.9243
-50.0884
-44.5612
-38.0483
-34.3496
-40.0207
-49.0911
-35.484
-39.1759
-39.1257
-36.1977
-34.5397
-39.5679
-41.4606
-43.9172
-43.3187
-43.7032
-35.6661
-41.5293
-35.4909
-42.3112
-45.7637
-34.1085
-38.8056
-44.2381
-46.4968
-40.6241
-41.5589
-44.9982
-47.4798
-49.8928
-38.9068
-38.6028
-50.4896
-55.9246
-45.1984
-40.1595
-51.3456
-41.121
-36.9682
-35.8083
-49.4219
-37.0195
