-31.6542
-45.0628
-35.7266
-39.5361
-42.0131
-45.8124
-55.5481
-47.4519
-47.3523
-61.4589
-44.919
-49.1239
-51.4404
-45.0526
-39.8622
-40.4387
-38.025
-22.865
-29.4096
-23.5523
-28.9207
-30.3148
-11.7291
-15.5143
-23.2499
-31.174
-13.0601
-12.8176
-0.994778
11.8857
20.0841
14.1735
16.2917
15.5233
10.5739
3.52805
11.545
21.836
1.65947
10.4295
-11.0126
-7.3342
-8.65218
-1.11793
-6.0399
-12.7896
-13.3346
-0.396073
-10.4543
-12.7762
-7.73095
-15.8179
-34.944
-28.0003
-32.425
-16.6671
-9.16914
-13.9973
-18.6891
-29.2956
-26.234
-23.5873
-29.881
-27.2463
-21.179
-24.5344
-29.9826
-27.0895
-31.8379
-26.9708
-27.2324
-30.2626
-26.9082
-31.5057
-27.9575
-35.5218
-27.9305
-25.6981
-36.4296
-40.984
-33.248
-39.9937
-31.375
-30.9123
-38.2187
-37.636
-34.3045
-40.0117
-31.1599
-30.8415
-30.9565
-34.2034
-34.8773
-36.5882
-36.4452
-33.0551
-28.823
-37.9787
-38.7384
-36.9394
-36.767
-45.1742
-39.1651
-40.9693
-37.2716
-38.481
-34.072
-40.9589
-41.2508
-48.7423
-49.769
-51.7175
-42.2383
-29.4792
-16.3394
-16.0552
-7.93399
-1.8166
-5.19198
8.44138
12.8052
10.5454
1.47694
5.18664
-0.347513
2.62784
2.83561
3.04793
-2.6649
-6.91308
-8.35675
-4.69303
-8.65189
-2.03204
-3.04588
-6.71828
-8.98895
-5.11018
-14.3346
-19.5646
-23.6278
-14.3369
-11.1661
-15.0048
-5.04775
-2.70452
-17.7113
-17.8141
-16.817
-8.20997
-13.9947
-23.5538
-16.3924
-20.9351
-26.8602
-4.8439
-14.0119
-27.4129
-11.4348
-17.0374
-11.5108
-24.4263
-21.0081
-12.9896
-23.3607
-9.87498
-15.8551
-21.2073
-16.9202
-4.40087
-12.8296
-8.49925
-13.8759
-8.75599
-17.5697
-24.8882
-15.6597
-8.50388
-4.40186
0.156406
-3.90305
-22.1713
-5.46638
-23.4072
-8.19456
-26.9869
-19.2256
-11.844
-10.8567
-8.18734
-9.54939
-19.9456
-7.71076
-13.9802
-17.1239
-8.23321
-22.837
-12.3303
-24.3468
-10.7654
-9.50144
-12.725
-10.4533
-17.8926
-20.9165
-25.2495
-18.4872
-13.9682
-14.6297
-16.1315
-18.2478
-2.15243
-14.0354
-14.7185
-23.4659
-15.2234
-10.7031
-8.6911
-15.8556
-9.07761
-9.20143
-13.601
-12.9627
-10.313
-20.1443
-21.1675
-12.492
-17.7012
-9.12952
-24.9829
-7.44044
-19.9644
-2.74314
-14.7845
-12.0644
-9.50506
-24.5468
-12.4299
-9.40942
-10.842
-32.307
-41.6526
-41.1289
-46.1194
-41.1985
-44.1475
-50.0507
-45.4392
-52.0616
-58.8951
-47.0604
-44.6249
-42.098
-53.5551
-43.2993
-35.7371
-33.6908
-18.1449
-30.6067
-22.5045
-32.1081
-23.0457
-12.2273
-25.8268
-21.9706
-27.4357
-15.1686
-8.85424
-0.928949
11.8225
18.4261
18.6331
19.3881
19.6921
8.22848
9.86558
1.79153
11.1066
-3.47726
9.83762
-9.27502
2.46189
-11.1143
-4.15637
-4.57947
-7.06179
-11.7891
-3.2228
-11.6948
-19.5391
-15.705
-20.8502
-29.9003
-27.3819
-30.6025
-15.9694
-3.07218
-19.4107
-16.9683
-26.0041
-22.0864
-24.3101
-28.5745
-27.7896
-25.688
-26.222
-33.6021
-25.9442
-38.4155
-25.3911
-33.7655
-28.4879
-31.1454
-34.4305
-35.706
-37.327
-30.1774
-32.4381
-36.9777
-44.8589
-39.0951
-42.2596
-37.6543
-29.3051
-44.0237
-36.9516
-37.6865
-43.7089
-31.9724
-33.2973
-31.9673
-34.8829
-38.1976
-34.8156
-36.1619
-37.9018
-32.2817
-39.058
-40.4427
-37.8919
-39.5722
-46.6884
-42.2885
-43.3327
-41.1092
-36.4243
-39.4659
-36.2778
-41.6088
-48.9907
-44.9804
-51.3886
-36.779
-30.7291
-21.5572
-17.8402
-8.65727
-4.31831
-1.88173
4.31238
12.7994
13.4339
0.10939
2.40015
-5.75331
-1.78302
-12.7886
-4.81904
-9.8324
-10.1675
-13.0398
-2.67434
-9.88092
-6.34234
-12.8313
-8.14912
-9.33947
-6.70741
-14.2226
-19.7275
-20.1055
-11.7264
-8.05739
-9.5471
-4.59576
0.40313
-8.59816
-18.5546
-22.2044
-3.19286
-23.5875
-25.9944
-13.5093
-22.078
-21.8326
-1.57316
-23.9161
-18.7052
-13.2415
-21.2313
-20.1266
-16.8553
-25.9329
-16.9473
-14.0545
-14.0955
-21.5563
-25.5071
-16.6691
-14.8789
-11.6675
-14.8329
-12.7244
-8.41994
-18.4757
-18.0217
-8.07265
-6.51394
-5.3943
4.47288
-6.59157
-22.8736
-9.57118
-28.0845
-5.03588
-29.8936
-13.3468
-6.77934
-8.21343
0.810155
-13.4172
-12.1147
-10.2987
-12.6359
-23.4796
-7.2775
-16.3292
-12.8251
-21.0375
-14.3556
-13.0014
-15.334
-9.77679
-18.331
-23.6628
-26.8502
-21.4999
-16.567
-9.28937
-18.9857
-19.7687
-13.0463
-14.0588
-13.8417
-15.9249
-12.9395
-17.4669
-10.7267
-28.502
-2.03115
-8.08248
-12.7529
-13.3369
-16.4663
-21.0934
-13.0022
-13.0559
-14.6217
-15.2549
-27.0193
-2.44902
-16.469
-7.60309
-7.92566
-9.94195
-10.2376
-20.6777
-13.4319
-8.40602
-23.4394
-32.6749
-38.3435
-42.8943
-46.2312
-50.2585
-48.4267
-44.647
-42.3073
-55.7698
-54.555
-53.1981
-39.552
-32.8333
-51.4085
-43.2188
-34.0262
-31.3134
-23.7064
-28.838
-15.2122
-34.1364
-12.4382
-6.44137
-29.3045
-27.2853
-15.3276
-13.1728
-5.8631
-1.09943
12.162
13.2356
15.35
21.2072
22.8374
6.97968
18.8502
5.64003
0.0684844
-2.82534
-4.49705
-13.1361
2.67664
-6.24069
-0.174113
-8.25748
-9.4878
-6.57458
-4.9252
-11.5457
-15.0482
-16.7217
-32.6653
-29.5295
-25.816
-31.0151
-13.0431
-0.648256
-21.3234
