-194.702
-175.263
-182.607
-173.857
-176.973
-180.738
-191.508
-195.181
-188.311
-189.214
-186.859
-191.768
-198.181
-192.503
-186.018
-179.814
-181.868
-177.412
-169.561
-167.547
-174.123
-169.87
-175.466
-167.633
-170.165
-166.966
-172.74
-168.046
-174.34
-175.442
-170.412
-164.427
-168.492
-155.447
-168.829
-137.342
-123.745
-134.718
-149.668
-139.941
-144.732
-147.611
-151.365
-153.004
-145.444
-163.278
-174.152
-148.295
-146.426
-132.088
-129.741
-125.047
-116.974
-84.2786
-86.9769
-94.7697
-86.9106
-102.082
-106.64
-99.8342
-97.9307
-92.8094
-83.8062
-69.6681
-59.6814
-50.1627
-47.78
-39.2841
-35.2944
-32.2454
-38.9305
-40.8804
-41.7399
-48.1631
-51.8094
-51.1312
-52.9561
-48.0489
-54.9626
-60.064
-65.8055
-56.7219
-61.752
-64.6124
-52.8732
-51.2712
-57.0369
-55.7432
-56.2077
-68.6345
-90.6359
-137.272
-156.183
-150.1
-152.179
-157.923
-155.539
-154.014
-150.418
-138.389
-125.634
-121.032
-119.699
-137.491
-149.398
-121.111
-121.662
-111.375
-112.42
-119.518
-120.665
-129.496
-126.869
-141.134
-136.238
-134.258
-143.624
-135.445
-138.722
-134.187
-133.74
-135.551
-135.426
-136.565
-134.551
-128.511
-134.878
-136.317
-132.682
-143.153
-144.092
-134.729
-139.337
-137.426
-126.396
-131.939
-135.129
-131.211
-128.53
-133.435
-133.405
-133.136
-129.571
-143.253
-143.464
-135.413
-143.885
-128.463
-139.379
-137.362
-136.084
-146.952
-142.501
-143.43
-146.612
-139.707
-142.023
-128.69
-132.452
-132.916
-130.067
-128.777
-126.314
-128.774
-128.487
-135.113
-130.863
-129.657
-128.298
-127.549
-133.715
-128.697
-125.674
-128.019
-119.555
-115.42
-116.688
-113.952
-123.491
-118.17
-114.741
-111.904
-105.268
-107.253
-115.126
-111.353
-114.768
-113.809
-108.583
-128.372
-120.725
-136.939
-128.765
-118.981
-119.85
-112.953
-123.357
-118.296
-119.348
-108.353
-126.988
-106.868
-115.336
-129.185
-118.859
-126.409
-114.184
-120.831
-128.07
-129.89
-130.079
-128.765
-125.516
-131.795
-117.166
-219.802
-206.114
-207.24
-228.49
-220.568
-211.007
-213.863
-204.094
-200.541
-200.402
-210.981
-199.538
-204.424
-218.499
-215.448
-208.201
-197.724
-209.572
-204.976
-207.063
-210.65
-221.503
-217.116
-214.93
-214.448
-209.379
-204.083
-195.461
-187.901
-195.841
-197.385
-204.275
-203.75
-204.928
-207.616
-209.286
-203.224
-209.805
-205.562
-198.834
-197.969
-196.079
-192.197
-196.12
-189.419
-190.29
-192.781
-182.115
-185.906
-183.178
-178.537
-167.286
-178.04
-178.328
-162.019
-160.291
-154.356
-151.165
-157.283
-172.379
-173.747
-173.002
-169.529
-167.787
-167.054
-162.371
-157.573
-151.635
-150.015
-144.981
-147.122
-142.969
-142.64
-136.269
-136.528
-130.863
-130.002
-125.618
-128.782
-123.663
-122.689
-113.736
-121.241
-122.336
-123.006
-122.965
-125.438
-122.374
-123.785
-117.509
-111.431
-111.157
-103.75
-115.438
-114.411
-116.742
-124.59
-126.631
-117.902
-119.351
-121.25
-117.85
-119.123
-122.936
-109.288
-120.314
-110.732
-111.134
-98.6062
-104.328
-111.59
-108.981
-115.384
-119.995
-117.402
-123.419
-122.644
-116.167
-114.832
-113.377
-111.942
-103.47
-107.998
-110.837
-110.887
-111.741
-106.7
-117.583
-128.811
-123.272
-125.294
-134.63
-132.114
-129.16
-129.985
-131.45
-121.747
-115.629
-124.127
-127.688
-122.506
-130.096
-119.546
-141.552
-125.93
-127.072
-126.225
-117.895
-119.172
-114.89
-122.059
-118.842
-122.007
-128.722
-129.786
-131.467
-134.543
-131.926
-132.856
-132.62
-130.787
-131.537
-134.325
-126.968
-129.168
-128.676
-124.034
-124.776
-134.156
-129.845
-128.161
-126.111
-126.774
-128.026
-130.117
-121.223
-110.907
-112.276
-111.085
-121.761
