84.9476
91.4641
96.6759
93.5381
87.9269
97.6025
98.9995
88.7573
90.3842
81.2834
87.4016
88.5882
97.6498
87.3204
92.1844
73.3
83.744
82.4002
80.0923
89.0297
96.8547
103.267
87.1839
85.0287
89.0881
93.1985
99.124
93.9533
94.3636
83.461
77.9472
82.8248
81.1906
89.3254
72.4058
79.288
88.4156
89.6397
90.2904
81.7618
91.6869
92.8519
103.547
102.452
86.3076
93.3097
99.8023
104.699
92.1386
89.2325
95.2817
87.0424
99.6548
87.4322
99.4789
98.1727
79.3223
78.845
91.8642
91.2986
96.7779
94.655
98.6109
90.8951
93.033
91.6917
91.2496
95.4895
88.4882
97.0929
94.4139
95.5845
91.5592
96.3411
96.7195
97.3918
98.7688
96.0261
97.545
90.2862
92.4867
93.7041
97.6752
95.4226
92.5284
96.0195
96.7386
90.7864
97.3325
89.6235
98.6
93.4694
95.176
100.272
93.024
87.7626
91.7291
87.3008
93.3914
86.7418
93.8098
90.1256
92.9933
90.8656
90.8454
90.9377
90.4507
100.368
98.5984
101.634
112.966
103.336
96.745
103.583
99.8064
100.123
97.5047
91.7811
90.197
89.0835
85.3562
82.427
94.4429
89.536
84.2509
78.3535
83.0764
86.8485
82.9778
82.1464
85.0043
87.9526
86.7259
87.7122
87.5887
82.559
88.2747
86.4034
86.0815
88.2693
88.4224
80.2229
84.2076
80.9356
93.5062
85.3438
90.8208
83.362
87.59
94.1142
95.3226
85.385
87.0353
90.2388
91.5025
81.9002
91.5993
90.6994
86.8104
92.1184
91.339
84.9932
86.4887
87.0277
84.1268
92.8797
85.9241
84.2967
84.1269
98.7998
92.0378
90.6516
86.8105
95.3758
86.7364
84.1212
90.475
93.1029
97.4946
81.5732
91.7707
83.7436
91.7682
92.7864
82.226
91.2012
84.1857
88.3224
88.2323
87.8736
86.4423
79.0463
90.0132
91.0377
92.8524
84.4756
81.4314
79.4727
85.7715
80.679
82.0208
84.4123
84.6034
83.1094
91.0577
78.7169
83.9691
87.0086
92.6996
94.3669
92.5267
83.8575
81.0957
89.2943
88.8802
85.1818
94.7622
93.9926
86.4698
81.0839
81.3483
87.6902
88.7599
85.916
90.3813
90.5493
82.3318
77.7907
79.9402
88.6283
76.3986
81.05
84.8169
101.365
86.6947
84.2509
85.4686
88.5903
95.5022
87.0918
81.4773
92.9374
99.3104
87.3086
93.1716
94.0746
97.6564
90.8031
90.4285
88.4497
86.2129
87.4403
93.2402
92.6632
84.3893
84.4873
85.754
85.6436
85.0258
85.9999
99.394
95.6767
82.1151
87.8184
89.7811
94.8254
99.0684
95.7821
94.0459
86.6719
79.6779
84.8599
82.0846
88.4795
77.7625
78.7461
85.81
85.3149
83.2937
85.7722
95.5189
95.0002
100.512
100.326
95.7607
95.7127
93.4478
101.92
95.7177
86.7741
88.3015
84.6871
92.9595
88.4755
99.2989
94.8976
84.9495
83.1359
89.4621
91.8988
91.4957
94.2517
99.5608
97.0971
95.6916
96.2088
93.1434
95.1186
88.4236
91.5425
92.3371
97.1055
93.8225
102.259
94.0828
99.2584
102.8
94.8763
100.558
91.0143
96.3063
95.2463
96.8682
96.0572
92.8589
97.1432
99.5595
92.636
97.4582
91.8316
97.8076
93.4027
96.7353
101.652
93.1211
89.0923
92.8541
92.1261
92.9043
88.0375
98.1014
90.9245
96.0305
93.6336
95.9211
94.9796
95.3082
102.416
100.549
106.912
112.349
100.927
98.9675
105.897
98.5183
97.8861
95.9504
95.2525
91.991
96.7664
87.3961
87.4408
92.9409
88.7068
88.0985
82.1101
79.7618
83.5831
84.7973
83.8647
86.885
89.7878
85.2079
90.5266
86.0131
85.5833
90.62
86.9145
85.4836
87.9143
90.638
81.6111
82.4843
89.6069
91.0074
88.0422
91.2748
80.5054
80.2423
97.2342
97.4584
91.8417
89.0593
87.31
81.0681
84.9978
86.0387
92.4169
85.5069
92.332
89.4753
80.2363
85.138
87.8968
91.3632
91.0386
90.2581
84.5968
90.642
97.1496
95.4332
88.1963
93.2599
91.8195
83.0652
82.4069
80.7355
94.2464
90.7117
79.6857
92.9266
88.6948
90.7899
94.4858
85.5368
91.0107
79.297
78.2898
87.2525
91.506
90.1403
72.3214
85.3093
91.1494
91.2247
85.9913
75.2337
74.7185
90.1232
74.6744
83.4908
78.5657
80.8786
85.2603
85.0119
75.2747
92.3188
83.6088
90.7147
92.3925
97.7421
74.1902
91.3921
91.2726
90.0039
80.5664
96.2594
86.0165
92.936
94.9828
82.506
90.118
88.1653
86.3728
82.6896
88.7963
91.2723
82.7237
81.9957
81.7876
73.4478
80.8567
84.7676
95.2942
79.5262
83.0816
82.819
82.5915
97.2967
84.8455
87.8974
95.1943
99.3628
87.0759
94.2633
96.3793
93.8008
93.6726
88.7552
91.5823
88.3513
94.5767
85.2599
92.1435
79.7177
83.9762
84.9352
85.0386
87.7071
86.4313
100.471
91.9361
77.5054
82.0009
87.0349
91.7231
98.3247
94.209
89.7387
82.6058
81.0445
85.4209
86.719
86.2712
87.0785
84.4608
85.0598
86.6521
82.0576
90.8221
94.6588
95.347
92.7918
96.4395
91.6811
99.1753
92.0912
95.3002
99.6787
85.144
81.4876
88.4834
86.7944
89.7599
97.7881
90.6331
89.3947
90.5728
