-10.4695
-3.94603
-12.8717
-14.2327
-9.37154
-13.1629
-21.4184
-15.5313
-38.4849
-29.0407
-21.9825
-15.0066
-16.9622
-24.3405
-30.1114
-23.7341
-28.734
-27.6589
-25.3513
-22.9932
-23.0295
-23.1842
-33.4237
-31.1169
-32.3281
-47.4528
-47.1077
-47.1183
-46.4958
-44.5298
-49.2914
-49.4594
-21.0493
-9.69651
-34.5001
-34.1671
-18.9052
-23.421
-17.5988
-8.61302
-21.4712
-23.491
-20.3222
-15.6611
-17.4151
-20.1517
-24.4298
-22.0697
-21.4006
-16.1258
-12.2931
-18.8335
-24.1976
-19.4582
-22.6439
-26.6921
-27.2291
-25.114
-20.5661
-27.0701
-25.1694
-20.6319
-26.0685
-20.931
-20.1366
-24.5809
-27.1452
-16.6385
-24.2527
-21.5744
-20.0524
-18.8465
-19.3355
-17.1015
-22.8467
-16.001
-18.9533
-13.9111
-19.329
-20.7521
-17.5379
-19.2707
-23.003
-18.9231
-17.5162
-22.8702
-25.1525
-16.2956
-22.5822
-22.4747
-20.1846
-29.238
-21.2796
-21.4061
-16.8367
-19.5636
-16.5248
-19.1253
-21.9367
-22.6802
-9.90164
-15.1297
-6.39354
-8.44184
-16.0881
-11.3781
-10.9246
-11.8619
-10.6766
-6.50196
-12.6575
-14.5286
-10.0404
-13.2401
-13.5651
-13.1106
-9.01773
-8.25694
-11.4007
-5.66629
-9.76568
-4.88504
-15.154
-10.8677
-12.8542
-10.7332
-9.95327
-17.6144
-11.4104
-17.6197
-13.5479
-13.3526
-16.787
-14.3987
-21.7069
-13.4631
-18.759
-19.7346
-13.4834
-15.8156
-16.5198
-19.3225
-11.7566
-9.48001
-14.5775
-16.6095
-6.98384
-30.1779
-42.0466
-33.5298
-15.9526
-1.44626
-20.3016
-20.466
-12.7962
-2.13215
-9.64227
-9.93889
-10.7891
-12.8844
-10.1942
-11.8187
-11.8225
-8.16045
-11.1171
-13.523
-9.68557
-17.9634
-9.31817
-4.96282
-13.2664
-11.4513
-1.57776
-6.13929
-11.4605
-7.84266
-12.7693
-20.6119
-4.34741
-2.61513
-15.1891
-11.3709
-11.9506
-10.3143
-13.5595
-17.4745
-15.5361
-13.4054
-14.917
-15.018
-18.0303
-16.9361
-18.3283
-15.265
-16.8871
-19.0161
-10.6794
-12.9947
-14.4613
-21.8633
-13.9437
-11.0693
-16.5729
-5.91431
-10.0666
-7.52896
-5.75413
-9.26141
-14.9662
13.5127
19.6313
9.22889
13.9437
15.0824
11.5429
13.4423
16.4089
9.5839
8.55432
7.37127
9.45551
8.79296
10.424
2.63551
7.2576
6.93432
8.49452
4.95843
12.21
8.12457
7.54043
7.57591
-2.99079
-7.07715
-1.57924
-9.23044
-9.65219
-7.12898
-4.18483
-2.05033
-1.19874
-0.18474
-1.54208
1.56231
-0.358196
-3.31038
2.75541
0.939135
1.86293
0.161121
-8.40954
-9.04358
-2.35826
-1.65083
2.70695
10.2064
-2.03616
-1.8237
5.0384
4.17137
1.95198
-6.37573
-7.96591
-6.83691
-7.8713
-11.4606
-3.62036
-1.86917
-0.247964
2.76384
0.920126
4.25718
-4.91445
-6.15679
2.56877
-1.70473
-4.26747
-6.27419
-8.77881
-5.74125
-9.14653
-7.55621
-9.484
-12.6594
-8.18357
10.5178
-16.6105
-0.999152
5.26578
-8.14146
12.4121
5.65516
7.90303
7.87155
-4.61781
16.3326
14.354
25.0901
14.8306
22.3564
19.6619
13.9799
17.7112
16.8954
27.359
14.4027
13.8971
14.8326
25.1043
19.8333
15.1298
21.2896
14.4135
20.3597
21.1031
28.7684
24.4997
17.9762
16.0206
10.6401
3.3089
-5.32347
1.92139
3.64866
7.98837
16.2211
14.397
16.5112
12.4249
11.2892
12.7849
9.2977
13.3134
13.6727
23.3805
17.5583
11.431
20.0829
18.3158
9.94977
25.6082
25.8815
16.7838
12.2463
12.2802
14.4066
11.4664
11.9746
15.2219
6.74397
7.11601
6.70382
9.99871
7.65111
9.46207
14.5502
8.08156
12.6755
11.18
9.2162
6.97947
13.3163
10.7469
12.7698
12.6858
10.6019
20.1522
17.2397
26.0882
25.3925
6.57967
7.18773
15.1561
10.7478
12.8382
20.7349
26.5813
19.1063
31.608
12.5998
-2.91702
-23.419
-19.7368
-10.173
-13.4746
-3.97649
-4.38853
-13.1894
-22.3482
-13.8423
-6.07082
-1.65249
-1.88068
-1.78674
3.39677
7.31453
10.1626
11.7492
23.0674
13.7442
8.7448
-17.0037
-13.323
-17.0191
-25.501
-9.35933
-6.87924
-9.58371
-7.22387
-13.6001
-10.3793
-7.95364
-10.5898
-11.7853
-8.48489
-2.89704
-9.33243
-10.0955
-6.81555
-12.3437
-14.8493
-24.059
-18.8599
-21.4222
-14.096
-21.3287
-17.1816
-9.93976
-13.5983
-6.82992
-7.09903
-15.9172
-9.54537
-13.1908
-13.3373
-13.8743
-13.1421
-19.8077
-11.8092
-9.79107
-5.47154
-9.83279
-11.3137
-7.32026
-19.5436
-17.6945
-17.0935
-18.4773
-23.9674
-27.9965
-31.8393
-31.6695
-25.5702
-24.0892
-29.2291
-26.5456
-27.848
-25.8922
-24.5445
-23.1629
-21.79
-20.7896
-20.0463
-28.0413
-31.6463
-32.2325
-35.0854
-31.3836
-29.3921
-32.087
-26.9028
-29.3802
-32.4572
-28.3809
-32.9088
-44.5347
-50.2253
-42.6526
-36.2521
-39.3244
-40.0137
-41.2458
-41.5125
-39.411
-31.0807
-25.4717
-23.4305
-11.2603
-5.15101
-6.84308
-1.82947
-22.1863
-40.079
-30.0612
-27.7164
-40.8165
-43.6988
-47.0182
-49.9716
-48.9694
-50.9595
-31.6907
-17.3824
-16.0687
-21.6453
-41.2403
-44.9723
-41.5814
-48.5876
-53.8352
-46.2415
-51.0484
-52.0581
-51.2475
-50.8965
-48.3765
-52.4845
-55.6933
-52.5091
-53.2042
-53.3178
-53.2703
-56.1613
-54.6995
-57.6617
-57.7427
-56.1411
-57.9736
-56.5234
-55.1703
-57.4032
-54.4808
-51.9323
-55.5366
-54.9885
-56.1273
-53.1355
-49.0648
