31.8927
43.3798
41.5405
47.0624
47.4036
43.2962
37.9832
33.6968
22.2602
20.405
19.3464
18.9718
27.1479
17.4082
16.1351
20.7153
17.7439
21.0724
27.8542
35.8185
34.8791
44.6222
42.9985
48.5943
42.0058
39.8306
36.8865
35.4858
22.8698
22.9201
27.6753
26.7233
21.0279
12.6634
16.0869
18.043
32.1283
21.6805
16.3058
19.0436
19.0844
23.7189
7.31348
-0.879116
11.8482
12.2085
13.1955
9.92346
3.83532
18.7798
25.2027
14.7373
9.59444
11.382
15.3315
5.10818
14.5211
22.9847
22.2552
9.14854
9.67108
18.7328
17.0483
10.0965
13.4343
21.6608
17.0522
11.0808
9.89118
15.0582
19.7312
22.8668
9.6696
16.3263
19.9268
21.4672
16.9811
18.9756
19.8491
29.6787
9.13686
9.28771
18.4718
22.0891
12.9986
18.1223
17.7111
18.8842
16.6868
27.0753
9.62326
15.8206
21.7407
22.5486
21.8995
17.9514
25.069
24.5535
16.57
2.36126
22.4744
23.0007
31.1162
11.0298
15.9167
12.0538
23.7402
16.2152
18.3676
19.1272
14.5643
21.5847
22.1904
18.4086
15.2011
14.5516
21.7429
23.2044
27.1339
22.3481
23.8815
24.6565
18.3358
18.6405
17.7234
17.1855
26.6038
8.59918
23.6037
22.8205
20.9316
16.9139
36.1945
22.8101
21.2875
39.9838
16.4227
29.0133
38.6756
42.7962
45.2186
49.613
40.4342
36.2038
30.374
17.2229
23.9831
15.2026
18.8348
36.3402
13.4672
12.077
24.3841
15.8325
21.9502
27.5017
34.6967
41.649
44.012
43.789
46.0431
42.7212
42.706
31.92
33.016
19.8522
21.8511
31.2022
26.9299
11.7067
8.26676
20.645
22.3321
33.6511
20.263
16.6809
14.8223
21.4804
17.3507
11.8325
2.54552
7.32942
6.91499
14.0356
13.349
2.70708
11.2817
27.6474
10.2479
12.9003
9.93137
20.2978
8.54728
14.5437
24.7688
21.8855
11.2942
12.7471
13.6981
21.0669
-1.48537
18.231
20.6472
9.49173
6.50079
6.14055
17.7744
12.5371
15.2253
15.8252
20.6749
13.6011
19.1628
21.5859
17.2901
17.6122
26.1099
1.13302
11.2334
21.5955
16.1099
18.7693
12.7205
20.4965
20.9151
17.8522
22.0809
7.50473
17.6683
25.3055
26.5082
21.9
15.516
21.8297
17.5295
14.5244
3.16415
28.3172
19.0761
25.7199
10.6786
21.7622
15.0269
20.2763
13.8977
12.5684
23.3163
21.9285
15.729
23.0437
12.1125
11.9156
22.7811
20.0027
20.6634
27.2928
21.1664
31.4922
18.2044
17.8345
19.362
16.3886
19.0854
19.2932
14.2824
20.1392
27.9125
24.5982
20.5709
27.5442
26.9239
23.047
24.3292
23.3802
38.2402
39.3515
51.1935
38.1976
49.2042
39.1965
36.1434
24.0972
21.8253
24.9063
15.3524
13.4894
33.748
14.395
13.4899
25.3974
21.4888
21.4758
27.9046
31.5785
50.4031
49.3284
43.1283
40.2637
37.4562
40.1274
35.2451
30.4275
17.0659
23.4082
29.6938
31.3285
10.7361
11.2567
22.0318
28.5883
35.2994
15.2195
15.2482
20.0339
24.2305
17.523
10.02
9.22304
10.4913
11.702
13.2045
12.3904
4.37022
14.5183
23.0036
7.76811
14.4248
7.71963
23.4619
4.05454
16.0688
26.5021
9.11954
15.5837
18.0296
10.6337
17.5208
2.57751
20.0827
15.6939
7.58874
8.0418
6.53314
24.3046
15.0625
4.78593
24.9347
23.9835
17.6461
15.3242
19.3835
23.6594
23.1504
20.7911
-1.27426
16.8265
27.2761
21.3047
21.0061
7.37738
26.8655
25.9728
22.8024
14.3522
0.629305
14.3345
25.5586
23.1585
20.0535
20.4967
20.0285
7.78548
15.0162
11.2626
29.9033
21.3182
16.3652
11.031
24.625
17.4734
16.675
11.5058
17.5475
22.702
29.6397
10.5962
19.2394
13.6186
10.3973
21.6855
17.973
19.1549
24.686
18.2857
33.9482
15.7052
13.2035
9.24115
12.9841
20.6723
11.8037
19.6515
16.0184
28.2428
18.989
22.5722
21.5283
26.495
26.6106
22.0631
27.1241
43.4333
37.6895
50.1111
41.5743
44.262
36.3621
34.1166
21.5031
23.1963
24.5511
13.4155
17.4597
19.6853
16.7592
22.23
23.5284
19.3471
18.9984
29.8437
31.952
46.4885
48.924
44.707
43.0794
33.4062
35.123
27.1341
26.3375
19.7296
24.556
27.9744
25.3271
11.9928
14.4848
18.0702
28.89
27.4449
14.8277
15.4135
16.5033
24.927
8.98394
3.74685
17.6323
10.8571
15.1577
11.1399
7.37666
8.59798
21.5866
16.9355
6.72831
13.3925
11.4922
10.106
7.24122
21.7756
25.4456
3.76311
9.0373
20.3181
12.6154
15.5912
9.65431
19.9891
16.1925
12.3614
12.1076
15.7955
25.4161
22.7255
13.527
25.0381
24.6371
22.1537
17.9372
21.812
