-31.4916
-23.2161
-25.6064
-29.5084
-40.436
-35.1733
-42.2923
-45.7891
-54.359
-59.6359
-49.0346
-44.3616
-43.4234
-24.127
-31.4549
-24.7755
-22.2229
-17.8131
-17.7877
-0.61344
-31.0747
-18.8331
-19.4491
-22.5158
-23.2749
-29.2511
-32.2126
-34.5192
-17.7053
-22.8817
-26.5067
-22.1905
-22.9403
-27.0541
-36.3113
-33.5955
-28.1749
-31.5218
-31.8016
-41.8136
-40.2696
-22.643
-28.9628
-27.0895
-29.3349
-22.9421
-13.3995
-22.6921
-14.9604
-20.2774
-0.330372
-20.7267
-27.1644
-14.4535
-20.0613
-40.8402
-38.1148
-38.6062
-33.0093
-31.6973
-23.3786
-32.8931
-32.9223
-32.026
-22.1082
-23.1356
-31.9271
-27.9798
-35.6114
-40.93
-35.482
-35.903
-33.6602
-39.345
-27.4877
-39.0938
-36.9639
-40.7912
-35.381
-38.4844
-40.4714
-44.2063
-44.6659
-52.5413
-41.8022
-42.4395
-45.1397
-53.5074
-60.7633
-55.2619
-52.4263
-48.5125
-46.6365
-41.1392
-50.0977
-48.1342
-46.1454
-51.4968
-47.2704
-42.884
-47.7385
-48.3443
-53.0897
-44.9922
-49.1481
-55.0704
-49.8692
-59.8856
-67.106
-66.1964
-75.6807
-70.9613
-57.5996
-58.2186
-57.8183
-62.3063
-56.1102
-59.7403
-69.3227
-56.56
-48.8813
-50.1717
-47.8458
-49.6994
-46.6962
-48.4821
-48.4862
-47.3505
-33.477
-42.6178
-45.5289
-40.3119
-38.5018
-38.3961
-38.8204
-35.832
-29.0565
-35.9102
-40.4839
-26.8523
-31.6171
-18.305
-22.4482
-2.43636
-6.26747
-13.0112
-6.71394
-14.8189
-18.0655
-3.36965
3.39072
-2.2881
1.60018
-5.16122
-2.71416
-6.29601
-0.947689
2.86906
-2.56245
-4.44434
-3.07698
-4.47901
9.15457
2.83315
1.74596
4.4669
-12.0913
-8.30875
0.181602
4.74156
-5.43421
-10.0734
-2.19616
0.306051
1.45845
-13.7929
-10.0832
4.19618
-7.28178
-3.89994
-13.6414
-2.43305
-9.91529
-5.36693
7.9842
12.1588
5.1593
-10.9746
0.28961
0.48454
2.40296
7.54269
-0.783536
0.688582
-3.61103
-0.826586
-4.84813
3.72451
-24.2694
-11.8965
-13.0408
6.7668
-14.7037
-2.64378
-15.8524
11.234
-6.11942
-5.98995
4.20925
-4.72641
-9.9211
-3.28703
6.11193
