23.943
-0.0450469
18.5593
16.6253
9.43919
4.07586
1.83656
10.8147
2.88069
2.35046
18.9506
12.8221
10.806
9.96876
8.05023
11.5583
5.71944
3.41941
5.49754
-3.58863
9.57962
14.5653
9.32646
14.1711
1.86321
3.53396
6.00853
-0.332689
7.9777
7.48827
5.86785
8.31567
10.5897
13.7846
3.58476
8.49034
2.80093
8.03563
10.72
4.63515
6.00098
10.8135
14.7592
4.40567
13.5817
10.9929
14.4055
12.3453
4.69036
8.51729
13.6788
6.99112
2.78139
7.24902
11.7573
14.6293
12.8061
4.43806
11.421
8.50999
5.97593
1.27181
8.17214
16.4194
14.9856
8.29693
15.8681
20.309
34.0751
35.5293
31.8465
26.9586
25.5218
16.2323
11.9291
12.8662
16.7265
14.0717
17.5584
20.6703
16.9198
13.7507
16.1612
21.148
19.6791
18.6758
11.4962
7.92717
6.00715
4.65277
6.05751
3.754
-1.04034
0.418594
2.87705
6.41752
12.8094
17.1632
16.2775
18.419
18.3372
11.0927
8.72724
10.3226
9.81119
5.93458
8.26103
7.23507
8.50794
12.3945
20.7242
24.3776
14.4445
17.9016
14.609
9.31379
10.9418
9.51605
9.10511
11.1041
8.51456
2.99285
5.95859
12.6973
10.5976
5.86052
5.21573
8.03905
8.44769
18.6129
17.2449
17.9283
18.1498
16.9119
17.5978
8.46726
13.1131
17.8692
9.07345
20.0622
17.7592
14.9416
21.3593
17.9838
22.8067
21.0537
22.2745
24.2267
24.0486
26.9295
24.2415
18.7552
21.7758
15.4829
18.6427
16.7586
21.4527
15.1356
23.4685
31.2334
25.1423
38.0897
26.277
34.6941
34.6834
29.2321
25.9885
27.2987
22.3403
20.4169
20.685
21.3575
26.9133
27.3439
24.0333
21.6945
21.0155
26.339
25.9114
24.3365
19.3556
19.7007
25.3014
20.7586
22.3122
25.0279
26.9099
21.6409
20.5878
23.7795
26.2278
26.765
24.356
26.1905
28.731
28.4678
28.6353
27.4487
26.0827
27.4636
31.9186
31.3234
30.0707
34.9623
35.545
30.9714
32.816
30.4668
25.3811
27.3908
25.6242
31.9894
24.0008
33.1126
31.0702
32.9334
39.6385
34.7527
26.3582
30.6125
35.0829
56.2829
60.5384
58.0969
50.0216
43.1526
42.3909
41.7428
40.9254
41.4742
47.7929
45.4511
53.9523
58.6191
52.4519
23.1695
9.43059
11.8702
19.9242
17.3309
18.3112
15.5932
21.5678
24.6865
18.4396
12.6755
19.5565
12.7621
12.9783
11.7073
16.1903
19.411
20.2102
20.3806
19.0163
17.4121
22.1139
18.6988
18.7142
16.468
24.6814
23.3829
27.4165
20.5513
23.2226
20.8269
23.4648
17.0954
22.3784
24.0527
24.2189
23.5568
24.1834
18.4786
16.1913
12.8394
20.5368
18.8129
34.8518
17.2661
12.759
19.7182
16.2273
25.7705
20.6575
27.8251
21.9888
17.83
17.9608
23.5416
27.0949
27.2015
21.88
15.058
16.4762
11.4207
10.7527
15.1758
11.3601
9.22306
10.3621
13.6305
16.4201
9.94309
10.9399
12.5321
8.26287
15.4389
14.4318
19.0761
20.6547
22.5075
18.7036
18.2659
25.2596
23.9305
21.9088
17.8324
13.7058
14.2214
11.7524
13.814
13.5743
20.643
29.0069
31.9825
37.434
26.5068
21.0782
25.3275
21.256
25.4881
24.9263
24.0124
24.4428
29.2098
28.5694
22.3688
23.6175
26.2928
26.384
25.8701
21.5772
21.6799
27.1894
27.8442
20.6965
26.1575
26.352
24.8051
15.2619
19.5443
17.379
20.3518
24.887
28.8105
23.219
21.1412
23.5212
16.4412
27.4413
20.8953
13.646
18.8235
12.89
24.0713
13.2686
27.8843
27.3459
29.9719
26.9103
25.9668
28.4271
31.576
22.1054
21.2013
23.4988
19.8839
23.3538
19.3267
20.9162
20.457
24.4082
26.3732
26.421
18.716
20.064
19.5854
26.4595
25.9812
23.0227
29.6535
23.5487
29.7044
24.2705
26.8104
18.6695
18.7146
20.9409
28.4542
29.261
29.2798
18.0943
14.5179
25.4785
28.4177
23.8904
22.5412
21.4243
19.6048
21.1644
24.2912
27.712
28.9945
27.5036
25.3915
32.9923
33.5487
25.6
30.9606
20.343
23.0858
23.5121
28.8214
21.4346
19.0599
15.9355
18.2235
20.7328
20.96
21.5207
20.1274
26.3847
26.326
28.9856
21.1798
28.0211
21.5828
26.0902
27.0207
19.7146
21.4731
18.319
15.8843
17.3761
17.5507
24.3213
24.6638
29.0013
21.0514
20.5729
22.1502
22.3808
18.2799
15.6037
23.0388
18.2414
19.4692
16.7498
17.6259
18.9635
17.0057
15.8137
13.0397
16.1183
18.1726
16.1535
20.567
23.5787
18.1263
13.21
19.628
17.2113
18.8513
8.93915
24.6068
19.3149
25.3173
21.2755
27.9997
27.3427
19.444
28.3248
21.7658
27.9826
22.1254
26.769
19.9765
21.8138
30.0943
30.0023
21.2443
22.7469
21.683
24.0512
16.57
18.8125
20.7335
22.3564
20.4082
17.7468
14.4818
24.5364
19.6877
12.8309
20.5063
22.6754
20.7387
14.3618
23.1189
17.7124
16.7725
18.1229
20.3316
22.5911
22.6367
20.5474
21.7963
17.7986
18.5378
21.804
18.3871
15.33
12.901
10.0116
16.5432
17.0034
17.447
19.3273
17.1851
19.0064
18.3554
17.9327
17.4844
19.452
17.0027
17.6955
19.0916
16.6904
17.5788
18.6156
19.2023
23.4902
58.8623
50.617
60.5841
55.2273
50.3512
57.5426
52.838
55.741
60.2448
52.6693
13.201
20.4715
18.8428
29.8228
26.786
13.9467
20.9037
34.5479
25.2728
12.6796
4.93663
24.6449
25.4774
25.0842
12.8342
15.2155
20.4979
29.6876
31.5071
32.5501
25.2118
14.7217
9.05773
8.73557
7.93544
6.1696
4.30475
3.919
10.4527
7.91425
16.6812
12.7918
15.1563
13.7525
18.5151
19.5299
20.844
20.0902
25.4434
22.9407
17.2951
21.9754
25.7036
24.5404
21.349
16.6944
16.2217
17.2123
20.7359
22.0919
18.726
16.6809
16.4536
10.1584
22.0111
14.2746
18.4457
17.7661
18.124
26.4036
34.0714
24.5101
26.2719
18.5894
12.9069
23.9739
30.4837
23.3923
21.7326
17.1674
30.3081
23.3385
24.7976
16.1259
23.9254
20.096
14.8037
17.3644
11.1209
24.2994
26.9186
34.6932
34.7806
29.9145
23.4984
17.4971
22.583
17.2732
9.04636
15.6685
18.1902
10.9335
24.4754
14.542
2.59574
6.22906
20.5577
36.1941
20.9595
16.1871
25.5314
29.423
25.518
25.3582
19.6584
18.985
24.3058
27.7632
25.6618
21.4281
30.6764
32.212
33.3006
34.9105
31.7619
34.2562
38.9592
29.064
33.3265
31.9026
32.926
35.0154
33.6073
34.1165
33.3052
36.7456
34.5916
35.7341
31.363
27.8875
26.6095
26.3142
31.6042
32.0619
32.4443
34.2591
34.5263
34.2968
36.1589
34.7299
39.0731
33.9135
34.9387
34.0199
32.7216
27.935
31.1708
32.4144
27.8915
32.6043
30.3513
27.436
30.7889
31.7883
36.7595
32.9024
37.1209
35.2713
36.8718
34.0861
32.435
30.7492
33.9508
30.6638
32.97
36.1509
37.5027
38.2802
35.7587
39.2613
33.2976
37.3925
33.557
33.0032
35.0723
36.8893
32.1133
32.0668
35.351
36.921
35.5718
34.7943
36.3555
35.9762
39.128
38.9822
38.0125
39.5512
36.7073
39.2466
41.3358
42.964
41.9998
41.4409
45.0486
48.1038
51.3599
44.2703
44.7421
45.4156
43.8238
32.1524
17.1365
26.3993
21.3598
17.8946
19.3196
17.7825
15.7985
19.118
21.4619
21.8857
25.854
29.7387
32.0653
31.6926
28.4419
27.6996
25.2361
32.0766
29.8231
27.8843
28.994
34.1194
35.4972
28.6156
33.6634
30.2728
25.8355
30.5693
25.8071
24.3726
27.8134
33.4974
30.3171
33.5995
23.9391
21.0208
33.3506
26.2948
27.2152
20.5839
31.7065
23.8642
28.3358
33.4299
24.7146
25.8488
20.4036
26.0514
18.7149
14.9625
19.6993
19.6742
13.4812
22.3319
21.5438
16.7359
14.9534
6.96601
24.6616
18.5244
12.5589
16.5984
18.9026
20.2586
17.6336
13.4508
20.3046
17.5648
18.6789
16.0678
17.4156
21.1584
19.0548
17.7642
17.4427
14.1505
16.0234
14.5688
12.0909
17.2863
15.4564
22.0589
15.861
24.4534
17.1865
21.7389
21.5518
25.2745
20.8962
25.795
32.2821
23.7513
28.5311
28.4754
25.6831
17.4329
20.1757
17.8157
20.0504
26.6411
21.4053
21.8887
14.651
22.54
25.3211
29.2786
23.0771
25.1779
19.574
26.6718
34.9481
23.7427
24.3291
24.7714
22.2238
24.727
26.9495
22.5895
22.2232
23.5643
32.8086
23.2103
31.9014
30.6991
32.7678
32.6981
34.4552
25.7289
20.2608
26.8539
29.0088
36.2566
42.2834
41.2009
45.3795
39.7985
43.0031
42.7767
39.0107
36.7014
40.3158
35.843
33.4674
34.1841
38.5934
35.7398
38.5588
39.8682
40.9385
43.1308
38.642
40.4846
41.4969
52.8272
42.3842
38.1512
40.6091
38.5116
42.621
42.2494
44.9759
46.2372
38.8172
41.4645
33.1434
37.0904
43.825
42.0634
44.4678
39.7391
45.5363
42.7125
39.2972
33.71
40.9608
43.429
39.8461
40.4265
32.6103
42.4152
47.1036
43.4104
37.5869
35.7901
41.152
39.082
37.3581
45.4366
40.3074
48.8789
44.8807
37.8061
49.2435
45.236
41.3539
38.2473
43.2527
47.7133
42.0776
36.7068
41.2282
36.805
40.6072
43.9605
38.8363
36.2265
37.2805
40.5566
42.4138
47.4472
40.4909
39.4917
40.4008
42.0247
36.2211
31.6809
42.5163
36.4858
