20.2364
29.5688
18.165
8.17858
8.63903
6.70451
0.588322
3.18629
-3.69919
2.70474
11.2228
6.08137
11.0928
15.8089
13.3345
14.0284
17.6987
15.0502
9.72954
5.20027
0.322562
-0.221483
5.22624
-0.608702
2.19026
-0.800129
4.90014
7.77137
6.90053
-1.31942
1.86408
-0.0889088
4.0596
2.73955
18.8036
4.71201
6.10542
1.52406
-3.11032
-10.8855
0.788976
8.88052
0.111765
8.37922
1.1784
5.95441
6.37857
21.4993
17.2141
10.952
11.5796
21.1443
9.27304
10.5004
9.47881
27.4842
15.5722
22.581
25.8573
15.335
10.5914
11.8321
10.1622
10.5031
10.5645
13.0806
10.8983
6.96357
11.9687
6.38783
-0.822118
-8.48549
-6.11433
-2.1053
-7.30925
-7.34209
-10.2421
-5.43508
-9.16237
-8.0438
1.01297
-1.25799
-4.77834
-9.73427
-6.15356
-3.61971
-9.16875
-1.96684
-6.49903
-17.4606
-20.6128
-4.17923
5.72494
7.89375
2.87078
2.85777
0.369087
9.78167
10.9272
-3.59409
5.94014
2.73049
-9.36623
8.9992
36.3041
28.5131
26.8874
30.6653
19.1409
19.5145
28.2724
18.6538
23.4192
27.0415
29.3875
27.5751
28.8385
27.5534
31.4869
24.577
23.7669
24.6919
25.8802
18.903
25.9183
19.9017
21.8075
18.7828
30.6186
24.727
29.9773
27.3248
29.2021
35.838
33.3734
34.4637
28.6688
32.0768
37.6603
41.7
31.4437
35.9188
35.9405
40.0089
39.6593
34.4104
33.4807
41.3
37.0919
37.5271
32.3785
28.7459
30.3161
29.3114
30.3133
32.894
29.5328
32.7337
31.2127
35.5381
29.6982
32.9096
35.2442
27.1688
33.3622
34.9962
34.2341
39.9868
37.1856
31.9997
31.2308
30.5143
32.8151
31.2729
28.6574
26.9125
25.5606
21.5838
27.4317
25.8857
26.6604
22.6073
22.5258
24.1002
29.3165
28.4355
30.0539
17.7609
14.3528
14.1182
27.0048
24.126
32.9877
27.9029
32.6797
30.9189
29.3187
36.8331
25.2898
18.6126
22.2107
25.3229
21.1453
19.4258
22.645
21.804
33.9554
34.2626
32.6456
37.9569
41.0102
38.1805
31.5955
34.8955
30.6124
13.535
34.7821
46.6363
32.0934
41.5917
40.3225
43.779
41.7694
41.774
37.8701
34.0076
33.0847
40.9901
35.7842
36.6244
41.7333
37.7513
38.9613
40.5428
38.8414
39.5189
34.262
38.3158
36.4139
41.858
37.94
44.18
49.9721
48.2338
46.0244
49.9187
37.9304
42.6716
38.8804
44.0339
41.3059
36.1965
45.5979
43.055
42.3401
42.3207
45.7646
40.8333
45.7267
48.8841
47.3274
50.67
57.9441
56.9819
63.8898
61.9664
54.6015
50.7762
50.8641
57.3722
57.6663
62.4882
62.1152
51.777
39.7485
28.3774
42.6655
51.0647
47.2042
47.6577
60.3859
58.1261
50.935
59.9217
60.2283
54.569
52.6209
49.8806
47.1814
43.8261
47.6287
41.681
49.9328
44.9058
44.9652
40.5265
33.8051
43.6046
52.8353
47.0435
51.1375
51.0351
53.1847
50.6253
46.4566
46.4543
47.3177
42.2247
50.6122
46.2116
43.5363
45.969
47.1985
58.0409
55.1621
47.4454
49.9119
50.6205
45.8435
48.8994
43.7648
53.6642
49.957
45.5752
45.0826
43.2245
50.9652
45.8054
50.7339
47.0829
48.3587
51.2747
48.6129
47.1121
45.5698
44.2152
40.3244
44.5264
48.1979
48.6767
46.8996
44.0657
42.7457
42.4273
48.5306
48.6462
47.9147
58.0448
52.0716
49.9261
52.2614
51.618
41.1151
47.2113
50.1778
50.0093
52.9884
54.3105
56.6049
52.5977
43.1055
45.0714
35.1035
37.1697
39.0644
48.9642
45.1506
43.0984
48.2992
49.884
45.7471
46.8128
48.0385
51.8657
50.5596
47.5796
48.0939
50.537
45.8529
51.3101
45.2707
48.8948
53.0047
52.1832
42.0861
45.6038
51.7347
45.4895
45.7062
43.031
35.2455
44.217
47.7878
38.5693
24.9605
