26.9191
35.959
36.8207
32.4253
32.6275
33.1326
24.2139
19.5727
14.5296
10.1844
2.10512
2.53608
-2.01458
-7.17273
-1.9376
-0.547641
6.41705
-2.84122
-2.35974
5.44487
11.0636
28.0967
40.1405
31.9173
43.7696
37.0665
34.4188
38.8033
33.1704
20.1173
27.0808
21.2162
26.2544
23.8655
33.3547
26.1647
17.7572
28.8313
19.4721
19.5992
24.5774
28.5593
19.1103
7.4135
-0.0290053
23.5358
15.9728
6.21995
9.98128
17.8128
21.8458
11.4216
16.4192
19.6231
16.7282
2.99083
10.3615
14.2352
15.2878
22.6406
18.8957
31.956
22.3239
12.1421
17.7558
19.3952
17.2374
12.4202
19.751
11.6784
7.78811
21.4495
16.1485
14.0053
13.9873
19.9377
27.0593
22.1795
21.2707
33.2331
16.2508
8.61602
23.7975
27.5137
11.9015
18.1096
26.8793
20.7058
22.5464
18.9555
19.9039
15.119
25.4821
25.0087
25.8918
21.2792
25.774
16.8469
16.1578
15.2018
26.7708
24.7636
18.1468
21.573
14.5481
19.4284
25.4543
24.3128
17.0802
27.6786
17.4061
23.5675
7.21417
16.9115
27.3713
27.5268
18.2662
17.7041
21.335
15.3431
16.4102
19.8607
27.8937
21.6795
6.64651
18.6647
12.019
11.1333
24.4498
23.6825
38.2024
15.0876
18.8598
26.7784
17.3206
16.2283
19.7248
25.8256
36.0404
28.8618
35.1566
31.8481
22.8354
23.2342
18.7107
11.9533
13.6581
-1.7235
0.250514
7.96045
-4.19386
0.797046
6.08298
1.10673
2.56942
-6.45927
6.26411
12.8936
36.0554
35.0397
38.7649
43.0765
33.1901
34.7504
36.2526
26.3183
22.512
29.8995
21.6832
19.5797
27.738
26.4003
24.7833
21.3301
25.3872
21.9383
16.2102
25.5314
27.7838
20.3973
6.6216
3.59121
23.2407
14.8748
9.8531
12.9472
18.2475
19.9476
11.9728
17.9076
16.9355
16.4122
10.5558
4.64072
17.29
20.1923
17.9855
20.9182
28.1033
19.1995
12.7398
22.6666
13.3094
15.3353
10.0371
18.6584
12.9436
9.39359
17.0754
14.0663
20.0169
18.8831
18.3178
33.7369
21.8506
18.6224
33.0893
16.5215
12.7169
22.5639
17.4063
12.2193
18.6319
27.1691
14.6984
21.3114
11.459
15.6112
23.028
32.5587
22.3966
23.8299
24.3215
13.3372
18.978
10.8572
17.0294
32.1544
17.0658
13.268
20.9298
16.4584
19.2871
22.997
24.2286
15.3596
22.5267
24.1135
17.7182
7.5676
18.1853
25.9859
29.5099
16.4672
18.1055
22.2876
18.1356
26.4436
18.4948
30.3301
22.7446
13.5568
16.067
12.1188
20.1588
23.1564
21.0466
39.7558
8.82227
16.2026
29.4656
15.8055
17.5929
25.8204
29.9588
41.0606
30.6028
32.55
37.1368
21.6932
30.2471
16.344
9.25278
11.3957
0.0516181
-9.79906
3.8158
2.46338
-0.0704817
8.1966
-1.81899
-0.508734
-6.72709
4.2751
27.0199
42.4762
30.4137
47.6215
40.3136
33.2901
41.1463
34.9701
18.0984
29.9701
28.4075
30.0287
22.6856
33.812
24.7928
24.3993
24.6627
17.5749
23.2183
18.557
27.5084
25.8725
17.4459
2.65916
10.9814
23.4842
14.4788
14.7155
13.7163
23.9778
17.5843
16.6474
21.6943
13.4303
11.5828
11.6664
0.345155
20.4409
14.1238
21.3855
29.2199
22.918
10.0543
18.1337
22.9657
12.8255
16.6061
11.0882
18.8807
9.3434
15.1739
10.5349
17.8681
18.5472
22.4372
22.0455
32.5961
23.7954
21.9177
24.709
14.9012
19.8682
30.0792
14.2958
13.8629
17.8814
29.7067
15.7119
15.8447
9.6866
8.67877
22.8894
35.8443
21.5591
23.3153
33.1163
7.32928
13.8289
9.73894
21.2847
33.2975
13.8043
12.6727
17.433
18.4788
26.6042
23.4633
22.817
21.7272
20.7456
28.452
14.067
12.2958
21.0048
22.6465
28.1322
15.1155
14.8608
17.3345
15.8542
21.4629
