102.562
109.843
109.738
122.079
117.856
118.934
119.981
122.694
120.697
124.879
119.688
118.526
122.067
122.017
116.99
113.3
112.153
121.123
119.164
106.919
102.733
115.351
115.078
118.65
118.312
119.674
116.476
115.424
122.288
115.934
119.629
118.014
116.464
120.62
121.225
121.746
117.295
118.695
120.088
114.084
118.288
115.879
116.29
108.815
115.299
118.761
118.044
113.23
117.556
118.129
120.164
119.952
117.344
119.263
119.178
121.307
119.671
117.158
123.643
120.752
111.548
110.606
112.007
113.801
114.842
113.496
119.14
120.834
118.206
122.107
119.115
127.889
121.971
121.371
124.445
124.107
119.309
120.998
125.409
121.427
118.438
121.378
119.882
120.322
116.349
120.628
126.443
122.398
129.527
132.952
122.262
128.577
124.907
127.29
124.373
124.7
118.248
118.275
120.283
111.875
115.507
111.689
107.478
97.146
93.7898
83.7967
85.138
78.2528
79.2201
79.7237
81.9677
84.5619
77.4527
82.6452
87.7768
91.4677
91.5826
98.049
95.4247
97.7097
97.1882
88.9558
88.2887
86.7981
79.1811
87.9567
84.7637
82.2394
80.4506
82.2515
81.6605
72.4038
81.2012
84.1052
88.6059
85.2809
87.0653
79.6386
80.8502
90.5317
87.5127
83.5431
88.76
87.0661
86.9334
89.9278
91.8589
87.9959
91.1486
91.2396
95.1902
91.5256
87.1556
90.1696
89.4887
85.0295
90.7065
87.8753
87.7869
86.4576
87.5564
91.0617
89.4454
98.3134
92.2601
101.009
102.761
104.656
114.135
93.7226
96.1899
88.4575
104.449
106.495
104.336
87.6394
79.3102
81.2657
84.6436
85.5394
91.3196
88.9213
84.2314
94.4017
98.9714
98.5135
99.1578
90.4907
89.8991
98.6345
94.3979
99.7659
92.5737
95.4782
91.722
93.3417
100.9
94.9017
89.5107
92.9091
95.4628
99.0226
97.3979
97.6341
101.419
103.143
98.2112
104.831
105.816
94.254
101.398
120.085
125.883
