26.6988
18.6751
14.927
18.5078
18.2048
21.949
20.9474
18.8124
20.5916
30.8827
20.934
32.8863
36.4071
29.7778
28.3966
15.0559
35.0928
25.4359
24.6113
37.4688
20.5736
3.81084
12.5952
23.3363
14.6923
15.4776
12.587
11.5591
10.6998
9.95316
12.6699
15.8485
23.9978
24.9515
23.8249
15.9111
13.6328
21.017
8.89527
10.1358
7.72522
5.81187
9.83574
7.42386
23.96
18.7901
19.0011
19.8238
32.1731
28.2664
22.4017
28.558
37.4325
38.4635
36.0398
22.8651
15.5402
10.8564
12.7223
8.62137
15.8371
12.9393
12.5039
7.48941
16.4344
9.64601
6.62241
12.9457
1.25244
5.4375
4.37199
2.81354
13.1709
1.25955
1.35533
-2.10576
-2.47779
4.76069
2.16221
8.79557
3.82237
6.11692
4.73762
0.983391
5.43851
4.70153
10.2578
-1.83785
-1.54908
2.71873
7.28162
3.42076
7.68516
7.41628
1.49659
5.52218
3.56203
0.312378
-1.49169
6.13191
5.33008
4.60297
5.63616
3.09842
11.0321
-0.460377
-2.17761
-8.4237
-2.82405
4.41443
4.0079
5.82551
14.4192
4.03961
0.281292
-1.50733
-3.40051
3.688
2.40067
10.1014
16.5595
11.1372
10.621
9.81299
9.75175
13.4822
16.6931
15.9047
21.8906
15.5032
18.5126
14.4129
3.70313
4.44003
5.41826
8.50158
13.5864
7.43419
8.52772
10.7042
2.61649
20.116
12.5229
23.7099
12.0817
10.5535
17.7393
18.9294
13.7411
7.16321
12.9897
7.16849
15.4645
13.5454
18.742
5.29917
7.62999
21.1524
11.5748
15.7934
5.90701
9.78047
8.72342
14.9204
14.074
21.678
20.7273
17.9722
33.3409
16.3423
13.8998
21.7417
13.9403
30.2948
23.5739
25.8901
24.6667
14.3232
6.14718
17.2122
23.6243
14.8749
18.2077
20.312
26.8687
5.60668
17.2366
27.7967
17.226
26.4525
20.6916
24.4594
16.6823
15.5861
12.8571
24.4431
17.7572
32.4343
12.5538
16.8296
15.1714
16.8742
6.41629
8.13655
14.3044
8.95399
7.77465
14.976
11.6342
20.1117
18.0795
16.6154
16.9995
33.9324
26.9902
20.1032
23.7552
9.70615
24.6236
14.6359
18.5515
19.8305
15.0695
11.1608
-0.447644
15.1595
34.9628
27.4634
12.739
10.3365
6.94258
26.3928
5.0081
8.58694
7.56747
10.5291
9.41342
10.8203
6.35324
25.2299
26.2207
20.178
14.2717
19.1472
17.4303
21.4308
15.4873
19.1922
22.57
27.3491
29.8428
34.2698
28.0652
32.2972
25.7184
17.3588
27.7197
30.1771
23.6409
30.2286
16.3962
8.31475
19.1068
14.3892
9.57237
18.4522
10.3572
18.1545
12.2768
13.5161
19.2241
12.7694
19.7134
24.3171
23.1435
16.5079
13.3179
17.7019
10.5635
10.2426
3.90185
3.41897
14.1408
4.88096
16.3571
18.4801
17.1949
23.9642
30.0559
29.0206
32.2827
27.3331
28.9303
36.492
30.5139
26.937
11.0859
8.97052
6.50923
8.90871
12.1803
17.2016
9.35778
18.9758
18.0415
10.5208
7.8449
14.7021
1.65502
8.73881
5.12656
0.283221
12.4956
-0.9936
4.01785
-4.39026
-0.865246
8.10048
1.70702
11.4445
3.11913
7.19058
5.27837
0.508181
4.30413
5.18081
9.68412
-3.09128
-1.47627
1.36578
9.14039
1.51113
6.03907
8.04965
3.83067
2.23743
1.55448
-1.67494
-3.00729
8.04669
5.07925
2.54248
6.45811
2.59555
10.7584
0.77996
-7.26512
-6.4701
-4.92495
4.12287
5.06637
8.64742
12.5123
3.04787
-3.4991
1.14889
0.99368
7.84522
11.5189
18.6609
15.7563
5.39052
9.41898
12.9459
4.61379
11.5252
4.82345
19.887
20.323
17.635
17.8466
10.9609
0.14762
3.62463
7.46047
8.76915
16.2768
6.28436
6.83962
8.94239
9.56705
25.9318
13.6203
23.0312
12.1191
6.20139
17.1477
23.7328
18.6428
10.2561
11.7383
4.31232
18.9713
17.8812
14.3095
8.1435
10.1206
22.2768
5.84026
8.14834
12.9402
8.73373
2.94943
20.3562
10.5618
21.1038
27.8835
16.5382
31.8978
22.4016
15.6336
7.05567
20.44
30.9295
24.8791
23.7299
22.3115
17.2326
12.8108
25.7524
20.7942
12.5202
14.9717
25.5802
18.9128
8.57771
13.6367
31.2166
18.2083
25.926
18.3772
23.2253
15.7247
19.2065
17.9446
18.2664
16.0201
30.4668
7.03854
15.9908
20.4822
13.8991
4.25656
15.9436
16.6818
4.5922
9.77901
23.2208
16.7694
28.966
21.8987
24.3407
16.7715
33.2892
18.7476
19.2817
17.1537
9.45165
26.6544
23.5928
9.38742
23.4451
10.9222
16.9394
8.62027
5.13584
26.7792
25.1716
8.39304
10.6864
6.34751
18.4561
5.13518
3.04908
14.3496
1.67659
13.0997
12.1272
10.4137
25.756
23.2008
18.7431
17.1237
19.7605
18.8761
22.5811
15.8181
18.5974
26.1699
29.014
32.6397
28.8694
23.3779
30.0761
20.5448
23.098
22.4698
32.7277
29.8664
15.9073
12.9276
5.05877
22.9231
18.6043
8.88995
21.6261
4.70121
19.2497
12.0279
14.5323
17.0004
16.2905
18.3004
18.05
11.7235
16.4522
12.8923
17.623
7.28903
9.67039
-2.83385
3.58959
13.5166
9.79679
17.3222
13.2088
12.227
29.3921
25.7615
30.6849
34.5372
36.7247
35.3857
37.551
18.9753
22.2289
14.1385
12.7449
