122.339
119.726
125.786
129.988
126.403
116.174
117.659
114.98
112.786
118.662
122.853
117.559
102.12
106.539
106.734
118.203
109.799
114.691
106.127
111.371
113.593
119.204
117.104
122.446
115.765
126.856
129.043
125.341
123.056
124.043
125.905
125.028
121.579
122.649
120.157
115.194
116.163
118.66
116.924
119.64
115.749
127.545
113.024
116.517
115.76
123.517
109.914
113.168
110.508
127.441
124.882
119.559
115.369
123.888
116.362
111.638
122.427
129.795
118.785
115.706
115.459
115.085
113.431
114.626
120.765
126.177
123.81
130.852
117.452
123.715
128.128
124.021
125.448
120.086
116.139
111.31
112.019
113.714
109.739
114.328
114.48
111.453
110.645
110.208
116.146
107.93
114.338
111.186
111.434
112.485
109.754
112.653
110.456
114.705
114.489
111.278
113.987
118.081
112.426
112.839
123.233
115.752
117.189
115.644
119.567
121.973
119.919
113.377
122.164
118.513
117.708
119.852
123.058
119.753
112.428
108.466
106.782
113.798
111.568
110.982
109.566
108.922
103.356
100.827
96.1113
103.821
103.342
106.471
106.574
109.52
109.849
115.765
120.233
120.406
118.794
121.014
120.576
113.981
114.409
116.985
119.962
122.578
123.879
130.344
125.308
125.02
118.075
116.799
113.092
106.496
97.6777
115.771
117.674
107.946
115.842
105.839
111.26
107.11
112.765
96.8083
101.926
101.199
103.808
101.549
107.315
101.421
102.201
104.903
104.194
109.376
112.132
111.79
106.284
101.088
109.87
108.267
102.528
111.884
115.421
110.6
107.9
110.892
107.725
101.71
103.586
113.216
103.647
103.163
108.96
112.661
101.599
112.517
98.6113
108.553
105.049
111.855
106.706
111.99
107.977
111.076
108.701
110.93
103.701
100.733
106.546
98.0067
108.257
109.107
107.033
119.442
114.203
99.6356
92.7415
