-41.2122
-40.1542
-38.6853
-34.064
-28.4736
-24.9534
-22.4996
-20.9609
-20.0731
-19.6186
-19.4368
-19.4017
-19.4685
-19.5036
-19.5546
-19.6173
-19.61
-19.6092
-19.5815
-19.5394
-19.5317
-19.5731
-19.6735
-19.868
-20.1674
-20.5536
-20.9518
-21.3631
-21.9159
-22.6269
-22.0287
-21.1541
-20.6481
-20.1486
-20.5314
-21.4225
-22.0831
-22.9923
-23.9213
-24.3961
-24.361
-24.2873
-24.1352
-24.0414
-24.4687
-24.8419
-25.1995
-25.4939
-25.558
-25.5484
-25.8458
-26.1834
-26.3827
-26.5511
-26.6357
-26.4888
-26.4496
-26.5072
-26.6687
-26.8431
-26.8697
-26.9107
-26.7054
-26.5314
-26.3775
-26.4158
-26.6415
-26.7046
-26.9044
-26.8403
-26.7809
-26.6576
-26.7771
-26.9569
-26.9422
-26.9585
-26.7288
-26.5348
-26.3985
-26.5271
-26.7086
-26.7528
-26.7604
-26.4992
-26.3101
-26.2954
-26.4543
-26.5517
-26.5771
-26.557
-26.2692
-26.0587
-25.9884
-26.1123
-26.2574
-26.2687
-26.1748
-25.888
-25.6633
-25.549
-25.6832
-25.7924
-25.7436
-25.737
-25.4755
-25.2595
-25.132
-25.1183
-25.2571
-25.2326
-25.2821
-25.1215
-24.9348
-24.8002
-24.7823
-24.9554
-25.1332
-25.1608
-25.2481
-25.1056
-25.0812
-25.1766
-25.4448
-25.6848
-25.8327
-25.8478
-25.5954
-25.4978
-25.3865
-25.5571
-25.7175
-25.7578
-25.7642
-25.5012
-25.2533
-25.157
-25.13
-25.1429
-25.2291
-25.1182
-25.008
-24.7661
-24.6343
-24.6465
-24.7531
-24.8623
-25.0889
-25.0319
-25.0428
-24.9473
-24.8918
-24.9475
-25.0584
-25.2493
-25.4324
-25.5221
-25.6199
-25.5329
-25.532
-25.5704
-25.6661
-25.7651
-25.7529
-25.6737
-25.5557
-25.2853
-25.1468
-25.1371
-25.2119
-25.3523
-25.556
-25.5097
-25.4329
-25.1919
-24.9815
-24.8875
-24.953
-25.0819
-25.3016
-25.3439
-25.3502
-25.2319
-25.0853
-24.9642
-24.889
-24.8865
-24.9906
-25.1133
-25.0295
-24.9983
-24.7471
-24.6694
-24.6128
-24.6618
-24.8523
-25.0852
-25.2901
-25.3646
-25.3952
-25.2539
-25.2403
-25.3946
-25.763
-26.0642
-26.4061
-26.7407
-26.8956
-27.3577
-27.9722
-28.4559
-28.8523
-29.0034
-29.1054
-29.2257
-29.1929
-29.2021
-29.0728
-28.9492
-28.8696
-28.8831
-28.8023
-28.8924
-28.9349
-28.9625
-29.012
-29.1191
-29.139
-28.9706
-29.024
-29.0738
-28.9879
-28.6894
-28.6747
-28.738
-28.6778
-28.5856
-28.3439
-28.3416
-28.4177
-28.3905
-28.1884
-28.291
-28.4001
-28.4229
-28.4382
-28.3947
-28.482
-28.7058
-28.8054
-28.8177
-28.9003
-29.0867
-29.181
-29.1072
-29.0277
-29.0522
-29.0107
-28.8592
-28.8018
-28.8763
-28.809
-28.5667
-28.5967
-28.6628
-28.5907
-28.4931
-28.4312
-28.438
-28.4886
-28.4843
-28.4475
-28.4465
-28.461
-28.4576
-28.3608
-28.3562
-28.5009
-28.5764
-28.5203
-28.5581
-28.701
-28.7404
-28.6241
-28.6848
-28.8187
-28.7473
-28.557
-28.5695
-28.4686
-28.426
-28.2943
-28.2043
-28.2
-28.1901
-28.1571
-27.8901
-27.8492
-28.0012
-28.0153
-27.7618
-27.907
-27.8603
-27.8459
-27.8569
-27.754
-27.7355
-27.7089
-27.6586
-27.5302
-27.5233
-27.6406
-27.6694
-27.3763
-27.4099
-27.4995
-27.4405
-27.3924
-27.3794
-27.2666
-27.1729
-27.1321
-26.8283
-26.7267
-26.7869
-26.6743
-26.3091
-26.3349
-26.1224
-25.8268
-25.5835
-25.0754
-24.8622
-24.724
-24.5757
-24.7275
-25.0688
-26.0194
-27.7324
-30.2938
-33.4996
-39.6073
-48.7277
-50.498
-52.9363
-47.7083
-44.3248
-43.0495
-41.6696
-34.6829
-31.7155
-30.3915
-29.4169
-29.5445
-29.9103
-30.092
-30.1089
-30.1602
-30.2287
-30.0569
-30.2018
-30.2888
-30.2019
-30.2919
-30.0957
-29.9439
-29.7268
-29.6368
-29.4927
-29.3141
-29.1759
-28.9262
-28.708
-28.4061
-28.1388
-27.9261
-27.6395
-27.3014
-27.1326
-26.9102
-26.6888
-26.5155
-26.3782
-26.2237
-25.9948
-25.8422
-25.8165
-25.5316
-25.3414
-25.2068
-25.0243
-24.8167
-24.4679
-24.4191
-24.152
-23.9211
-23.6963
-23.402
-23.169
-23.0245
-22.6859
-22.5622
-22.422
-22.4492
-22.4384
-22.4951
-22.406
-22.494
-22.6009
-22.5504
-22.6972
-22.7811
-22.9501
-23.2113
-23.6195
-24.0699
-25.1913
-27.0875
-29.3653
-32.7386
-35.6683
-25.003
-20.5249
-19.023
-17.2588
-17.1537
-18.7254
