-175.41
-125.923
-105.636
-105.831
-118.236
-129.831
-131.723
-160.726
-129.129
-133.16
-127.461
-117.084
-135.583
-189.734
-218.53
-220.375
-220.257
-216.584
-202.216
-200.297
-193.222
-132.792
-146.138
-154.084
-154.344
-140.782
-140.336
-144.629
-137.911
-145.429
-141.454
-144.464
-161.842
-180.693
-151.048
-141.817
-127.584
-142.685
-154.312
-132.915
-88.5362
-82.0546
-88.7319
-97.8549
-100.497
-103.283
-111.906
-115.231
-103.739
-97.7916
-101.397
-98.5578
-105.953
-94.0488
-101.503
-103.627
-110.283
-98.531
-93.8461
-90.8396
-93.9834
-97.9171
-88.9218
-92.5882
-99.6912
-94.2097
-98.4356
-94.6863
-101.82
-103.39
-95.8818
-95.313
-98.6279
-94.5475
-96.1541
-84.9204
-92.774
-92.8509
-97.6148
-104.22
-105.256
-103.067
-101.086
-100.647
-96.4337
-99.5815
-88.7252
-91.0621
-99.1879
-94.8362
-94.2925
-93.6042
-99.4669
-100.836
-90.8815
-93.8667
-95.9938
-90.678
-99.0823
-107.142
-88.6499
-88.2525
-89.3108
-91.2922
-92.8635
-93.7652
-95.8116
-96.765
-98.3269
-93.4079
-94.5085
-93.2806
-104.164
-98.8508
-97.5395
-91.6188
-98.3473
-90.867
-88.3738
-89.4814
-93.484
-101.735
-99.289
-107.826
-111.058
-121.344
-117.732
-113.852
-100.448
-103.168
-97.0319
-91.5003
-98.072
-97.0655
-92.1371
-105.922
-104.706
-102.569
-97.6319
-85.8775
-92.2377
-83.9756
-94.4061
-97.8973
-110.725
-122.716
-109.75
-121.277
-110.858
-121.142
-127.974
-121.838
-117.525
-133.714
-153.995
-160.617
-169.236
-171.791
-167.353
-172.309
-171.328
-176.813
-174.993
-174.378
-181.511
-177.852
-181.47
-186.923
-177.885
-176.956
-175.398
-182.037
-168.498
-173.035
-172.188
-164.657
-163.474
-168.667
-163.528
-159.369
-176.304
-182.933
-188.926
-188.066
-192.919
-197.94
-191.332
-195.616
-199.262
-195.415
-201.004
-203.784
-205.476
-208.373
-210.396
-208.931
-195.977
-187.09
-160.179
-137.259
-147.159
-140.039
-147.907
-141.835
-133.947
-124.879
-122.376
-119.55
-137.439
-145.186
-151.814
-146.608
-141.29
-142.284
-142.437
-147.174
-141.107
-141.424
-147.909
-155.419
-155.678
-154.586
-152.743
-149.589
-153.221
-159.4
-151.474
-150.525
-149.967
-149.949
-135.553
-114.465
-99.6566
-85.584
-96.3987
-97.0978
-79.0299
-90.1289
-97.4275
-108.415
-118.192
-135.762
-146.648
-155.075
-165.205
-167.273
-165.725
-164.434
-169.926
-171.107
-167.864
-166.485
-169.956
-171.837
-164.685
-167.418
-153.247
-159.376
-150.752
-143.473
-143.025
-149.862
-147.059
-143.451
-143.115
-164.542
-146.176
-158.262
-172.747
-174.098
-181.095
-186.307
-178.765
-184.26
-192.169
-189.021
-192.015
-189.863
-188.548
-188.033
-186.951
-191.515
-187.241
-180.608
-174.885
-156.752
-122.782
-119.5
-145.697
-138.082
-147.626
-131.745
-135.788
-136.021
-144.026
-149.999
-149.693
-157.034
-150.565
-159.733
-154.516
-152.295
-149.563
-152.239
-147.693
-156.446
-154.535
-156.789
-159.412
-156.026
-164.309
-160.274
-153.097
-149.091
-153.832
-147.448
-138.112
-131.763
-111.491
-96.101
-95.2468
-85.1192
-88.5372
-98.865
-109.764
-108.819
-118.033
-129.61
-140.22
-149.459
-155.942
-162.002
-164.552
-170.148
-166.934
-173.151
-181.234
-169.178
-170.469
-163.399
-166.434
-165.392
-159.037
-162.355
-153.469
-156.935
-152.128
-155.932
-156.074
-180.121
-160.101
-149.651
-175.34
-182.687
-193.423
-187.062
-192.404
-190.313
-194.032
-194.087
-189.706
-185.357
-189.745
-178.881
-193.319
-186.757
-175.041
-192.928
-172.164
-174.942
-173.583
-186.118
-176.278
-175.455
-171.706
-166.585
-160.167
-164.484
-167.095
-175.156
-182.699
-174.636
-156.207
-172.52
-131.553
-116.857
-115.197
-92.0448
-112.376
-87.1826
-81.1908
-77.7261
-76.4849
-74.4888
-73.5248
-75.5563
-64.4273
-63.0509
-59.0022
-61.5142
-65.3145
-160.942
-173.041
-106.001
-97.2717
-152.939
-196.505
-177.305
-146.788
-156.056
-153.553
-146.273
-145.893
-150.679
-150.143
-145.642
-141.184
-146.755
-145.98
-143.262
-142.324
-141.312
-142.145
-166.002
-193.888
-144.034
-137.427
-135.425
-130.249
-127.274
-130.515
-127.9
-127.292
-122.076
-132.57
-131.402
-132.12
-137.304
-133.557
-131.917
-142.304
-139.226
-132.598
-131.571
-128.66
-139.13
-135.544
-130.418
-128.498
-129.861
-122.874
-127.877
-123.268
-127.054
-128.992
-126.326
-131.659
-132.37
-128.635
-136.14
-140.88
-131.603
-136.803
-132.966
-129.531
-136.552
-125.235
-134.586
-139.549
-142.304
-141.584
-139.5
-153.064
-153.792
-160.449
-159.948
-166.785
-167.693
-151.586
-155.792
-151.795
-156.031
-151.141
-142.91
-146.03
-143.102
-153.167
-161.755
-170.628
-178.786
-185.794
-211.034
-200.477
-158.631
-163.279
-162.781
-168.54
-165.715
-154.951
-160.836
-152.061
-177.353
-183.941
-165.258
-138.371
-80.3994
-89.8323
-79.4491
-95.1122
-118.737
-127.587
-132.395
-135.389
-137.438
-133.745
-130.327
-132.037
-148.152
-142.329
-147.029
-153.766
-147.147
-156.692
-148.634
-155.08
-161.659
-155.979
-149.942
-149.414
-150.099
-156.314
-149.98
-153.282
-141.721
-141.814
-150.846
-142.139
-139.144
