-10.7975
-12.0917
2.30061
10.9028
7.67634
9.9833
20.0307
12.9991
19.5808
21.9143
11.1729
19.7007
11.2443
-14.4088
-3.61339
1.20115
-8.81275
-7.64657
6.82845
-5.64642
-3.46787
-11.1245
-15.1887
-7.42079
8.26382
14.5286
4.60598
4.45337
14.5948
5.35735
3.57263
-8.029
-6.00178
1.81059
-15.6935
-5.28625
-5.84163
-12.7467
-23.1437
-31.3969
-25.4244
-29.0413
-20.9755
-25.3193
-21.9319
-22.1921
-13.3066
-19.2709
-18.917
-7.43698
0.166506
-16.6689
4.1755
-3.5505
2.60361
-10.8375
-0.760287
0.95708
8.62745
4.95893
8.59027
7.73914
21.9346
21.6508
14.291
15.6094
10.8798
14.7559
6.99817
19.7744
3.96523
9.99695
5.85244
9.45087
13.8134
11.4692
26.0303
24.7408
10.4187
13.145
7.46582
11.5992
5.01618
15.0263
14.3751
20.9632
23.807
21.0784
27.3814
8.55244
9.92947
11.5328
17.8542
16.5859
19.5365
22.5769
25.182
24.0441
19.5449
17.1598
22.8496
28.6844
22.1099
22.0624
17.1537
-1.27401
-1.52272
-11.982
-4.42154
-8.60466
-11.2584
-7.82929
-3.24446
-1.47665
16.2061
18.3085
6.39486
4.77274
3.79816
1.05052
-5.82367
-14.4957
-3.26833
0.190328
3.04002
-3.55571
1.29443
-3.72189
-7.97728
-10.4116
-6.49847
-1.88941
-8.63878
-14.267
-8.83072
-13.3438
-5.2957
-1.78257
-0.796035
-13.7166
-16.0382
-3.89666
-22.8555
-19.8677
-15.436
-27.8683
-12.2033
-16.7054
-26.1603
-29.426
-18.0764
-18.2549
-4.84272
-15.2266
-6.31002
-20.3065
-2.85976
4.9547
-12.5953
-15.5638
2.44606
-2.9408
-4.45589
-3.38412
-7.15989
2.97615
-3.79106
-5.34223
-7.17847
17.135
8.5248
-2.65092
0.263166
7.99548
2.60247
-19.8306
-4.23516
4.8815
-11.6062
4.92009
-8.21031
5.86167
-5.15199
3.9589
2.12448
-9.59975
4.77601
2.27344
6.37828
-2.23392
12.3686
6.89698
-0.276414
0.426182
5.06219
13.4699
5.39717
0.157824
-14.7439
-15.1878
2.03729
-9.74971
-10.8731
7.03397
-5.76633
9.36975
2.64846
-8.13024
-2.14414
-13.0299
-10.1456
-3.26684
6.77426
-3.6541
-8.13447
7.29084
3.2014
-5.10338
5.1018
14.4932
5.46191
-6.40302
-1.58781
10.8058
12.6231
1.92696
6.12406
-11.4881
6.11598
2.53462
17.27
-2.7845
4.91889
-8.59761
5.35748
2.54329
-1.98785
4.76612
-6.94927
0.194046
-10.7422
-6.11068
1.92318
12.7999
6.42798
13.5319
21.3443
15.8119
17.3254
28.467
17.7706
13.9713
1.3112
-6.05313
-5.37739
-5.52948
-8.24529
-5.40352
2.69247
-2.09251
-4.38299
-10.7484
-16.2259
3.85186
2.18019
12.6834
2.63202
11.2518
9.67881
4.21439
3.94696
-4.65401
-4.88887
-3.51287
-13.5939
-2.50971
-12.1017
-15.0052
-14.5507
-24.3528
-22.2901
-30.6199
-25.546
-21.4675
-13.7008
-16.3145
-4.96853
-16.9552
-18.2677
-4.96224
-7.44936
-9.37662
0.120925
-10.246
-3.14332
-6.53514
0.622158
7.64021
15.2331
9.54307
3.88646
11.8316
17.1176
22.427
8.8189
12.3046
14.4183
14.4521
14.1974
22.2273
2.1803
6.92367
10.9681
11.4157
12.1407
15.0769
18.5571
20.391
6.17655
11.0796
9.05951
3.0031
4.05145
18.889
3.78976
24.2847
24.9634
21.0332
28.9868
8.16977
4.22
14.7793
18.0819
16.365
23.0169
22.1574
26.0596
26.7665
17.5931
14.4773
22.1568
25.5255
21.0068
20.0966
18.7982
-0.99631
-6.87044
-11.2843
-4.96003
-3.45366
-9.69991
-4.58626
-6.74096
3.05986
17.3353
21.711
6.40806
5.66604
5.6425
-0.118284
-9.4382
-23.5186
-0.215455
-0.427217
3.4742
-2.88863
-10.0742
-6.90118
-3.25672
-10.3031
-5.41059
-4.00595
-12.4967
-12.8607
-9.06894
-14.725
-8.14135
7.80304
-2.05148
-11.7442
-8.3387
-13.419
-23.6363
-20.2115
-23.9973
-29.8034
-10.5301
-24.2932
-33.9625
-30.5326
-18.9741
-12.8221
-13.4235
-14.7566
-8.55354
-18.5773
-6.00088
3.85217
-16.5961
-8.73734
-2.98157
3.89089
-3.10722
-8.93263
-4.53533
5.94873
-2.79568
-3.95206
-6.26326
17.1322
7.93959
-11.9904
0.816996
9.33127
2.66358
-14.334
-0.895976
-6.1391
0.485378
0.502166
-1.04834
9.68328
-0.150347
-0.486083
5.56242
-11.1209
0.123011
1.43178
4.62084
0.280188
7.08495
-5.33529
2.89254
7.266
7.00806
4.98312
1.22579
-7.69318
-16.8756
-14.9548
2.46705
0.948036
-12.2437
0.539829
-1.2726
12.2447
-9.33847
-9.34782
-7.50099
-11.9643
-9.08509
-3.81619
4.11944
0.731216
-12.5792
5.39359
5.93482
0.92863
1.87501
15.1689
-0.106237
-10.5239
10.9374
7.71294
14.8913
-0.0815539
6.57832
-9.53761
7.15734
5.77942
15.0215
-3.97464
7.43254
-5.90959
2.31738
-0.828506
-0.336513
1.64829
-8.55588
-6.28379
-15.1183
-4.36768
2.91908
14.9809
3.5377
13.9056
17.9088
21.2637
15.8531
30.8126
22.6817
11.7681
-7.30302
-1.85407
-5.64969
-8.38744
-7.87008
-0.401642
-2.27067
3.97451
-6.01294
-9.06781
-18.5443
-0.0744509
2.4129
8.99568
2.51226
13.8306
2.77879
2.33734
0.200978
-5.66698
0.702722
-5.31309
-2.45695
0.545739
-14.4055
-18.8153
-24.9493
-22.7175
-26.1919
-27.1294
-35.5459
-25.8562
-20.0208
-10.515
-6.80319
-14.7213
-19.4112
-4.00962
-12.8382
-0.588227
-3.0157
-11.5806
-9.68517
-0.670146
2.69216
5.32439
