-65.2769
-114.341
-132.275
-150.382
-151.567
-142.131
-136.959
-125.24
-91.6992
-510.059
-494.112
-433.219
-430.296
-412.477
-372.214
-379.164
-376.161
-358.679
-342.361
-331.383
-308.777
-311.78
-307.186
-301.304
-293.966
-285.98
-279.678
-281.845
-266.751
-259.304
-253.966
-255.082
-249.43
-260.124
-271.197
-263.816
-278.42
-264
-251.686
-256.926
-246.223
-257.499
-263.261
-270.476
-271.944
-258.018
-247.085
-249.18
-246.252
-233.5
-208.537
-211.877
-204.612
-198.258
-212.354
-203.54
-203.455
-203.868
-197.158
-201.836
-197.673
-210.303
-221.211
-218.396
-210.728
-211.362
-227.605
-229.312
-235.897
-245.875
-228.754
-220.066
-191.228
-198.052
-64.4971
-148.767
-164.01
-153.296
-157.232
-161.319
-171.376
-170.871
-174.195
-172.24
-156.112
-152.787
-121.845
-231.168
-239.936
-246.906
-244.336
-254.623
-256.372
-251.62
-250.873
-261.271
-257.183
-251.146
-263.222
-196.089
-146.929
-189.985
-177.902
-181.062
-118.16
-20.6923
-158.275
-145.656
-158.154
-157.089
-138.157
-151.849
-166.294
-160.661
-145.351
-159.014
-163.062
-155.229
-153.97
-135.737
-146.236
-143.127
-65.2215
-217.502
-311.961
-421.539
-364.976
-278.907
-258.782
-248.857
-235.099
-228.015
-211.95
-202.172
-189.127
-184.075
-184.307
-188.849
-183.285
-186.788
-180.59
-184.337
-176.856
-176.318
-171.73
-177.271
-181.452
-178.77
-178.383
-179.467
-183.314
-176.115
-171.024
-170.215
-168.581
-164.394
-167.273
-164.944
-168.483
-166.333
-165.017
-166.843
-168.61
-152.977
-157.839
-166.278
-166.25
-162.875
-168.491
-164.746
-165.946
-155.837
-163.519
-166.165
-164.123
-169.504
-156.701
-149.524
-155.202
-153.756
-160.203
-146.645
-155.316
-148.67
-148.601
-143.055
-149.144
-144.791
-151.521
-159.375
-150.414
-152.197
-142.596
-145.52
-150.056
-149.689
-143.517
-139.154
-143.165
-142.174
-143.014
-164.066
-157.546
-160.222
-162.043
-159.693
-164.787
-172.366
-174.768
-171.03
-180.428
-175.596
-187.363
-185.649
-191.729
-186.973
-188.144
-192.419
-191.015
-197.24
-200.811
-191.279
-196.153
-201.168
-190.197
-192.489
-182.693
-182.462
-173.626
-181.26
-174.403
-181.548
-188.545
-171.168
-172.293
-171.563
-171.246
-173.796
-169.055
-172.794
-173.774
-167.604
-168.519
-169.633
-168.418
-168.092
-165.267
-159.006
-158.075
-150.322
-154.119
-156.526
-157.745
-152.117
-155.699
-151.129
-153.647
-163.557
-170.847
-190.049
-231.54
-292.695
-320.315
-72.3829
-136.968
-126.441
-126.729
-122.145
-120.153
-117.086
-123.713
-116.904
-126.639
-131.747
-147.615
-154.436
-162.546
-169.979
-170.525
-164.392
-155.322
-157.72
-156.594
-164.369
-164.641
-168.343
-172.478
-168.824
-175.917
-168.077
-176.746
-172.902
-173.718
-167.811
-162.213
-166.451
-162.183
-159.029
-148.649
-144.424
-144.271
-144.193
-150.46
-148.057
-143.376
-158.75
-156.697
-136.977
-138.679
-142.448
-138.769
-145.801
-128.172
-120.839
-115.079
-109.532
-109.814
-95.444
-115.487
-111.847
-107.601
-122.278
-112.849
-113.028
-114.531
-119.294
-119.918
-112.748
-123.304
-107.643
-92.5331
-99.4729
-101.711
-93.8832
-90.888
-93.5166
-98.5434
-89.6437
-84.2493
-90.8374
-94.5145
-86.1184
-85.607
-94.1848
-84.6391
-85.979
-79.2893
-87.4706
-79.7865
-84.219
-100.36
-108.281
-120.118
-120.927
-87.2307
-55.4802
-200.556
-207.912
-210.333
-212.195
-215.822
-220.472
-143.232
-95.1615
-113.771
-120.857
-115.241
-123.201
-123.33
-118.423
-112.449
-116.026
-118.112
-124.474
-131.107
-129.446
-135.354
-134.937
-133.19
-131.663
-121.407
-119.042
-114.624
-120.18
-121.398
-116.437
-120.575
-120.529
-118.517
-123.674
-129.686
-127.837
-121.236
-127.797
-132.811
-132.348
-127.466
-121.438
-131.386
-126.399
-98.5297
-103.828
-105.178
-87.0528
-82.1249
-77.9705
-75.1179
-59.7433
-78.123
-80.0217
-68.5185
-75.0715
-71.7147
-75.8536
-81.9471
-86.6688
-99.6388
-105.651
-120.691
-129.846
-134.14
-149.349
-158.196
-172.003
-200.19
-220.293
-289.197
-368.976
-266.391
-106.111
-180.127
-173.536
-139.387
-180.727
-295.085
-265.683
-200.904
-168.656
-141.855
-122.365
-124.194
-88.7958
-97.6599
-109.588
-100.145
-116.118
-113.39
-103.371
-107.554
-120.783
-113.421
-119.139
-109.657
-109.522
-115.104
-103.953
-109.432
-96.002
-105.406
-102.74
-109.044
-92.2974
-90.9223
-91.4122
-99.839
-99.4798
-96.059
-95.9957
-95.0788
-91.9933
-96.9837
-95.4676
-94.9568
-90.4452
-89.8788
-92.583
-90.2055
-93.0249
-96.1081
-102.192
-106.521
-101.185
-110.338
-110.262
-118.962
-117.975
-125.046
-128.386
-122.313
-131.259
-121.759
-126.808
-111.078
-117.753
-113.091
-127.547
-128.698
-134.331
-142.157
-138.897
-139.138
-132.045
-143.021
-137.85
-142.398
-137.475
-140.499
-145.258
-152.123
-131.427
-143.402
-126.087
-147.696
-160.015
-172.845
-157.628
-179.202
-200.498
-182.467
-197.085
-213.62
-253.892
-172.65
-152.221
-172.113
-194.358
-201.5
-198.732
-216.932
-220.867
-223.077
-219.116
-221.743
-221.95
-220.877
-218.653
-203.574
-205.897
-203.024
-193.002
-182.823
-178.942
-181.869
-181.681
-175.116
-180.778
-177.514
-180.615
-173.916
-171.356
-167.777
-169.962
-174.957
-174.963
-192.507
-212.227
-216.123
-223.439
-228.564
-231.166
-223.03
-220.765
-221.642
-230.963
-231.344
-236.391
-229.24
-221.483
-221.655
-219.699
-215.229
-213.151
-221.062
-208.59
-191.617
-196.144
-197.437
-196.769
-193.144
-131.341
-365.657
-293.852
-254.032
-264.073
-246.563
-248.389
-277.071
-258.119
-250.512
-249.727
-246.125
-228.674
-220.502
-220.241
-211.883
-206.802
-211.358
-201.346
-203.386
-200.236
-202.117
-196.803
-186.412
-181.467
-182.44
-180.829
-178.946
-184.238
-177.476
-178.612
-180.416
-183.592
-179.957
-178.018
-176.371
-178.025
-175.309
-175.581
-175.137
-173.314
-170.125
-172.341
-168.294
-174.328
-166.891
-168.701
-168.332
-164.99
-163.082
-161.901
-163.31
-155.264
-156.289
-159.809
-157.453
-159.836
-155.97
-157.765
-158.425
-150.615
-153.84
-153.308
-153.668
-154.519
-156.634
-154.019
-158.897
-156.568
-153.236
-148.799
-144.478
-150.067
-149.682
-152.837
-148.168
-145.983
-143.991
-139.106
-142.426
-144.311
-139.176
-146.817
-139.245
-141.264
-143.011
-138.737
-134.503
-139.597
-138.992
-138.713
-138.911
-138.51
-140.976
-137.178
-133.165
-131
-126.624
-125.508
-129.655
-131.151
-129.672
-128.027
-130.005
-128.939
-129.056
-131.414
-130.186
-143.811
-151.288
-158.902
-121.919
-199.924
-272.882
-265.073
-266.905
-270.014
-271.979
-264.358
-264.77
-263.91
-273.186
-268.992
-154.013
-212.135
-226.132
-248.995
-251.757
-258.472
-268.812
-246.216
-239.504
-249.675
-259.107
-270.888
-276.419
-278.44
-261.846
-244.473
-228.983
-216.275
-206.356
-207.18
-202.835
-211.476
-201.247
-200.154
-195.465
-183.516
-182.456
-180.137
-177.859
-168.539
-172.955
-165.09
-158.547
-162.849
-158.077
-156.604
-150.486
-166.902
-181.433
-191.366
-191.504
-136.627
-109.377
-94.1295
-91.66
-95.9734
-84.7074
-80.0675
-88.7992
-69.4529
-216.926
-214.083
-204.646
-207.462
-208.672
-213.112
-206.703
-210.315
-207.065
-205.433
-206.511
-207.879
-207.079
-204.324
-208.94
-205.834
-208.304
-207.196
-204.097
-201.784
-198.744
-197.216
-203.513
-199.321
-198.394
-201.643
-201.719
-198.115
-197.165
-197.106
-203.023
-204.293
-203.672
-202.76
-198.349
-198.422
-197.49
-195.236
-201.463
-198.617
-201.626
-194.296
-192.514
-193.292
-188.023
-190.165
-182.423
-184.913
-186.259
-177.355
-179.763
-180.172
-179.59
-175.944
-179.404
-178.772
-174.452
-175.228
-178.36
-165.974
-279.814
-301.123
-286.175
-290.733
-274.878
-276.16
-269.161
-276.882
-270.082
-264.211
-256.71
-239.583
-231.656
-231.223
-228.112
-229.231
-234.481
-260.07
-242.398
-227.794
-222.507
-215.164
-218.512
-206.19
-199.312
-200.535
-191.506
-187.217
-200.404
-206.475
-212.155
-211.679
-220.706
-222.783
-207.542
-193.763
-201.224
-198.579
-201.12
-195.808
-197.474
-194.867
-186.183
-194.051
-202.636
-199.938
-209.426
-205.864
-206.32
-212.146
-212.267
-216.845
-222.141
-199.423
-199.235
-199.188
-197.359
-197.612
-191.909
-191.569
-195.12
-213.752
-199.678
-191.826
-202.021
-207.594
-210.278
-205.673
-186.375
-181.644
-186.485
-191.547
-194.574
-198.252
-195.197
-185.434
-184.31
-208.986
-221.636
-227.2
-227.81
-226.966
-204.339
-197.707
-187.863
-196.571
-202.774
-205.194
-195.697
-184.206
-187.159
-204.512
-208.292
-203.09
-200.645
-199.959
-202.88
-227.964
-216.226
-191.625
-184.45
-193.122
-192.377
-194.58
-189.425
-187.271
-193.169
-204.212
-213.514
-226.512
-215.112
-215.674
-218.398
-217.42
-236.054
-267.83
-266.283
-181.379
-278.209
-243.764
-180.643
-166.847
-136.092
-119.654
-114.351
-106.587
-116.569
-116.065
-114.754
-130.031
-129.327
-256.504
-235.515
-221.646
-201.226
-199.674
-196.712
-192.484
-185.017
-197.792
-199.801
-199.168
-198.773
-201.64
-192.432
-194.441
-188.703
-187.412
-193.918
-185.765
-187.932
-184.401
-180.361
-176.346
-179.229
-181.289
-184.125
-182.173
-179.848
-169.768
-183.904
-432.125
-418.117
-399.664
-404.924
-362.666
-348.107
-344.596
-341.014
-346.906
-347.35
-340.205
-345.607
-348.554
-346.169
-343.586
-340.17
-339.169
-318.41
-328.087
-318.717
-316.137
-312.821
-312.913
-309.633
-302.886
-307.684
-308.203
-309.21
-298.379
-292.698
-287.366
-285.885
-289.602
-281.444
-286.041
-281.209
-281.088
-278.091
-274.133
-271.532
-276.02
-275.807
-276.048
-287.451
-275.899
-272.942
-271.692
-270.543
-274.899
-269.083
-276.875
-266.369
-270.694
-264.034
-268.862
-266.87
-268.041
-267.749
-265.149
-270.898
-265.418
-268.189
-259.666
-259.92
-260.437
-270.645
-253.88
-256.772
-260.521
-268.155
-270.384
-79.5643
-153.83
-151.543
-153.042
-159.963
-155.095
-166.322
-146.356
-406.157
-298.532
-302.105
-287.612
-270.211
-273.115
-253.063
-261.104
-257.432
-252.308
-246.389
-238.104
-242.606
-247.739
-232.499
-240.611
-238.514
-228.857
-223.004
-237.689
-239.754
-226.378
-253.039
-217.456
-224.938
-213.953
-212.489
-209.378
-210.746
-208.437
-211.353
-218.761
-208.553
-212.429
-210.471
-204.859
-197.415
-185.471
-184.327
-194.571
-187.231
-189.953
-200.446
-188.652
-190.072
-183.068
-186.932
-104.84
