-1.3564
3.5321
-3.03419
-3.77007
-12.8367
-28.2962
-21.2264
-28.8754
-20.0475
-11.8492
-13.3643
-7.52374
-7.38207
-0.240706
0.197822
-10.1507
-14.0446
-5.29973
-0.670814
-6.52394
-9.48248
-2.09198
-13.3751
-10.7086
-10.9674
-18.7918
-22.1535
-18.702
-16.8238
-28.236
-29.563
-27.232
-25.5751
-27.1213
-24.8977
-1.26237
-13.1002
-5.81466
-7.1728
-1.12732
-2.78589
-8.95817
-4.56128
-4.4231
1.49528
-9.54348
-16.5235
-32.6531
-22.4472
-15.2927
-19.8016
-19.0211
-4.87746
-1.72272
-15.5112
-20.4454
-15.1173
-23.7674
-19.878
-16.1036
-10.1717
-11.9889
-13.0549
-10.1558
-16.9781
-20.849
-25.5964
-25.5066
-17.6388
-12.003
-9.43785
-14.7871
-9.98314
-11.267
-13.9474
-16.4314
-13.5822
-22.5847
-12.9886
-17.4538
-11.624
-8.03878
-12.164
-10.0898
-22.0545
-10.4426
-12.5867
-17.3696
-5.0211
-14.4863
-11.0451
-20.8493
-20.7328
-28.2495
-30.6644
-24.4285
-21.4979
-17.8869
-21.9003
-25.209
-14.9463
-9.64917
-17.8741
-3.38168
-2.46442
3.20267
1.6005
13.3193
10.7894
6.58725
13.6185
6.821
4.42726
2.97761
4.2672
3.48974
7.88708
11.6073
9.47273
9.43281
14.7242
8.09911
5.14676
3.24216
7.57218
1.14817
6.32989
3.55923
4.36718
7.3725
0.158545
7.84309
9.52076
0.00842537
6.36789
4.17897
4.6415
4.67843
2.45364
6.39211
7.95329
10.0078
13.5168
8.75557
5.6323
6.29331
4.85133
4.06288
1.24789
1.34056
-5.33156
-5.04178
-4.66079
-5.70926
-0.71167
-10.5185
3.36776
1.16859
1.35873
2.24164
12.524
5.47691
2.74974
6.47091
2.95545
6.05721
9.68037
0.968813
5.44127
3.21543
-3.18977
-6.60627
-4.91698
-3.9707
-1.66968
-1.28131
2.9629
7.83172
0.614437
9.69383
8.33893
11.6504
11.2027
10.4489
17.6312
15.1738
19.8779
20.4728
26.7091
19.2064
26.3277
7.76052
16.0597
20.9772
18.6669
20.3161
19.5332
19.1573
30.8625
30.8009
27.8898
28.8869
19.064
18.104
16.51
31.2902
23.2084
32.8083
22.2581
21.3022
14.4274
27.6923
20.85
12.309
18.4028
-6.62203
-1.34488
11.6473
5.35031
4.5969
6.20035
12.5646
12.026
12.2053
10.6989
11.8681
8.74241
10.9794
15.5618
11.596
18.4566
20.7695
15.1516
17.2506
17.5219
11.0004
7.07182
8.70136
1.41343
-1.1975
-5.41276
1.04963
2.78668
0.499716
-2.57882
0.181752
-8.45421
-4.40828
-1.9731
-1.8074
-6.32944
-7.3758
0.766972
-5.28146
-0.779148
7.26601
8.5558
7.73725
7.19924
5.78278
0.985531
-0.745903
-2.93763
7.02792
7.10369
-1.53779
4.60339
-4.02122
-13.0555
3.40568
7.76086
4.51129
2.37087
-4.84916
-10.4153
-18.6203
-13.0615
-15.0697
-12.5812
-10.365
-6.38761
-2.38158
5.49416
2.07324
-3.58447
0.114775
3.68586
6.98196
11.1897
2.08611
8.82475
-0.0117508
0.260005
1.35367
2.2467
1.02077
-0.254444
0.278605
4.97805
-1.63847
-4.49875
-7.63547
1.28998
2.05818
-6.72869
-2.3801
-9.85181
-9.64323
-8.11089
-5.38401
1.27397
0.428785
0.314511
3.51978
-3.66073
-1.74369
-0.469281
-8.8585
-6.21907
1.62227
0.82491
4.16361
5.1779
0.0536534
8.89192
-0.178259
3.13615
5.85516
2.28858
-5.23459
0.837118
2.95643
-1.7996
9.16697
-0.129533
-3.2817
-2.03056
0.911725
-1.48592
-3.20198
-0.990381
-2.35179
-8.08051
-8.21295
-5.00644
-12.2497
-3.0863
-4.44795
-5.67897
-6.82324
-1.26607
-0.197048
-3.3058
-3.81081
0.685814
-4.52986
-13.5098
0.452907
-3.04049
-7.17391
-6.3845
-6.64938
-6.98475
-4.64446
-4.23017
1.28441
-8.97729
-11.8203
-3.43522
-4.71673
-11.4939
-11.0122
-2.84423
-8.66712
-6.16705
-1.42368
-4.28876
-2.37914
-2.5402
2.5303
-4.33345
-2.17925
-0.435379
-5.42682
-5.17113
-4.88145
4.34983
-6.00163
-8.14354
-5.60187
-6.23799
0.570198
7.84978
8.82748
0.595715
