-156.889
-60.7936
-63.432
-65.5925
-75.355
-159.827
-197.801
-86.6785
-83.7755
-99.7195
-88.8746
-91.4242
-100.174
-175.415
-173.036
-152.065
-146.194
-129.454
-115.89
-124.348
-190.242
-167.819
-128.634
-113.47
-96.3261
-97.1304
-95.117
-88.3512
-86.4316
-101.097
-85.607
-113.959
-157.189
-131.5
-178.759
-270.864
-188.078
-182.461
-181.131
-187.507
-182.073
-190.192
-190.247
-180.064
-178.867
-181.994
-193.514
-177.633
-184.39
-180.995
-182.427
-168.069
-158.448
-160.217
-162.466
-167.719
-165.666
-167.88
-180.088
-175.982
-168.906
-187.217
-189.883
-186.333
-176.494
-169.102
-176.52
-173.465
-169.392
-168.662
-161.244
-137.44
-116.711
-123.524
-129.398
-130.927
-144.182
-129.455
-132.29
-147.345
-145.604
-151.472
-149.31
-238.455
-126.764
-74.6346
-67.208
-126.782
-149.541
-200.554
-200.515
-181.955
-153.511
-157.145
-142.553
-138.143
-121.769
-115.815
-118.321
-119.486
-118.751
-123.675
-120.624
-110.609
-117.162
-116.149
-114.675
-121.415
-120.921
-116.818
-122.668
-126.944
-125.261
-123.624
-128.366
-134.735
-136.73
-132.801
-147.966
-138.912
-140.794
-144.284
-139.329
-138.18
-130.905
-132.982
-138.541
-139.801
-149.571
-146.558
-161.916
-192.76
-169.44
-178.087
-111.891
-98.1958
-100.683
-115.195
-129.859
-152.875
-144.367
-127.429
-136.354
-143.059
-141.622
-139.441
-172.298
-167.153
-131.759
-106.029
-107.867
-133.694
-168.379
-144.967
-127.614
-124.301
-114.381
-104.987
-92.297
-99.1277
-111.776
-99.1786
-111.869
-102.275
-105.313
-97.2619
-112.377
-119.103
-111.591
-118.859
-116.172
-115.687
-120.49
-120.302
-112.765
-116.255
-114.621
-106.127
-114.841
-117.764
-111.496
-116.545
-108.342
-109.737
-108.62
-110.132
-107.051
-112.462
-111.176
-121.306
-117.732
-123.076
-125.584
-121.767
-128.983
-119.636
-117.313
-121.879
-121.445
-127.512
-114.445
-115.301
-118.196
-115.031
-116.955
-125.099
-121.723
-119.146
-119.554
-120.898
-124.74
-119.767
-124.953
-131.364
-125.804
-122.941
-122.046
-124.972
-128.305
-123.583
-128.051
-123.763
-124.788
-128.744
-129.351
-129.722
-128.261
-132.548
-134.437
-137.51
-147.349
-140.12
-151.339
-156.271
-172.513
-84.6442
-85.4234
-77.6074
-84.3004
-77.9711
-87.7842
-95.6055
-93.9264
-96.0957
-96.4749
-87.2037
-83.5702
-89.5669
-94.6815
-89.4852
-96.0267
-90.6823
-85.4442
-92.7741
-89.2216
-86.487
-93.2988
-89.1579
-87.8982
-87.5526
-83.8735
-82.0428
-90.9791
-142.627
-155.567
-148.907
-162.818
-204.337
-168.445
-165.262
-86.1118
-103.503
-126.271
-126.989
-132.09
-140.139
-149.907
-147.352
-147.8
-148.76
-148.192
-141.361
-137.424
-137.123
-114.714
-114.206
-114.423
-119.489
-115.563
-133.334
-137.793
-137.978
-130.501
-127.681
-133.458
-138.034
-137.964
-131.285
-136.557
-136.749
-142.709
-139.425
-145.176
-137.046
-143.558
-137.346
-143.128
-140.482
-137.019
-131.735
-132.323
-142.822
-139.642
-138.224
-126.632
-126.929
-129.718
-135.552
-145.306
-152.42
-142.58
-138.958
-127.648
-127.545
-136.098
-128.076
-131.101
-135.541
-134.637
-142.696
-123.986
-120.37
-124.781
-120.042
-117.713
-117.827
-111.246
-120.752
-126.479
-122.931
-138.199
-140.745
-146.233
-153.417
-148.112
-121.55
-87.6047
-134.677
-143.708
-136.108
-128.708
-128.286
-122.859
-112.517
-124.545
-121.209
-119.167
-132.808
-146.069
-117.696
-201.124
-164.196
-120.908
-99.8999
-164.894
-156.694
-164.216
-158.576
-168.469
-166.951
-150.966
-188.353
-171.865
-176.262
-192.627
-150.364
-210.065
-173.555
-116.361
-81.6963
-68.9002
-93.4757
-208.672
-216.201
-223.367
-208.86
-193.26
-189.944
-191.895
-188.884
-186.426
-189.548
-191.84
-186.329
-186.497
-189.936
-193.599
-195.333
-192.985
-196.195
-194.778
-193.053
-187.995
-186.742
-183.046
-179.261
-184.498
-181.278
-181.469
-180.917
-182.081
-185.384
-184.99
-187.953
-192.421
-183.381
-211.476
-213.353
-177.67
-133.101
-131.809
-194.473
-134.166
-141.465
-142.76
-145.002
-166.074
-126.972
-145.311
-164.572
-165.498
-159.68
-171.36
-166.361
-171.268
-174.85
-165.218
-175.111
-192.236
-198.288
-156.096
-125.979
-135.766
-132.88
-133.676
-133.613
-138.082
-139.333
-156.706
-150.185
-122.737
-120.71
-118
-117.146
-115.518
-113.745
-112.892
-119.722
-112.818
-111.929
-119.234
-115.059
-110.908
-117.782
-113.653
-117.09
-105.223
-111.506
-114.554
-113.986
-109.503
-112.365
-115.132
-122.689
-114.591
-117.704
-117.368
-123.345
-116.999
-168.906
-143.809
-118.119
-81.9398
-74.884
-91.2562
-88.1754
-148.288
-165.304
