-45.278
-34.843
-24.6263
-22.3169
-19.2237
-17.8965
-17.589
-17.4533
-17.952
-18.4069
-18.6606
-18.8493
-20.0194
-21.5687
-25.2231
-29.7137
-29.3791
-27.3788
-26.1764
-24.3846
-24.2336
-24.3631
-24.5426
-25.4098
-25.8323
-25.9756
-26.1325
-26.5602
-26.6677
-26.7417
-26.8289
-27.0763
-27.5359
-27.9133
-28.177
-28.2467
-28.1236
-27.8846
-26.4576
-25.723
-25.3729
-25.1234
-25.5298
-25.3475
-25.0515
-24.3564
-24.6202
-24.1617
-23.4055
-23.3102
-23.1381
-23.5095
-23.6293
-23.6106
-23.1885
-23.5993
-23.4226
-23.4049
-23.6009
-23.4071
-23.4729
-23.55
-23.4905
-22.9775
-22.737
-23.271
-24.269
-25.0922
-27.1664
-28.4268
-29.5882
-30.656
-31.7427
-32.727
-32.5486
-30.6585
-22.8823
-16.2931
-13.0089
-10.6214
-8.80055
-8.30932
-8.30734
-8.37228
-8.75837
-8.53709
-8.17269
-8.19052
-8.18598
-7.96928
-7.79417
-7.69293
-7.72635
-7.78706
-7.66585
-7.48175
-7.46553
-7.4326
-7.43296
-7.19914
-7.06986
-7.03379
-7.12718
-7.18058
-7.1093
-6.90314
-6.87084
-6.87613
-6.88721
-6.72058
-6.72377
-6.84137
-7.09418
-7.22658
-7.25249
-7.36316
-7.50242
-7.67094
-7.59204
-7.61462
-7.80504
-7.77437
-7.72511
-7.84106
-7.96451
-8.12586
-8.40498
-8.65743
-9.02115
-9.30459
-9.43289
-9.65386
-9.79067
-9.83731
-9.85716
-9.81302
-9.60992
-9.43357
-9.11017
-8.77663
-8.57046
-8.36206
-8.06118
-7.94742
-7.97974
-8.01153
-7.96851
-7.86337
-7.87419
-7.72121
-7.32472
-7.05581
-6.89462
-6.79665
-6.58108
-6.41334
-6.28367
-6.25874
-6.43075
-6.45683
-6.51902
-6.50946
-6.40858
-6.54209
-6.67238
-6.91009
-6.95703
-7.006
-7.12209
-7.3001
-7.58376
-7.7083
-7.71913
-7.84227
-8.14887
-8.41988
-8.53269
-8.76495
-9.0339
-9.29255
-9.45378
-9.47655
-9.50114
-9.42801
-9.32829
-9.24991
-9.03636
-8.79667
-8.64014
-8.37394
-8.19073
-8.09925
-8.15737
-8.08598
-7.83349
-7.99383
-7.93246
-7.57096
-7.33898
-7.06284
-7.09803
-7.1233
-7.17392
-7.04993
-7.08761
-7.16154
-7.3717
-7.40473
-7.35812
-7.516
-7.69622
-7.94057
-8.16153
-8.18215
-8.41013
-8.51297
-8.30124
-8.3616
-8.51488
-8.63705
-8.87919
-8.94545
-9.15774
-9.3335
-9.52678
-9.93626
-10.1654
-10.0687
-10.0253
-9.91344
-9.87942
-9.89712
-9.86703
-9.52315
-8.96743
-8.26208
-7.71297
-7.34836
-7.02871
-6.67652
-6.26271
-6.18848
-6.11129
-6.03261
-5.92545
-5.75055
-5.62465
-5.45683
-5.30817
-5.1607
-5.03284
-4.94818
-4.88675
-4.85149
-4.91167
-5.06489
-5.21518
-5.42671
-5.55856
-5.83507
-6.29075
-6.62869
-6.63122
-6.51139
-6.60419
-6.73095
-6.83742
-7.00657
-7.19375
-7.51031
-7.74039
-7.94569
-8.1847
-8.38136
-8.38647
-8.25964
-7.97434
-7.64769
-7.42807
-7.17143
-6.98526
-6.86464
-6.75639
-6.47705
-6.00941
-5.63172
-5.52061
-5.64573
-5.91318
-6.394
-7.01381
-8.26297
-9.87065
-11.8989
-14.6238
-15.3919
-15.7401
-16.2185
-16.742
-17.5189
-17.9528
-17.9201
-17.4381
-16.8733
-16.3868
-15.7729
-15.258
-14.9208
-14.5649
-14.1849
-13.8484
-13.6723
-13.4705
-13.2854
-13.512
-13.7703
-13.8318
-14.2973
-14.3788
-14.3903
-14.3014
-14.1944
-14.1596
-13.8165
-13.7976
-14.0618
-14.0612
-14.4105
-14.6492
-14.7098
-14.7585
-14.6946
-14.7447
-14.7263
-14.4538
-14.6077
-14.8325
-14.7999
-15.1829
-15.3532
-15.4356
-15.4217
-15.3475
-15.3142
-14.9668
-15.0018
-15.4605
-15.8724
-16.6639
-17.7969
-18.3324
-18.5613
-18.687
-18.3445
-18.5969
-18.733
-18.4207
-18.051
-17.6752
-17.151
-16.6582
-16.4235
-16.2851
-16.0215
-15.7863
-15.7601
-15.4947
-15.3347
-15.6181
-15.6489
-15.6591
-15.9287
-16.1038
-16.1383
-16.0655
-16.0487
-15.9584
-15.7537
-15.824
-16.0867
-16.2224
-16.4184
-16.6314
-16.6846
-16.5856
-16.4002
-16.2495
-15.9257
-15.4104
-15.2016
-15.0628
-15.0005
-15.1635
-15.3971
-15.9501
-17.1579
-17.562
-18.2618
-18.6803
-18.1772
-18.6295
-18.9285
-18.9068
-18.9388
-19.0665
-19.1416
-19.2229
-19.5237
-19.8781
-20.2616
-20.4375
-19.6612
-18.5966
-18.0436
-17.8416
-17.6491
-17.0175
-16.7548
-16.904
-17.4395
-17.4651
-17.4911
-17.1146
-16.916
-17.0593
-16.9448
-16.7018
-16.5297
-16.6587
-16.8247
-16.8374
-16.7642
-16.4678
-16.3998
-16.3389
-16.2417
-16.1726
-16.0478
-16.2141
-16.0865
-16.1254
-16.0423
-15.8968
-15.8602
-15.7955
-15.6952
-15.4158
-15.4324
-15.3701
-15.6325
-15.5062
-15.5674
-15.5736
-15.3788
-15.3931
-15.4707
-15.3693
-15.3061
-15.3468
-15.6471
-15.6247
-15.8777
-16.1945
-16.5232
-17.5162
-18.4992
-19.3908
-19.4115
-19.5172
-19.4998
-19.4115
-19.4096
-19.1808
-19.2993
-19.5741
-19.6326
-19.3843
-18.8524
-18.6481
-18.7456
-18.7447
-18.7223
-18.9106
-18.9423
-19.0514
-19.2788
-19.3127
-19.2415
-18.6716
-18.4962
-18.537
-18.487
-18.4768
-18.6139
-18.4774
-18.6335
-18.9075
-19.0988
-19.1563
-18.7287
-18.6315
-18.8198
-19.0098
-19.0823
-19.1311
-19.318
-19.2491
-19.5111
-19.8313
-19.9608
-19.7997
-19.2983
-19.3047
-19.4479
-19.6981
-19.7394
-19.8515
-20.083
-20.1763
-20.7161
-21.0692
-21.2075
-20.7245
-20.2319
-20.0707
-20.0414
-20.0002
-20.05
-19.8791
-19.6937
-19.7657
-20.1351
-20.639
-20.901
-20.6299
-20.5901
-20.6777
-20.781
-20.9503
-20.9703
-21.0056
-21.015
-21.0139
-20.7991
-20.8614
-20.9964
-21.269
-21.276
-20.8558
-20.5758
-20.4903
-20.5947
-20.6012
-20.5978
-20.4871
-20.3672
-20.3058
-20.3728
-20.353
-20.0419
-19.9917
-19.9577
-20.083
-20.08
-19.8082
-19.3928
-19.1321
-19.0983
-19.3353
-19.9244
-19.4933
-18.7745
-18.0914
-17.6892
-17.8523
-17.8657
-18.2061
-19.4076
-20.8535
-21.7872
-22.2761
-21.8316
-21.1431
-20.991
-22.0303
-21.9162
-22.1402
-22.5816
-22.0798
-22.2948
-22.7607
-22.7709
-22.1842
-21.0464
-20.6938
-20.8016
-20.2143
-20.3894
-21.0124
-20.3311
-20.631
-21.1711
-21.3052
-21.0172
-21.3031
-21.6881
-21.1498
-21.4329
-22.1446
-21.7347
-21.5779
-21.8993
-21.8764
-21.4303
-21.6754
-22.2877
-21.9869
-21.9671
-22.1364
-21.9665
-21.4379
-21.5272
-21.7413
-21.5992
-21.4967
-21.7528
-21.6955
-21.3712
-21.2894
-21.1475
-21.2662
-21.0157
-21.2114
-21.7053
-21.2732
-21.189
-21.3894
-21.0716
-20.7066
-20.7278
-21.099
-20.5133
-20.5224
-20.8296
-20.4321
-20.225
-20.1477
-20.2732
-19.9516
-19.7633
-19.3831
-19.4663
-19.0175
-18.7767
-18.791
-18.6701
-18.6579
-18.8345
-19.0392
-19.0611
-19.1091
-19.1103
-19.2197
-19.2028
-19.1234
-19.2707
-19.5057
-19.2815
-19.2945
-19.2541
-19.4839
-19.3826
-19.5203
-19.8422
-19.7592
-19.7318
-19.8488
-20.1332
-20.1176
-20.0135
-20.2202
-20.3666
-20.3463
-20.2586
-20.2918
-20.557
-20.3393
-20.5086
-20.6897
-21.0201
-21.0949
-21.6066
-22.4287
-22.4319
-23.1186
-23.457
-24.0639
-23.6529
-23.6545
-24.3096
-24.3365
-24.0713
-23.2767
-22.582
-21.583
-20.6951
-20.1933
-20.2374
-19.8404
-19.8591
-19.8265
-20.4065
-20.3046
-20.5421
-20.7076
-20.7563
-20.8568
-20.8774
-21.279
-21.0005
-21.0652
-20.915
-21.1994
-20.8267
-20.8473
-20.7451
-21.0253
-20.5763
-20.4971
-20.3555
-20.4719
-20.4627
-20.4425
-20.4459
-20.5507
-20.7727
-20.9892
-21.5617
-21.9119
-22.7568
-23.1613
-23.5249
-23.3578
-23.352
-23.1536
-23.1836
-23.2514
-23.4252
-23.4822
-23.7031
-23.7392
-24.2623
-24.4117
-24.9764
-25.0119
-25.4821
-25.6295
-25.718
-25.7996
-25.2581
-24.0767
-21.7551
-19.8443
-18.4438
-17.5771
-17.0346
-16.6755
-16.4132
-16.0945
-15.8756
-15.6646
-15.4855
-15.3874
-15.2354
-15.2345
-15.3219
-15.4877
-15.6854
-15.8447
-15.9578
-16.0201
-16.0492
-16.1084
-16.1145
-16.0284
-15.9542
-15.9359
-15.9363
-15.9955
-15.9903
-15.9094
-15.9078
-15.9353
-15.9591
-16.0423
-15.9899
-16.0653
-16.0875
-16.2679
-16.111
-15.7478
-15.7019
-16.2563
-16.9289
-17.7199
-19.0169
-19.1233
-19.1376
-19.1967
-18.6087
-19.9712
-20.8044
-23.4259
-38.1139
-33.0811
-31.2008
-29.7673
-28.9022
-28.6451
-28.0789
-27.5677
-27.2247
-27.0102
-26.9044
-26.9397
-27.0695
-27.1127
-27.0081
-26.7778
-26.6653
-26.5363
-26.2405
-26.1376
-26.1728
-25.9674
-25.8311
-25.7824
-25.5741
-25.3897
-25.2855
-25.219
-25.1555
-25.0922
-25.0367
-25.0083
-24.8689
-24.6647
-24.3811
-24.1997
-24.1384
-24.0529
-24.0998
-24.1093
-24.0514
-24.0339
-23.9801
-23.8871
-23.9724
-24.0861
-23.99
-23.9502
-23.9199
-23.9261
-23.9165
-23.9579
-23.8876
-23.8269
-23.7815
-23.673
-23.5821
-23.5005
-23.348
-23.2373
-23.219
-23.3156
-23.488
-23.6348
-23.6114
-23.5744
-23.5506
-23.5084
-23.5266
-23.5534
-23.4103
-23.3917
-23.345
-23.2617
-23.3276
-23.2589
-23.1267
-22.9461
-22.7784
-22.5933
-22.5023
-22.4359
-22.3448
-22.1672
-21.9883
-21.7044
-21.4809
-21.5497
-21.5609
-21.6894
-21.7941
-21.7988
-21.9589
-21.9783
-21.9439
-21.9256
-21.8724
-21.8766
-21.9961
-21.972
-21.97
-21.8762
-21.8257
-21.8042
-21.7567
-21.6957
-21.6731
-21.6482
-21.5542
-21.5326
-21.473
-21.3275
-21.2335
-21.1413
-20.9819
-20.903
-20.88
-20.8062
-20.7897
-20.7698
-20.7721
-20.687
-20.6505
-20.6301
-20.5787
-20.9875
-21.165
-21.3646
-21.7317
-22.0252
-22.2854
-22.459
-22.6303
-22.766
-23.0429
-23.6886
-24.8989
-26.3851
-28.0006
-29.1905
-29.5201
-29.4853
-29.3639
-29.172
-28.9607
-28.7664
-28.5707
-28.3671
-28.1559
-28.042
-27.8529
-27.6687
-27.4785
-27.1403
-26.9606
-26.8528
-26.9446
-27.2408
-27.6816
-28.382
-28.4793
-23.3802
-20.3545
-19.4726
-18.6031
-19.0096
-19.4556
-19.184
-19.6614
-18.6576
-19.1109
-19.7898
-20.2305
-22.325
-22.334
-22.3206
-21.986
-22.126
-22.4831
-22.5771
-22.5623
-22.1762
-22.1755
-22.1969
-21.8943
-21.6595
-21.4904
-21.4637
-22.1147
-23.7192
-26.0922
-30.708
-65.3156
-67.7723
-62.7176
-52.6017
-43.4852
-36.3367
-32.4765
-31.1743
-29.3618
-27.8463
-27.8177
-26.3016
-25.6361
-25.7342
-23.998
-23.4566
-23.4591
-22.0145
-21.9528
-22.0917
-21.2837
-21.3936
-21.4736
-20.9561
-21.0131
-21.3606
-20.9893
-20.7269
-20.9816
-20.5304
-20.2756
-20.6582
-20.2722
-19.9599
-20.2097
-19.73
-19.4607
-19.6693
-19.0937
-18.7981
-18.8971
-18.6738
-18.4242
-18.477
-18.4096
-18.264
-18.2095
-18.1565
-17.9519
-17.648
-17.7155
-17.4229
-17.2954
-17.5621
-17.4864
-17.5171
-17.6964
-17.8121
-17.9988
-18.1344
-18.3539
-18.3872
-18.4016
-18.6399
-18.6059
-18.4427
-18.7435
-18.5363
-18.3938
-18.5856
-19.5367
