-30.613
-28.4354
-19.8267
-23.8875
-22.8
-16.06
-35.6441
-47.3852
-20.0384
-12.8913
-22.5764
-21.3535
-8.0902
-21.3232
-38.027
-65.9783
-48.2864
-50.1606
-59.3784
-56.8412
-14.2922
-35.4259
-66.1957
-39.62
-27.8947
-21.8519
-28.1393
-35.4357
-32.6634
-40.8811
-33.9207
-27.6117
-28
-24.5311
-27.604
-11.9001
-9.42591
-4.24375
-1.31353
-5.7324
-4.78556
-12.57
-8.38234
-8.63114
-1.19102
4.86348
-1.34603
4.53322
6.84545
9.09864
-2.12508
4.00305
-1.71385
-4.89523
4.38469
4.19738
-0.690884
3.31477
8.88589
6.0885
7.67324
1.44917
1.04464
10.8514
10.4054
2.90329
-3.53288
-0.380079
1.59481
-0.814102
-4.09499
-17.6199
-15.0232
-13.9669
-17.6946
-20.3896
-14.0939
-20.3778
-21.4249
-22.949
-22.1628
-10.2252
-16.6402
-22.8257
-28.9184
-19.0449
-12.4024
-23.9
-50.7437
-33.9184
-32.7742
5.44346
-18.3763
-13.6339
-42.3348
-50.2873
-41.7653
-40.1446
-46.309
-50.2271
-41.6985
-43.7225
-42.1188
-30.9923
-32.3463
-34.6314
-40.0912
-43.9655
-48.1513
-50.7968
-51.4911
-51.705
-57.7372
-54.8583
-56.5237
-53.3888
-45.8401
-45.7698
-52.1697
-53.9124
-53.0435
-49.275
-49.2324
-44.2244
-40.8114
-41.0884
-49.9926
-52.323
-56.1533
-53.7959
-46.4486
4.23614
-32.233
-33.4942
-29.7947
-38.4929
-29.2337
-48.4205
-36.0802
-44.0339
-44.9437
-32.4082
-48.8628
-54.679
-41.5828
-29.401
-34.0554
-26.4179
-28.4089
-34.4696
-37.2745
-25.9651
-15.0593
-29.7384
-32.0112
-42.7214
-45.8056
-42.3367
-38.2261
-39.7286
-46.0344
-27.6928
-37.9884
-46.5879
-41.669
-34.6477
-43.5713
-48.828
-40.85
-54.3623
-49.2679
-61.3304
-51.199
-59.8908
-45.1843
-47.9756
-41.8995
-40.1997
-46.4045
-46.7625
-47.2574
-54.0379
-47.2034
-46.931
-45.197
-39.3488
-52.6096
-54.3012
-49.9386
-49.9905
-49.6505
-51.2609
-49.5608
-44.8266
-39.1913
-46.7713
-51.5724
-45.4915
-46.6188
-45.9777
-44.6687
-44.6643
-53.5295
-47.5034
-57.0353
-48.5726
-40.7448
-50.8826
-53.4351
-42.1445
-48.3004
-41.7332
-49.1535
-39.9093
-48.2641
-38.2731
-47.8268
-48.1301
-50.7592
-42.1373
-37.7288
-39.6924
-46.665
-46.2476
-37.6956
-50.6075
-43.4755
-46.8231
-43.4662
-42.0624
-43.6566
-44.5599
-42.9501
-22.9198
-6.34022
-15.7937
-17.4983
-20.0589
-23.5212
-26.3567
-30.2399
-25.4662
-19.3318
-18.1539
-17.3612
-14.3088
-15.5708
-11.673
-12.035
-4.48708
-4.18271
-13.6922
-10.368
-8.17447
-1.29771
-6.24946
-8.26422
-4.64665
-5.35032
-4.93355
0.0531547
3.17429
-0.796576
13.3652
-8.99838
-3.4053
-3.81801
1.39844
-24.4773
-31.9259
-30.4017
-32.6668
-36.298
-41.2151
-47.488
-37.5391
-39.9532
-43.0835
-46.0083
-43.5751
-42.1287
-42.4548
-36.3189
-39.9858
-39.0928
-39.2537
-43.5458
-36.8124
-43.4051
-46.5143
-43.658
-47.0609
-45.1962
-40.9037
-38.7234
-47.9272
-44.7115
-39.5016
-42.8138
-43.2037
-47.7591
-47.7006
-41.7578
-45.9873
-41.7774
-51.6872
-46.9298
-39.1786
-42.7668
-45.3188
-48.9427
-45.625
-49.9297
-45.9127
-47.4426
-50.58
-52.1881
-51.9532
-50.7448
-49.5021
-52.1818
-48.9933
-45.5837
-47.5967
-53.7976
-52.5369
-47.0045
-48.4141
-50.9445
-52.5425
-50.7666
-57.8408
-56.1869
-54.3592
-53.2185
-52.2505
-53.4272
-50.9701
-48.9816
-47.2756
-50.8582
-53.6569
-55.4384
-54.0158
-57.5088
-50.176
-56.4111
-46.8054
-61.2143
-50.6065
-44.0043
-51.1423
-43.805
-41.7837
-34.7174
-38.4596
-42.0623
-52.01
-37.8426
-26.7839
-31.8893
-41.9314
-51.5912
-40.643
-23.8271
-26.3542
-21.6369
-18.058
-16.2574
-24.6389
-6.31875
-28.8048
-18.55
-1.03839
-18.5153
-17.4269
-8.90394
-10.4462
-21.0554
-15.632
-28.7224
-23.6641
-30.1089
-22.7757
-17.6239
-27.9131
-43.7971
-54.6767
-53.2201
-60.151
-62.7199
-51.2884
-54.9597
-51.8352
-46.5663
-48.3692
-46.8103
-57.0128
-47.8099
-54.7488
-54.1974
-54.3784
-49.5934
-62.3293
-56.0057
-53.3957
-55.4764
-51.6472
-53.5184
-53.779
-59.3415
-59.9639
-60.1602
-59.7917
-54.2421
-43.3622
-23.3419
-21.016
-12.3309
-24.5634
-37.6851
-25.4619
-33.8249
-18.6596
-12.621
-21.6975
-37.4138
-57.3518
-59.6474
-67.8694
-64.2211
-64.0394
-66.8662
-64.9811
-63.3315
-70.3345
-68.1559
-74.0804
-25.9181
-7.02135
-10.4542
-10.0227
-10.4601
-14.1749
-19.1339
-22.2983
-13.2917
-11.4801
-5.6898
-21.1887
-46.9358
-54.3444
-48.7594
-54.5793
-49.8979
-47.6931
-48.8529
-50.4162
-46.2174
-45.9505
-51.1768
-43.5942
-42.6494
-43.044
-56.5563
-54.5957
-46.7609
-48.2111
-46.0921
-49.5887
-55.7476
-53.5416
-48.9758
-58.0144
-56.509
-60.7638
-57.6711
-69.4239
-58.9639
-40.2173
-38.4144
-47.2736
-53.8004
-33.3732
-32.0895
-25.6916
-35.9846
-27.0007
