-0.993069
2.05874
0.03146
10.8491
16.2242
17.1004
13.4771
27.4292
14.8075
7.31462
13.2719
13.8534
19.7017
16.6102
15.9862
10.0312
12.3861
32.5457
22.1365
30.2008
24.8074
28.8962
20.8748
17.022
12.6793
12.9162
16.6175
19.615
11.3933
12.8209
-0.0940671
-0.0613058
5.90837
3.09498
-12.5426
-16.216
-15.3281
-16.2092
-13.1835
-6.6574
-12.2458
-8.95585
2.71178
-2.93112
-1.32289
-4.69822
-10.0148
8.35223
-8.99726
-4.26334
0.216468
0.981896
1.14874
2.93737
-15.526
-6.67038
3.89179
-2.62459
-8.17589
-4.08699
11.0668
-8.49062
-1.43716
4.87727
1.01745
16.6096
4.42404
-0.908657
8.88512
8.93396
10.0836
-4.88376
1.85814
-4.26585
5.24798
-4.09841
2.71969
11.2956
4.49293
-5.38588
5.63142
10.3797
10.417
0.297608
17.6884
11.5774
13.3114
3.98472
0.224959
-2.70576
-1.23382
14.5539
8.89909
0.670716
-4.89162
7.47065
-1.75821
5.12922
4.92806
-8.48615
-1.11864
3.15788
9.45017
-8.23511
4.86995
12.6108
5.40517
-11.1563
-1.22223
1.97826
-2.05007
1.09008
-7.81366
-4.14208
0.6063
3.44617
7.57364
13.5583
15.8912
5.62147
7.90826
-4.57263
0.461868
8.46578
-3.60163
8.55052
11.1948
1.01507
-16.5026
5.50394
10.3278
10.349
11.8756
2.69025
-5.33673
1.75967
11.9793
4.38377
3.44391
4.27562
11.4196
20.639
15.1029
11.622
19.5706
6.68389
3.58004
11.3336
13.8247
16.8923
12.6801
15.7185
10.3409
18.748
31.7968
17.5736
25.6207
30.9176
21.8395
22.662
15.3477
13.1838
12.6939
15.0876
18.5306
15.1184
9.44407
-7.42604
5.57248
3.27424
1.24843
-8.78943
-12.8973
-27.45
-10.6786
-13.0613
-11.1055
-12.9811
-9.99548
3.66294
-1.66163
-7.97172
-4.75213
-6.60532
6.91352
-4.74125
-0.153016
0.990772
1.11322
-6.34709
6.56767
-15.4103
-7.76216
-2.55798
3.62874
1.14801
-9.79905
7.77069
-3.22586
-4.02879
11.5067
-0.550085
16.4782
-5.61608
2.5965
6.50368
9.44596
7.74823
1.88296
-1.66302
-7.623
5.90277
0.811338
0.724776
5.55931
7.8554
-4.0392
4.08406
7.7435
13.7135
9.25251
18.222
4.39582
6.16346
2.75164
6.20951
-2.0365
6.58168
12.8799
4.43401
2.09632
1.94725
-0.419547
7.96923
3.67326
5.52184
-14.1003
-1.85509
2.89146
-0.468207
-6.25869
7.81342
7.20704
2.62939
-10.8926
-5.23317
9.80888
-5.35919
-3.93071
-2.27674
-4.62798
6.34902
-3.52131
11.3239
11.1849
12.7667
6.98251
3.55337
-1.61481
-0.303837
0.881715
-0.490861
8.67388
10.5846
3.34333
-9.82856
6.46795
-1.20895
16.0704
10.1875
0.657104
-3.87416
10.0235
3.30781
3.84159
2.8893
7.10289
10.7136
22.4199
12.6952
16.8321
18.3888
11.9267
7.6608
9.70738
17.5931
11.9977
7.82033
14.8312
10.2975
27.6615
29.6579
20.9321
26.7621
28.1466
17.7408
19.6722
12.9795
9.70635
13.3406
14.0907
15.1317
17.2768
5.09215
-6.18291
-1.05394
-5.69416
-7.0249
-14.1111
-5.99409
-18.5499
-11.6785
-7.62317
-8.79945
-17.197
-8.87325
-0.419622
-1.94225
-5.05489
-8.35054
-3.36533
5.00242
-0.998487
8.82559
3.04665
1.97238
-5.60067
2.47694
-11.3772
-5.75697
-6.64998
1.24867
5.07895
-5.12959
-4.27783
1.59357
-3.0887
8.78522
1.42446
18.1814
-6.91029
10.2811
8.72005
11.2102
5.52781
5.52921
-6.61558
-5.71543
2.86546
3.23925
4.73657
12.747
4.84159
-5.11861
-1.87232
1.50482
8.31325
14.3662
21.6301
12.0917
6.98948
-2.62286
6.72904
3.66619
14.3774
12.1107
7.86529
-1.82643
10.2998
-4.33316
10.9752
6.35886
10.4875
-6.15155
-2.60115
10.1085
-10.9548
-0.376605
15.5582
3.9311
-0.392672
-13.2844
-7.81055
10.8095
-0.519813
-4.01717
1.8012
-6.76131
7.47181
-2.59993
8.86928
10.119
7.71608
6.94317
-3.21634
-6.47174
3.41101
-1.25947
2.9578
6.39039
-1.02595
-0.241865
-4.77663
4.90187
-7.3391
16.1994
10.6322
4.80788
-6.10957
18.7323
-4.94049
1.49191
-0.178025
6.34166
11.0213
17.7826
15.2201
26.0211
15.0293
14.434
14.2117
9.27462
21.2373
14.6421
15.8947
14.8761
7.28619
27.4712
24.6287
27.3006
25.0905
24.635
21.0099
12.8589
14.6534
8.51571
16.1621
19.0041
12.4188
11.6574
0.367401
-4.52415
3.38445
3.20257
-7.86365
-13.482
-8.17702
-17.5184
-11.1831
-7.11487
-12.3741
-14.9544
-4.59373
1.06248
1.07033
-6.58042
-8.70441
-0.0944595
-3.76577
2.88984
9.17381
2.45749
2.33457
-5.73608
-7.60187
-6.06502
0.388909
-3.55339
-3.12127
2.28588
7.12618
-8.89155
0.172803
-0.946169
3.54785
4.56996
11.9017
-3.65282
14.3746
8.53257
7.56889
0.415152
9.00047
-4.05003
2.80106
0.393653
7.81708
3.38206
