-11.4073
-10.282
-9.64042
-10.2626
-11.3151
-11.7282
-11.5366
-11.9787
-12.1613
-11.7343
-11.7029
-11.3239
-10.3733
-9.9022
-9.7302
-10.6486
-12.7389
-16.5035
-48.2733
-48.949
-38.1411
-35.2518
-32.3126
-31.1798
-30.0182
-29.5303
-28.8755
-27.8677
-26.597
-25.6149
-24.5192
-23.8724
-23.1163
-22.5827
-22.3024
-21.6589
-21.4211
-20.7994
-20.6206
-20.3442
-19.6012
-19.4488
-18.7143
-18.3618
-18.2519
-17.7199
-17.7262
-17.6817
-17.1886
-17.268
-17.0409
-16.5759
-16.5796
-16.2138
-15.8782
-16.0011
-15.4769
-15.5004
-15.2564
-15.0347
-15.1909
-14.8413
-14.8708
-14.6278
-14.3559
-14.2114
-14.164
-14.0222
-13.8888
-13.5694
-13.2223
-12.7672
-12.5125
-12.2358
-12.1849
-12.0055
-11.9431
-11.7412
-11.687
-11.584
-11.5571
-11.6429
-11.4362
-11.5389
-11.2896
-11.1017
-10.7167
-10.6025
-10.2219
-9.83007
-9.74579
-9.45977
-9.37261
-9.21196
-8.93685
-8.83697
-8.57141
-8.49691
-8.41745
-8.38717
-8.70668
-8.76643
-9.12238
-9.22979
-9.37554
-9.27622
-9.36877
-9.39513
-9.46689
-9.49544
-9.38608
-9.26031
-9.23427
-9.20202
-9.11288
-9.26101
-9.0741
-9.27593
-9.18925
-9.29585
-9.27761
-9.44263
-9.5565
-9.57654
-9.53484
-9.35414
-9.2073
-8.77507
-8.51145
-8.1268
-7.70876
-7.44752
-7.1531
-6.99944
-6.81206
-6.72574
-6.73928
-6.60358
-6.68523
-6.69736
-6.78826
-7.03971
-7.12683
-7.65727
-7.93676
-8.35135
-8.36417
-8.81741
-9.66994
-10.5189
-12.1642
-12.797
-13.0254
-13.1126
-13.2272
-13.0977
-12.8712
-12.5769
-12.4966
-12.4145
-12.4445
-12.5346
-12.4374
-12.2774
-12.0658
-11.9909
-12.0317
-12.317
-12.4267
-12.4261
-12.7022
-13.5409
-14.4434
-15.6976
-16.9582
-17.353
-17.1122
-17.5486
-17.9291
-16.9962
-17.767
-18.6816
-18.2123
-19.2189
-19.6102
-18.2442
-18.6324
-18.6789
-17.7181
-18.6431
-18.5131
-17.8914
-18.8916
-18.7043
-18.0326
-18.6782
-18.1312
-17.4093
-18.1999
-17.8583
-17.4774
-17.349
-16.4838
-16.1363
-16.1904
-16.4366
-16.6606
-17.0359
-14.1897
-11.0474
-10.3082
-9.54448
-9.52914
-10.0808
-9.08081
-8.88265
-8.12961
-8.1936
-8.54055
-8.63854
-9.14514
-9.90409
-10.6318
-11.6054
-12.0298
-12.1288
-12.1857
-11.5698
-11.1932
-10.7069
-10.1697
-9.89892
-9.28793
-8.8599
-8.41852
-8.24017
-7.9185
-7.69052
-7.67037
-7.55763
-7.51092
-7.48973
-7.4086
-7.64768
-9.06896
-11.0618
-14.5994
-40.5619
-40.7256
-39.3285
-40.9434
-36.4017
-29.6748
-25.4416
-23.479
-22.1216
-21.465
-20.9661
-20.3022
-19.2957
-18.3787
-17.7236
-16.9032
-16.5906
-16.1865
-15.6831
-14.8346
-13.8924
-13.3236
-12.762
-12.3074
-12.2243
-12.0276
-11.9803
-11.9226
-11.6248
-11.316
-11.1729
-10.986
-10.6216
-10.615
-10.4404
-10.414
-10.3817
-10.0418
-9.68423
-9.59694
-9.42533
-9.3027
-9.44862
-9.38828
-9.4325
-9.39693
-9.11322
-8.84715
-8.674
-8.4975
-8.42048
-8.46607
-8.49004
-8.65546
-8.72592
-8.56786
-8.53217
-8.38694
-8.31457
-8.38777
-8.34376
-8.44887
-8.46829
-8.29208
-8.26689
-8.12434
-8.11219
-8.20266
-8.18232
-8.3124
-8.3377
-8.16612
-8.12419
-7.97691
-7.94859
-8.02463
-8.00119
-8.21465
-8.28737
-8.17392
-8.23977
-8.12232
-8.17361
-8.37892
-8.40487
-8.62998
-8.60546
-8.44515
-8.45008
-8.21666
-8.22711
-8.31382
-8.25267
-8.49211
-8.44904
-8.4159
-8.38781
-8.16703
-8.1864
-8.22557
-8.23706
-8.46801
-8.43834
-8.40878
-8.24143
-8.0456
-8.09263
-8.10857
-8.15013
-8.35114
-8.33867
-8.43082
-8.43299
-8.29372
-8.31861
-8.39284
-8.50242
-8.71476
-8.83694
-8.70708
-8.54319
-8.33886
-8.17886
-8.26106
-8.31743
-8.51822
-8.84718
-8.95638
-8.92644
-8.93482
-8.83855
-8.869
-8.91344
-8.95772
-9.0726
-9.10531
-9.03306
-8.91136
-8.85033
-8.95392
-8.95248
-9.1759
-9.2043
-9.19062
-9.17357
-9.13533
-9.33702
-9.33168
-9.54762
-9.56679
-9.63855
-9.64343
-9.72981
-9.99462
-10.4585
-10.9411
-11.0501
-10.5648
-9.8933
-9.44395
-9.16438
-9.27216
-9.54187
-9.89931
-10.2618
-10.4033
-10.4311
-10.4792
-10.7123
-10.825
-10.7604
-10.6625
-10.6514
-10.7049
-10.7743
-10.885
-10.9686
-10.9507
-10.9023
-10.7951
-10.7605
-10.8353
-10.9215
-10.9843
-11.0087
-11.0383
-11.0855
-11.1433
-11.1844
-11.2058
-11.2334
-11.2686
-11.3299
-11.3917
-11.4449
-11.5105
-11.5866
-11.6947
-11.8158
-11.935
-12.0554
-12.1673
-12.288
-12.4122
-12.5356
-12.6333
-12.6865
-12.7043
-12.6393
-12.5144
-12.3769
-12.2259
-12.1012
-11.9756
-11.837
-11.6959
-11.5481
-11.419
-11.3147
-11.2389
-11.1716
-11.122
-11.0672
-11.0077
-10.977
-10.9513
-10.9399
-10.9372
-10.9194
-10.9164
-10.897
-10.8875
-10.9013
-10.9132
-10.9277
-10.944
-10.9538
-10.9426
-10.9657
-10.9491
-10.9171
-10.9115
-10.8908
-10.8995
-10.8991
-10.8559
-10.7901
-10.7281
-10.6898
-10.6732
-10.6826
-10.7068
-10.7434
-10.844
-10.965
-11.121
-11.3062
-11.4735
-11.6227
-11.7661
-11.8911
-12.0191
-12.2144
-12.464
-12.8049
-13.2497
-13.8064
-14.399
-15.0393
-15.6524
-16.229
-17.2071
-18.473
-20.049
-22.3729
-24.5106
-26.5922
-24.0061
-16.9362
-14.7854
-12.8281
-11.4085
-10.9746
-10.4582
-10.5057
-10.7499
-11.0052
-11.3181
-11.361
-11.4729
-11.5952
-11.6519
-11.645
-11.3776
-11.1464
-11.0481
-11.147
-11.4953
-11.9206
-12.4777
-12.5377
-12.0012
-11.1211
-10.3426
-10.0612
-10.3469
-11.0995
-11.8364
-12.1969
-11.9027
-11.3539
-10.8506
-10.4561
-10.2583
-10.3171
-10.5304
-10.8297
-11.1583
-11.3567
-11.455
-11.5161
-11.3927
-11.2201
-11.0209
-10.8065
-10.6119
-10.4288
-10.201
-10.0925
-10.0887
-10.1558
-10.2962
-10.683
-11.1018
-11.2998
-11.4243
-11.5741
-11.4759
-11.371
-11.2939
-11.1579
-11.1839
-11.1563
-11.0729
-11.1626
-11.0533
-10.8498
-10.6547
-10.221
-9.72774
-9.33591
-9.23748
-9.4791
-10.1427
-11.0095
-11.7119
-12.2534
-12.3807
-12.2777
-12.0651
-11.5509
-11.1137
-10.7944
-10.5725
-10.4529
-10.504
-10.8153
-11.181
-11.4579
-11.2556
-10.3791
-9.70258
-9.55487
-9.56333
-9.90904
-10.2238
-10.1337
-9.92687
-9.71436
-9.61392
-9.58069
-9.28147
-8.92873
-8.59667
-8.3006
-8.08281
-8.00286
-8.35368
-8.80217
-9.33616
-9.8939
-10.1086
-10.2488
-10.4648
-10.7732
-11.1364
-11.3922
-11.4227
-11.291
-11.1078
-10.8149
-10.3094
-9.74515
-9.21966
-8.73057
-8.56224
-8.68288
-8.83432
-8.92333
-8.95365
-8.71982
-8.62137
-8.72802
-8.7102
-8.71501
-8.64147
-8.46085
-8.26161
-8.21543
-8.24795
-8.33846
-8.64477
-8.76193
-8.97118
-9.27994
-9.2853
-9.37805
-9.18272
-8.78998
-8.50985
-8.39475
-8.26122
-8.34898
-8.74312
-8.78597
-9.0002
-9.19378
-9.14441
-9.21059
-9.23744
-9.27839
-9.18663
-9.25306
-9.35738
-9.489
-9.68098
-9.79608
-9.67753
-9.46752
-9.18532
-8.97899
-8.86468
-8.6779
-8.78175
-8.95611
-9.02509
-9.30803
-9.20051
-9.03373
-8.32306
-8.16231
-8.78146
-9.64079
-11.2961
-12.6174
-12.1436
-12.0227
-12.0355
-12.2001
-12.4886
-12.6387
-12.5777
-12.6342
-12.6222
-12.7617
-12.9161
-13.1195
-13.5892
-13.8595
-14.0222
-13.7049
-13.3261
-12.9526
-12.7466
-12.8103
-12.6516
-12.6635
-12.5483
-12.4384
-12.5421
-12.5981
-12.6459
-12.6533
-12.7776
-12.7454
-12.9965
-13.7852
-14.2758
-14.8442
-14.7635
-14.3459
-13.8694
-13.4731
-13.2229
-13.1266
-13.1475
-13.2242
-13.343
-13.4558
-13.5458
-13.5792
-13.5907
-13.6598
-13.7954
-14.043
-14.3391
-14.4501
-14.2946
-14.0467
-13.8304
-13.6127
-13.4431
-13.1352
-12.8677
-12.5765
-12.441
-12.5328
-12.6134
-12.7741
-12.8749
-12.9976
-12.9943
-13.1521
-13.2542
-13.3438
-13.5601
-13.7646
-13.8528
-14.0939
-14.2202
-14.3729
-14.9332
-15.0645
-15.122
-14.9666
-14.8191
-14.7625
-15.2528
-15.2195
-15.1193
-14.0864
-13.0728
-12.8527
-12.7229
-12.7872
-12.764
-12.6978
-12.5479
-12.8882
-13.0631
-12.6725
-12.2867
-12.0573
-11.6589
-11.7005
-11.6137
-10.8055
-10.7799
-10.8318
-11.0694
-12.1224
-12.1659
-12.1059
-11.8554
-11.5401
-11.67
-11.2842
-11.0225
-11.1907
-11.0874
-11.3025
-11.607
-11.1303
-10.6771
-10.3063
-10.0216
-10.3107
-10.652
-11.0292
-11.7939
-12.3744
-12.9281
-13.9478
-14.3856
-14.6659
-15.1412
-15.3362
-15.5497
-15.8519
-15.9844
-16.0112
-16.7409
-17.2075
-18.2758
-19.7195
-21.6648
-24.2965
-28.1319
-32.1414
-17.1883
-13.2221
-11.2385
-9.65454
-9.22676
-8.6982
-8.40641
-8.48491
-9.34861
-11.5085
-14.5759
-24.6545
-34.7067
-32.7978
-29.2598
-24.3952
-21.786
-19.4901
-19.0324
-17.9338
-16.6927
-15.7573
-14.6135
-14.0091
-13.2068
-12.3612
-11.8869
-11.6264
-12.0187
-12.0807
-12.0161
-11.5728
-11.33
-11.3682
-11.3197
-11.3993
-11.554
-11.5546
-11.6613
-11.8891
-11.9344
-11.9994
-12.1398
-12.0759
-12.2748
-12.3361
-12.6737
-12.3208
-11.9935
-12.0307
-11.5609
-11.6075
-11.3312
-10.6228
-10.3947
-9.97642
-9.666
-9.51165
-9.08749
-8.95442
-8.76852
-8.64725
-8.77056
-8.60753
-8.49265
-8.40274
-8.27322
-8.44548
-8.57998
-8.91148
-9.39827
-9.45176
-9.80078
-10.1978
-10.313
-10.5524
-10.6934
-10.5408
-10.5587
-10.1841
-9.86265
-9.91835
-9.40824
-9.37251
-9.47952
-9.1347
-9.20368
-8.98228
-8.31918
-8.20103
-7.86278
-7.4983
-7.59812
-7.19762
-7.17061
-7.10475
-6.95771
-7.26563
-7.20515
-7.45184
-7.88471
-7.70241
-7.95413
-8.13651
-8.14315
-8.40374
-8.74801
-8.79587
-9.14206
-9.65067
-10.1622
-10.9457
-11.3514
-11.6521
-11.7263
-11.7171
-11.5451
-11.4356
-11.073
-10.7448
-10.2314
-10.1822
-9.81137
-9.57791
-9.83841
-9.60714
-9.87697
-9.41216
-9.36781
-9.32031
-9.61225
-9.44789
-9.36839
-9.35838
-9.53814
-10.067
-10.4441
-11.2444
-11.5056
-12.0789
-12.0887
-12.0442
-11.1899
-11.3259
-11.1438
-11.0891
-11.857
-12.07
-12.6517
-12.5649
-12.1997
-11.3426
-10.6194
-10.6444
-10.1774
-10.3584
-10.5493
-10.1155
-10.1593
-10.0915
-9.50427
-9.45491
-8.8686
-9.05774
-9.24845
-9.81958
-9.79233
-9.99069
-9.74308
-10.182
-11.1739
-12.3331
-12.7197
-13.5487
-13.9246
-14.7365
-16.3627
-17.3385
-17.6234
-17.9644
-18.6384
-19.3737
-21.1215
-23.0492
-24.8798
-27.254
-29.7854
-30.2652
-19.4406
-16.5415
-14.4763
-13.3357
-13.5884
-13.9663
-14.6089
-15.2215
-15.5758
-15.8648
-16.3222
-16.0996
-15.9229
-15.8906
-15.8151
-16.03
-16.2472
-15.8559
-15.6661
-15.6654
-15.9111
-16.3289
-16.1854
-16.1126
-16.1426
-16.3313
-16.8366
-16.8469
-16.4002
-16.0401
-15.7314
-15.6772
-15.7221
-15.1449
-14.7671
-14.3368
-14.2903
-14.1861
-13.7717
-13.5259
-13.2575
-13.4195
-13.2519
-13.2403
-12.9536
-12.7956
-12.8868
-12.7574
-12.6877
-12.4473
-12.4871
-12.5042
-12.3515
-12.3085
-12.1856
-12.4304
-12.629
-12.709
-12.8777
-13.0419
-13.6103
-14.4784
-15.2018
-16.3319
-17.6487
-19.183
-20.6726
-20.8972
-20.8009
-21.1027
-20.895
-21.0137
-21.0316
-20.9862
-21.0633
-20.5908
-19.9786
-19.5162
-19.4056
-19.4874
-19.7837
-20.4484
-20.5987
-20.4382
-20.5312
-20.5251
-20.4049
-20.4417
-20.1698
-19.7578
-19.5537
-19.2126
-19.0757
-18.7928
-18.6701
-18.7214
-18.4852
-18.3289
-17.7937
-17.5
-17.1553
-17.0301
-17.04
-16.7672
-16.3448
-16.0328
-16.0838
-16.0249
-16.2662
-16.7992
-16.9066
-17.3651
-17.5339
-18.2839
-19.791
-22.0861
-27.6717
-30.987
-26.5623
-25.845
-25.7025
-25.521
-24.7234
-23.1853
-21.4994
-21.019
-21.7952
-22.5843
-23.6802
-23.5335
-22.1413
-20.5289
-19.852
-19.1885
-18.7356
-18.9325
-18.7116
-18.4991
-18.5732
-18.3997
-18.1459
-18.0735
-18.0752
-17.7478
-17.7239
-17.8807
-17.4267
-17.2995
-17.2401
-16.6724
-16.5398
-16.5278
-16.1302
-16.1669
-16.0983
-15.8545
-15.8849
-15.7749
-15.5297
-15.4772
-15.2399
-14.9812
-14.8771
-14.7517
-14.6858
-14.515
-14.5632
-14.68
-14.4637
-14.4514
-14.5293
-14.2584
-14.2422
-14.4364
-14.1803
-14.3168
-14.3945
-14.2338
-14.4178
-14.3554
-14.35
-14.4858
-14.4141
-14.4241
-14.3059
-14.246
-14.1932
-14.021
-14.0063
-14.1072
-13.9164
-13.9542
-14.1134
-13.8727
-13.9048
-14.1523
-13.9011
-13.8604
-14.0893
-13.8222
-13.7995
-14.0476
-13.7955
-13.7195
-13.9715
-13.7345
-13.8093
-13.9906
-13.7183
-13.8146
-13.7108
-13.5924
-13.6084
-13.4779
-13.3785
-13.4098
-13.2881
-13.2906
-13.4094
-13.3712
-13.4845
-13.49
-13.4789
-13.5799
-13.4619
-13.4481
-13.5632
-13.3223
-13.3577
-13.5616
-13.2767
-13.2831
-13.4088
-13.0274
-12.9676
-13.1476
-12.8879
-12.8895
-13.2043
-13.0383
-13.1115
-13.379
-13.0971
-13.2052
-13.2394
-13.0194
-13.1362
-13.0933
-13.086
-13.2153
-13.1613
-13.1487
-13.1991
-13.0535
-13.0143
-12.9495
-12.8144
-12.84
-12.7519
-12.7513
-12.8036
-12.6545
-12.6818
-12.7544
-12.6134
-12.6078
-12.7355
-12.524
-12.5391
-12.6702
-12.419
-12.428
-12.6389
-12.362
-12.3798
-12.5663
-12.2643
-12.2686
-12.4977
-12.2324
-12.2428
-12.4893
-12.2348
-12.2253
-12.521
-12.2815
-12.2245
-12.4851
-12.194
-12.2396
-12.4058
-12.1648
-12.2944
-12.2849
-12.2067
-12.2481
-12.1881
-12.1223
-12.0999
-12.0496
-11.9845
-11.9598
-11.9571
-11.9914
-11.9984
-11.9541
-11.9153
-11.8409
-11.8365
-11.7819
-11.7255
-11.7071
-11.6538
-11.6525
-11.712
-11.6461
-11.569
-11.5982
-11.5463
-11.5318
-11.6757
-11.6167
-11.5112
-11.7098
-11.5976
-11.6222
-12.0528
-12.0032
-12.2392
-12.6691
-12.3761
-12.796
-13.173
-13.2069
-14.1702
-14.7628
-15.4106
-16.5445
-16.7731
-16.944
-16.9581
-16.9198
-17.0453
-16.9753
-16.9072
-16.9154
-16.8289
-16.9381
-17.1175
-17.0894
-17.1795
-17.3027
-17.2501
-17.5734
-17.8214
-18.098
-18.3563
-18.5024
-18.3608
-17.7327
-17.6193
-17.241
-17.2399
-17.2103
-16.953
-17.2925
-17.2431
-17.4907
-17.6895
-17.3823
-17.609
-17.4653
-18.1714
-18.6616
-19.6733
-19.5424
-19.0225
-18.5511
-18.2882
-18.2716
-18.2648
-18.2761
-18.2995
-18.6099
-18.4671
-18.6701
-18.6436
-18.6216
-18.1994
-18.0753
-17.7982
-17.2325
-16.6356
-16.3798
-16.1794
-16.1188
-16.2544
-16.3127
-16.1239
-15.9067
-15.9402
-15.9165
-15.7792
-15.5498
-15.4538
-15.1945
-14.8112
-14.5789
-14.3632
-14.2983
-14.0206
-13.7645
-13.496
-13.2795
-12.8719
-12.7722
-12.4936
-12.2035
-12.0619
-11.8979
-11.9682
-11.7624
-11.6919
-11.6505
-11.5056
-11.3532
-11.2362
-11.4388
-11.2318
-11.3751
-11.5473
-11.6198
-11.9818
-12.3367
-13.1022
-14.1794
-16.2181
-18.9144
-21.1914
-22.252
-19.104
-17.0401
-16.7368
-15.1278
-15.7873
-15.1002
-13.7663
-14.7025
-13.2771
-13.0459
-13.7916
-12.3434
-12.2156
-12.8732
-11.6404
-11.7931
-11.9809
-11.8227
-13.0584
-14.0802
-14.9482
-14.9493
-14.6535
-14.3071
-14.1504
-14.0754
-14.194
-14.4636
-14.9734
-15.5087
-15.6513
-15.4667
-14.9907
-14.4756
-14.3131
-14.1194
-13.9745
-13.742
-13.4908
-13.3082
-13.1335
-13.145
-13.1002
-13.1287
-13.1105
-13.2837
-13.5708
-13.9744
-14.1648
-14.0455
-13.6094
-13.2588
-13.0152
-12.8782
-12.9331
-12.8942
-12.8672
-12.7379
-12.5379
-12.3628
-12.2141
-12.1443
-12.2833
-12.7142
-13.2322
-13.5182
-13.3923
-13.0461
-12.5993
-12.4324
-12.3679
-12.2961
-12.2205
-12.0117
-11.941
-11.8492
-11.7986
-11.8399
-11.9045
-12.0492
-12.4341
-12.81
-13.1739
-13.1566
-12.7637
-12.4952
-12.0185
-11.828
-11.7986
-11.8248
-11.8763
-11.839
-11.6646
-11.5791
-11.5635
-11.658
-11.8496
-11.8309
-12.0367
-12.4766
-12.8585
-12.7538
-12.4442
-11.8676
-11.3262
-11.2799
-11.2508
-11.2127
-11.1774
-11.1344
-11.0835
-11.2284
-11.3384
-11.4497
-11.6059
-11.5857
-11.6012
-11.9119
-11.8234
-11.6236
-11.4316
-10.9998
-10.778
-10.7941
-10.8717
-10.8387
-10.9288
-11.0099
-11.0702
-11.1901
-11.2996
-11.6417
-12.0381
-12.0522
-11.837
-11.4991
-11.0786
-11.1512
-12.5247
-14.3495
-17.3767
-27.7801
-24.9594
-22.7978
-21.3647
-20.4486
-19.3608
-18.6657
-18.0771
-17.7243
-17.7883
-17.8939
-18.2065
-18.4589
-18.6408
-18.8472
-18.5277
-18.5327
-18.0311
-17.7824
-17.529
-17.1571
-17.0961
-16.9274
-16.8847
-16.8253
-16.629
-16.5746
-16.5368
-16.6685
-16.7826
-16.8012
-16.6757
-16.5618
-16.3343
-16.3342
-16.202
-16.3115
-16.1705
-16.2496
-15.9763
-15.7062
-15.4903
-14.9556
-14.6593
-14.0707
-13.8531
-13.6859
-13.4368
-13.2693
-13.1213
-12.9845
-12.8283
-13.006
-13.0897
-13.5814
-13.9351
-14.3757
-14.4615
-14.6004
-14.4618
-14.3254
-14.2
-14.1358
-14.1106
-14.1116
-14.0916
-14.0696
-13.9869
-13.9518
-13.7909
-13.6496
-13.5266
-13.3233
-13.1711
-12.9689
-12.7951
-12.543
-12.6455
-12.3348
-12.2744
-11.8625
-11.6557
-11.44
-11.3453
-11.5663
-11.9425
-12.5687
-13.0556
-13.782
-14.0108
-14.1644
-14.1602
-13.9042
-13.9079
-13.8549
-13.9779
-13.9294
-14.1277
-13.8376
-13.8698
-13.5481
-13.4751
-13.3158
-13.2499
-13.2904
-13.0991
-13.0665
-12.713
-12.4219
-11.8973
-11.8513
-11.496
-11.67
-11.6482
-11.9543
-12.1803
-12.3222
-12.5962
-12.6609
-12.8804
-12.9354
-13.0537
-13.125
-13.1322
-13.2772
-13.2171
-13.3417
-13.2391
-13.2849
-13.1436
-13.0887
-12.8751
-12.7727
-12.5745
-12.5206
-12.4971
-12.3836
-12.4267
-12.1261
-11.9999
-11.5142
-11.5057
-11.1423
-11.2342
-10.9561
-11.0023
-11.0352
-10.8202
-10.8579
-10.7553
-11.0376
-11.1771
-11.6203
-11.7163
-12.017
-11.9571
-11.9977
-11.8899
-11.9005
-11.791
-11.8124
-11.6537
-11.672
-11.5348
-11.6243
-11.5791
-11.7085
-11.7627
-11.7542
-11.7919
-11.5523
-11.5173
-11.0328
-11.0769
-10.7419
-10.77
-10.5037
-10.6386
-10.6258
-10.6615
-10.6383
-10.5391
-10.2804
-10.0294
-9.78711
-9.65138
-9.60693
-9.63171
-9.64685
-9.68362
-9.68664
-9.72159
-9.75846
-9.84308
-9.96797
-10.1238
-10.3557
-10.6021
-10.9222
-10.9817
-11.2643
-11.0134
-10.9992
-10.4925
-10.6692
-10.5308
-10.7435
-10.8377
-11.0077
-11.1531
-11.2242
-11.7206
-11.8336
-12.5114
-12.7638
-13.2708
-13.6865
-14.0521
-14.6036
-15.0715
-15.656
-16.0876
-16.359
-16.5259
-16.6027
-16.873
-17.3716
-18.024
-18.9936
-20.0275
-21.9811
-23.2261
-25.9374
-27.7615
-29.1809
-30.9538
-31.4284
-27.1515
-21.6664
-19.6592
-18.4463
-16.1988
-16.4238
-14.3152
-12.8116
-12.646
-11.3154
-11.6484
-12.0867
-11.6495
-12.97
-12.3794
-12.0068
-13.0405
-12.303
-12.9538
-14.2921
-14.1793
-15.5302
-17.6479
-19.6283
-22.3669
-26.7235
-24.6053
-22.9675
-22.6323
-21.8779
-21.4208
-21.2604
-21.3085
-21.3123
-21.1104
-20.8746
-20.341
-20.5445
-20.2542
-20.1736
-19.9981
-20.1236
-20.1137
-19.9938
-19.9085
-19.931
-19.6376
-19.417
-19.0502
-18.8962
-18.528
-18.1093
-17.8764
-17.6771
-17.5218
-17.3786
-17.1773
-17.2046
-17.0245
-16.9285
-16.8135
-16.3888
-16.89
-16.7376
-16.5121
-16.182
-16.354
-16.3817
-16.2797
-16.1832
-15.758
-16.3745
-16.4874
-16.5663
-16.4454
-16.7938
-17.0335
-17.1805
-17.2947
-16.6709
-17.4075
-19.1169
-21.5869
-26.4824
-35.8168
-35.1613
-33.791
-33.4717
-33.6986
-32.9386
-34.2073
-33.4048
-32.3552
-31.6258
-29.3136
-28.8368
-28.0699
-27.1667
-27.011
-26.4567
-26.0667
-26.0575
-26.3058
-26.1541
-26.0499
-26.3788
-25.8785
-25.6172
-25.5181
-25.241
-25.0436
-24.9537
-25.179
-24.9209
-24.6861
-24.5104
-24.4429
-23.8997
-23.6022
-23.8343
-23.4721
-23.3459
-23.4419
-23.361
-22.9895
-22.8611
-22.9832
-22.7678
-22.6926
-22.8572
-22.9632
-22.4896
-22.4557
-22.5174
-22.3749
-22.4986
-22.6053
-23.0956
-22.6106
-22.3796
-22.3833
-22.0245
-21.7707
-21.6406
-21.9236
-21.521
-21.5596
-21.7657
-21.8924
-21.6771
-21.6084
-21.7306
-21.5011
-21.4636
-21.4321
-21.6745
-21.3441
-21.2249
-21.2983
-21.3355
-20.9677
-21.1254
-21.3386
-21.1153
-21.1289
-21.1872
-21.3665
-20.8836
-20.971
-21.0607
-20.8953
-20.9392
-20.8713
-21.2661
-20.8425
-20.7807
-21.1851
-20.8817
-20.8757
-20.9837
-21.285
-20.7353
-20.7538
-20.9924
-20.7305
-20.6976
-20.6849
-20.8839
-20.4835
-20.4448
-20.5273
-20.6637
-20.4751
-20.5199
-20.7643
-20.5408
-20.5059
-20.6285
-21.0806
-20.5275
-20.6208
-20.8677
-20.7786
-21.0023
-21.2118
-21.1955
-21.0544
-20.855
-20.7058
-20.9424
-20.3309
-20.4117
-20.682
-20.5118
-20.7744
-20.5578
-20.2277
-20.0064
-19.6253
-19.836
-19.8499
-19.9839
-20.7686
-21.1786
-19.4885
-13.5889
-11.478
-9.97912
-9.12274
-9.23877
-9.37611
-9.7077
-10.0578
-10.4846
-10.8083
-10.9885
-11.4604
-11.6132
-11.7876
-13.0631
-14.4173
-17.3928
-29.1958
-27.4104
-25.2937
-23.4677
-23.5566
-22.4685
-22.1538
-21.9087
-20.7924
-20.9845
-20.2223
-19.6845
-20.1466
-19.3731
-19.6492
-19.998
-19.1821
-19.2625
-19.2549
-18.4713
-19.1561
-18.901
-18.5908
-19.4303
-18.5191
-19.0215
-19.6481
-18.6906
-19.4942
-19.3451
-18.771
-19.9075
-19.0146
-18.6548
-18.8015
-17.966
-18.0238
-18.3474
-17.6513
-17.6904
-17.9515
-17.5134
-17.8412
-18.3142
-18.1062
-17.5568
-17.5014
-16.9741
-16.2053
-16.8369
-16.8792
-16.4711
-17.2472
-17.0624
-16.3083
-16.303
-16.2497
-15.7392
-15.8672
-16.3059
-15.71
-15.9523
-16.3942
-15.7008
-15.8473
-16.1828
-15.6079
-15.9399
-16.3862
-15.8949
-15.7635
-16.1645
-15.2167
-14.754
-15.0889
-14.3922
-14.4182
-14.8409
-14.7666
-14.6752
-14.9069
-15.3264
-15.0356
-14.9573
-15.3193
-14.8386
-14.6652
-15.0213
-14.9691
-14.7424
-14.8368
-15.2628
-14.6871
-15.5909
-17.356
