10.724
10.5784
9.00521
13.2005
0.447864
6.40644
1.76716
18.3946
3.63056
6.50878
14.2104
14.8241
19.5504
21.2381
21.8251
14.673
21.5801
27.0433
21.3982
14.7897
29.3651
32.6368
28.2972
17.9583
21.7197
13.3168
25.2571
14.0972
13.5712
19.4532
14.4757
21.9302
17.7885
8.06828
16.6291
17.6902
30.415
11.2401
15.8939
19.4495
29.9089
28.4097
28.0344
39.0441
45.8455
50.5444
50.0619
51.3835
50.4177
48.6774
56.5134
50.3822
49.1091
52.8074
55.9635
46.7304
41.3459
49.4042
48.0255
48.7024
43.767
41.3977
50.3375
48.7612
46.8195
41.0478
53.8417
51.726
53.288
47.6266
50.7547
52.4086
49.9806
47.2546
51.0098
43.9259
43.1097
39.5165
38.7092
41.9088
48.724
46.6697
44.8428
44.5882
46.2115
51.7855
49.9022
45.6997
51.3236
54.2066
48.4939
55.8183
60.1701
52.4562
44.3254
52.7139
50.1716
50.835
46.254
49.3374
52.8399
49.6173
54.3232
51.3528
52.6847
59.9957
48.431
61.1593
51.6612
56.1876
64.1156
59.0897
59.4618
57.3327
66.8466
66.3876
62.9519
62.7497
59.5502
62.3345
58.5367
59.3063
51.5553
51.2642
51.3215
64.0778
57.8491
55.4754
51.4152
55.0762
52.5866
52.0137
62.2485
60.2766
54.0471
65.7506
62.229
54.5602
54.9606
53.7542
49.8205
61.8344
54.0867
58.3953
57.9299
45.8177
23.0996
28.8208
31.8993
16.1268
13.6654
7.79669
2.35711
6.71107
-3.74733
4.47267
-2.41836
-10.7673
-5.21568
-2.95712
2.68206
0.0283186
-2.77905
-0.890738
-0.768645
-0.152163
0.50044
-3.71037
2.92397
3.5649
0.198505
5.61414
-0.6177
-10.5095
3.35385
7.00874
-0.394677
-6.87035
5.9594
11.5448
11.4161
12.2977
11.8414
14.9896
11.4136
16.2758
14.7177
18.2202
13.6074
17.292
13.9438
17.0494
19.8449
16.1556
14.3822
13.9634
17.7263
14.5244
8.04818
5.34133
3.12528
7.13472
-2.0948
4.98664
6.49075
6.31283
12.5328
14.4733
7.63589
11.2924
6.02637
4.45891
2.64574
2.04582
1.35043
-0.0956383
7.12984
6.36829
4.59158
-0.631885
3.78708
2.16072
1.14453
2.03033
-1.29376
0.230116
-1.36084
-9.80423
-3.16875
4.12485
1.51076
15.9819
25.6082
42.8502
46.5608
40.1524
35.5086
33.2521
31.65
30.9406
25.9206
15.4097
18.0891
12.6616
11.2117
14.0043
10.734
11.0339
13.3181
16.5248
15.4367
10.9619
11.3178
14.2861
14.5479
8.6756
16.4802
15.9166
20.406
15.8534
14.1223
19.9307
12.2759
6.57828
6.14404
11.8348
14.2125
4.4852
2.12092
14.1901
21.0374
20.98
21.2616
21.7686
20.7633
22.6283
21.8006
23.9751
26.0743
25.8753
29.5183
22.5272
22.3018
18.4566
14.2973
12.4689
7.71997
11.9585
0.766553
16.2022
14.4594
21.0887
24.9808
27.8269
16.5163
6.95022
13.7081
9.29907
16.5904
12.117
13.1375
4.38583
6.10234
11.9831
12.7587
9.49612
4.56311
12.0854
9.09089
-0.457301
-2.8979
5.64914
4.8778
11.8444
11.4398
12.057
15.4273
21.9325
32.8983
35.8161
43.3582
40.2522
47.9351
31.0531
34.5806
27.5816
31.4124
19.3428
4.10956
3.14896
10.9671
-5.6211
-1.65842
0.493692
4.40449
-0.82869
-3.37577
-3.14374
4.35609
5.15466
7.43562
3.1754
-9.12171
2.48819
-1.40409
8.25782
11.2226
13.6434
4.05155
9.72491
4.03056
0.111077
4.18506
9.27133
17.3704
20.3917
21.6597
17.4981
26.2824
17.4067
20.7262
18.4967
18.7879
19.9586
23.3603
13.7823
20.5206
19.817
17.3375
15.6648
7.91571
9.06332
20.2194
14.5728
8.26003
9.51636
16.04
8.84717
8.0147
0.883946
8.78974
7.1552
-9.93449
9.31479
-1.00939
-21.0254
-11.5187
0.232324
9.9297
-2.89992
5.93522
7.17936
7.89014
11.0466
10.031
12.1723
20.0018
11.426
13.4134
17.8559
11.9736
11.8453
11.893
-12.2586
3.9688
17.246
33.6287
5.99418
-3.10431
-1.91706
-3.14834
1.81028
2.0531
9.03356
6.82208
9.77608
10.632
9.42456
14.5083
12.3926
12.9799
9.52537
4.19467
-1.22884
12.6602
2.99416
3.29498
2.5455
4.51337
4.50763
7.21074
5.91024
4.25189
7.05373
7.46302
10.6276
4.21281
1.1947
-5.1862
1.29732
-8.25228
-2.09124
-0.789178
-4.87434
-5.50435
-6.07247
-3.13418
0.829895
4.67796
4.59892
4.61342
3.69587
4.64311
5.58497
6.96781
2.79497
4.27381
3.84992
1.6651
0.132845
-0.465602
-0.973559
-2.19557
0.521745
3.28868
-2.7579
7.11443
6.653
9.3498
5.9033
11.8112
12.3675
12.1728
14.757
16.669
12.6353
7.66355
4.4382
8.76569
7.2262
7.98625
10.4722
7.97289
9.18993
11.5891
14.7264
18.1838
8.19479
11.9853
-0.254767
-10.016
2.17707
15.6448
24.1728
24.3749
33.2363
32.5852
26.3093
30.5115
33.827
26.5518
18.3167
17.2029
5.8804
3.34272
13.3973
22.1894
22.1772
25.7217
29.5044
24.4607
28.8983
25.6349
26.5746
28.7404
25.8609
23.9995
24.926
24.9496
27.278
24.1181
25.9718
22.4346
22.3821
23.273
23.5578
20.327
23.7489
22.7344
19.9694
18.1157
14.8029
16.5773
13.0631
14.1633
14.7696
14.9426
13.0492
