-21.3831
-18.1967
-10.2712
-20.9683
-37.7591
-32.9563
-44.4058
-28.6223
-39.5759
-17.7145
-8.43579
5.76753
-9.18362
-13.1555
-35.749
-37.7487
-36.4241
-28.5729
-25.9216
-33.1116
-26.944
-42.4739
-25.9759
-29.3811
-42.3603
-57.2311
-50.5265
-58.6887
-62.9757
-56.4933
-63.2589
-56.4325
-53.6918
-54.5759
-57.5189
-55.6204
-44.4875
-48.1169
-52.7526
-74.4215
-85.7342
-83.3097
-80.9344
-86.8567
-90.7782
-89.7522
-92.7015
-98.7764
-79.6044
-76.433
-79.8177
-75.6449
-85.8853
-74.9452
-85.0502
-77.8276
-77.2591
-81.3127
-79.7415
-75.343
-77.8033
-81.3563
-75.9339
-76.8854
-89.5274
-79.9791
-76.0006
-73.9192
-81.4446
-69.815
-75.3424
-82.9436
-77.3444
-80.6055
-84.066
-79.899
-85.0263
-83.1058
-77.7957
-82.7954
-83.5
-81.7959
-82.1638
-82.3029
-82.6668
-81.7452
-75.1199
-74.9683
-78.4506
-76.0282
-79.6689
-75.3754
-81.57
-79.7941
-79.9412
-75.3712
-89.2503
-80.1356
-86.2076
-80.7375
-83.6057
-76.0363
-80.7524
-83.2092
-82.9161
-79.6513
-82.8629
-69.7496
-70.5205
-74.8805
-68.6926
-69.4
-75.6754
-73.5527
-72.6537
-62.2382
-68.8287
-69.9514
-80.5238
-78.5555
-77.7309
-84.7969
-74.6572
-79.7618
-79.5407
-88.307
-77.1992
-78.9968
-80.9932
-84.5106
-78.3597
-85.4016
-85.3759
-83.7538
-79.1638
-83.8023
-82.1541
-79.237
-73.6411
-71.9857
-79.7789
-77.7751
-83.1423
-76.9602
-80.6328
-75.3695
-45.1436
-50.7224
-62.3844
-62.6904
-69.3976
-73.8271
-89.0617
-91.8353
-78.9215
-63.5343
-60.211
-50.763
-54.0852
-56.906
-55.0636
-56.9689
-59.5021
-57.5942
-65.2896
-61.2496
-60.2018
-60.3618
-61.565
-59.2119
-57.3195
-51.4713
-48.8377
-58.6545
-57.8991
-59.285
-60.6706
-58.8966
-57.8192
-62.6856
-57.0364
-55.7423
-51.2784
-49.5546
-44.7235
-49.5417
-48.7306
-40.3017
-41.6191
-43.7635
-47.5244
-50.1254
-48.6834
-47.4474
-55.7706
-62.139
-59.3158
-60.8002
-56.1813
-54.8604
-75.2522
-77.4
-69.1148
-67.0855
-51.5853
-38.6098
-40.7792
-46.6582
-43.116
-48.4713
-45.4588
-41.4889
-43.4275
-49.1897
-41.4921
-42.2795
-47.7554
-44.735
-39.617
-43.135
-38.7373
-36.0513
-37.5162
-45.7434
-37.8863
-47.295
-39.3205
-49.0006
-47.6837
-52.4418
-46.2304
-41.8031
-31.28
-30.2701
-30.9212
-40.1183
-46.7578
-45.4135
-50.2598
-40.4211
-31.5348
-32.8931
-41.0555
-42.7414
-45.3909
-50.9457
-52.5624
-52.5993
-54.0093
-43.9885
-47.2938
-51.9533
-46.0456
-48.2126
-45.2055
-41.4642
-38.4949
-36.7047
-41.9151
-45.4244
-50.6027
-63.9174
-63.6731
-67.4008
-62.6713
-59.7176
-48.7995
-50.3406
-49.9924
-45.3381
-43.1164
-40.2137
-35.837
-42.9015
-40.8146
-39.9726
-41.4754
-34.488
-37.7879
-40.5713
-37.5368
-41.5529
-42.4347
-43.0079
-44.3853
-34.4173
-33.8642
-46.6809
-58.0244
-62.2223
-67.9879
-60.5951
-65.7828
-72.269
-65.3181
-49.0285
-26.1813
-23.9903
-26.1382
-38.9842
-29.7834
-28.1233
-26.8054
-26.4165
-21.4952
-27.8413
-32.6466
-33.0956
-26.5494
-32.7169
-42.9677
-42.4692
-45.4727
-42.9251
-47.142
-42.8849
-31.8109
-32.1122
-34.6293
-36.6694
-34.231
-35.5743
-39.8239
-41.5632
-43.3496
-42.1185
-36.975
-47.4737
-48.4782
-48.7805
-55.617
-49.5927
-51.519
-54.6193
-56.7915
-56.9822
-54.9805
-50.9314
-56.6028
-50.6374
-53.7918
-66.5101
-59.0939
-59.181
-59.3656
-60.8813
-48.2147
-46.4583
-51.3673
-60.6631
-50.2419
-43.9205
-44.034
-50.968
-51.2632
-49.6718
-42.2802
-37.6434
-36.2249
-48.7835
-40.8693
-40.8344
-44.3443
-37.4318
-49.9626
-42.1835
-45.475
-56.4566
-58.6948
-68.7239
-66.0063
-67.5844
-59.2571
-62.5537
-59.5695
-65.6101
-56.9086
-48.6746
-55.819
-46.8505
-23.3656
-51.9761
-72.2709
-62.2703
-62.6753
-66.2502
-63.9864
-53.2997
-43.7275
-45.2251
-36.559
-35.9996
-32.0067
-43.0224
-53.4596
-58.4131
-61.1773
-66.4957
-73.4715
-71.2956
-66.7696
-49.3497
-30.1385
-16.8781
-12.2415
-36.0038
-19.9696
-57.5144
-68.2289
-62.7619
-64.6585
-56.8981
-57.9448
-58.1207
-59.467
-58.5323
-62.8773
-56.8454
-58.5269
-55.7085
-58.735
-57.7422
-48.3968
-55.6397
-49.6943
-53.0522
-60.1225
-62.3529
-56.9325
-53.7003
-58.4633
-58.8499
-62.4094
-63.1004
-62.0265
-62.2403
-64.4457
-63.9923
-56.0859
-52.77
-53.9484
-62.7563
-64.4744
-59.7822
-64.2914
-59.1324
-58.721
-67.0199
-60.8764
-59.3464
-58.8292
-67.867
-61.5631
-63.6107
-65.5192
-57.3915
-59.4456
-59.6495
-63.0017
-65.3978
-65.7252
-68.0712
-63.3556
-58.302
-63.3059
-64.2674
-62.9438
-70.98
-68.7966
-71.2759
-66.2849
-65.8953
-64.3706
-59.6383
-51.9382
-59.097
-56.582
-57.1107
-57.8019
-61.0767
-59.0639
-56.1722
-56.281
-58.5014
-54.044
-60.3486
-67.7745
-45.1214
-62.1637
-63.7468
-57.3093
-56.2235
-47.2305
-52.9404
-61.0282
-66.4437
-66.505
-67.6938
-66.8372
-72.4564
-64.4746
-42.9276
-25.6059
-1.6741
-12.1562
9.92064
-6.97983
0.899579
-3.58515
0.310426
-7.03799
-8.60007
-9.31884
-9.19024
-8.54249
-8.59791
-10.1734
-11.7103
-7.0406
-7.65124
-8.83714
-6.94728
-7.77931
-4.68594
-6.55031
-5.84053
-9.74662
-9.34505
-6.5347
-5.63438
-2.63084
-0.473977
0.696112
-5.21824
-3.29753
-3.56198
-5.04804
-7.12966
