-12.9111
-5.01513
1.12041
-2.36487
-4.97447
1.43801
1.68456
-9.03911
-29.7789
-10.1132
-17.23
-13.0305
-13.7018
-12.8454
-8.12806
1.18127
0.854439
1.24723
2.10205
2.93026
-4.40402
-18.098
-39.9704
-23.5005
-16.3636
-19.2831
-31.4515
-27.0836
-23.5598
-22.1541
-26.1344
-17.292
-13.3549
-11.2273
-29.0108
-32.7222
-27.3631
-36.3442
-34.9219
-13.9126
-22.0018
-23.7187
-24.0481
-22.4296
-24.4696
-24.7775
-30.5221
-33.3016
-26.6352
-23.3319
-27.2944
-24.6398
-25.7674
-29.9902
-24.701
-31.7784
-23.6006
-23.5638
-27.8413
-32.1779
-29.3008
-31.7071
-37.6457
-35.824
-30.7162
-33.386
-32.1014
-36.2556
-31.9445
-37.5197
-34.3717
-36.2713
-28.6951
-33.7775
-37.9614
-32.7757
-32.8171
-27.6076
-26.2604
-34.3193
-23.4169
-29.2482
-22.3821
-34.2461
-34.4844
-34.4338
-32.3226
-34.8184
-44.6463
-37.6375
-31.3307
-29.0636
-30.2636
-30.139
-32.4983
-37.6362
-35.6966
-33.8493
-37.4086
-44.0722
-41.9376
-36.1587
-37.1508
-32.3058
-34.5951
-35.5308
-42.5077
-49.3769
-36.3025
-41.8133
-41.952
-41.059
-39.3165
-36.6317
-42.6947
-49.5363
-39.8395
-42.2867
-39.4295
-40.2421
-42.331
-30.2136
-28.8896
-28.7695
-25.8988
-22.1169
-21.461
-25.5582
-24.5872
-24.6651
-33.5078
-32.3134
-29.8774
-42.2066
-38.155
-36.2621
-31.7573
-29.8483
-36.3992
-41.445
-41.6684
-37.7334
-29.3657
-24.829
-24.7162
-13.6112
-6.17365
20.3879
5.57865
-5.11183
-0.0323704
4.67249
-6.02965
-12.9537
-15.5676
-8.54771
-3.244
-1.24545
-2.29041
-4.1381
-1.52474
-2.80762
4.13453
-3.33883
-6.55643
-5.93645
-7.31313
-6.85239
-0.731371
-1.57414
-3.17925
-3.9559
0.459098
-3.71652
-9.05665
-5.35003
-15.5376
-8.21644
-12.381
-7.4213
-9.35824
-11.4746
-9.65028
-13.9893
-20.4694
-21.068
-22.9958
-23.3247
-27.7195
-23.4708
-24.4482
-26.2664
-27.7416
-26.3585
-22.6025
-18.6343
-13.5069
-8.79497
-5.56096
-10.813
10.1901
8.20018
-6.53627
-3.42313
1.97505
3.80707
6.75139
7.16631
-2.29245
14.1554
11.3654
11.5293
17.4161
13.4184
8.69722
1.99757
8.83724
20.1213
13.1863
11.5099
8.70109
16.5875
10.8087
21.8327
16.9184
20.0021
12.9312
20.4444
14.3477
24.5873
20.1724
19.489
13.9125
11.579
7.33062
8.04616
5.525
10.4922
7.69376
6.60446
12.1257
10.2545
17.3095
11.0202
10.662
12.165
4.26726
5.27634
3.55644
3.57618
8.51406
8.17886
1.63653
9.38864
10.43
5.76934
15.6097
14.9383
17.3184
7.49588
14.3117
8.7175
-5.52987
-3.70533
-8.45072
-9.13908
-1.01553
6.5515
0.802576
-7.32368
-4.67313
-10.4817
-10.6609
-16.1537
-18.233
-19.0175
-22.8068
-17.9214
-24.3821
-26.0186
-22.7373
-26.5687
-20.1634
-18.4441
-17.2574
-5.2001
-17.1901
-13.1929
-25.8804
-33.4048
-28.3677
-40.1639
-32.4403
-37.2904
-32.9811
-17.2866
-22.4575
-30.7708
-28.7794
-25.7265
-21.2654
-16.0261
-24.7616
-25.02
-32.7504
-29.4708
-18.8781
-26.4039
-24.6343
-22.061
-22.2882
-16.6431
-14.4266
-14.443
-22.5829
-17.8172
-15.5084
-13.463
-19.159
-25.2986
-16.2407
-5.51116
-8.04838
-13.7138
-13.1179
-15.4854
-17.6403
-13.0731
-10.5402
-6.21518
-2.91099
-6.712
-10.7769
-9.04723
-13.2051
-17.1229
-23.8446
-15.0202
-9.68486
-3.64384
-4.56788
-11.6994
-8.68258
-14.1066
-14.8019
-14.1269
-22.0967
-26.9351
-18.2434
-18.5272
-19.4509
-14.566
-27.7853
-28.3323
-37.6555
-25.479
-39.7537
-36.2664
-46.4268
-34.7394
-32.4012
-40.9881
-36.1405
-36.5328
-36.9126
-35.5445
-30.7108
-31.1083
-19.3865
-10.4151
-15.9826
-15.4777
-5.03399
0.996863
1.33669
-3.2959
-4.97961
-0.233236
-1.88258
-19.0734
-15.3732
-25.6281
-51.9453
-39.8045
-14.8874
-21.4694
-12.0928
-20.1598
-22.0349
-36.5908
-33.6289
-40.4949
-35.1538
-38.7226
-46.8166
-40.0145
-35.945
-31.5552
-32.2228
-24.0548
-16.5198
-13.6417
-13.6128
-18.9048
-16.6464
-9.8889
-25.3098
-25.9816
-22.4778
-15.8878
-12.023
-2.17461
1.98401
6.29517
3.75699
2.55322
-1.06937
-7.41537
-4.3322
-2.63736
-7.51702
-4.34642
-0.0838063
-9.53911
-10.0474
-22.511
-23.437
-20.4058
-19.1771
-27.5932
-25.7794
-23.8186
-23.8538
-18.1004
-14.1893
-16.5115
-15.286
-15.1957
-20.2109
-19.7746
-14.4158
-17.6792
-15.3936
-19.4187
-12.1214
-17.0712
-19.6523
-24.8517
-21.2341
-17.8325
-13.8024
-17.6219
-13.553
-14.0327
-19.8178
-21.9155
-21.6903
-20.1191
-18.8869
-12.1203
-17.5948
-13.8303
-16.9764
-16.8785
-17.5925
-24.3501
-14.3147
-21.2216
-21.9478
-17.5523
-18.2336
-14.3109
-18.8026
-21.638
-19.7773
-35.146
-50.4209
-44.3953
-47.2334
-56.6276
-55.8008
-50.6847
-47.7204
-44.0068
-50.4782
-52.0587
-41.3374
-29.7053
-8.97443
11.7384
6.78864
-5.17835
-1.55359
-14.7131
-20.6959
-19.3766
-21.1233
-17.0202
-7.73704
-7.12328
-7.74639
-24.0819
-12.3486
-17.8257
-5.4824
3.43373
-1.66969
-3.46081
-0.57551
-9.70794
-6.77168
-3.86947
-0.881154
-2.45356
1.23233
4.30889
1.2859
3.56674
4.76205
7.10521
5.29844
9.26431
6.07784
8.2409
5.92485
8.49216
3.04456
6.184
8.56936
5.71594
4.20339
4.76618
4.39815
7.95057
7.82933
10.2897
12.6065
8.09839
