-11.2322
-3.66519
4.10073
-2.50005
-0.887529
2.348
5.76447
3.3061
4.38414
9.887
15.0791
9.63484
17.1116
4.03075
9.38827
-2.56879
0.193756
-7.05413
-11.1468
-12.8387
-14.7357
-12.4148
-15.5068
1.52599
6.9079
2.21528
-7.70291
-22.7866
-12.3966
-17.1757
-6.22035
-12.7659
-15.5471
-16.5354
-16.7809
-23.6397
-16.6625
-16.6083
-10.0953
-21.9646
-30.1312
-34.74
-30.7326
-34.8334
-26.3336
-32.2182
-22.069
-42.6774
-26.8233
-31.8952
-26.9714
-30.332
-32.9681
-37.7265
-33.9462
-23.6113
-16.8138
-8.63676
-12.6147
-17.2384
-14.2404
-18.7215
-15.2369
-26.0656
-15.4397
-22.9244
-22.6611
-20.3266
-14.5222
-18.2491
-12.3863
-13.5038
-16.5934
-21.6814
-18.617
-22.2934
-15.8756
-29.1758
-21.887
-21.174
-26.0344
-29.094
-22.7988
-28.4767
-25.6818
-27.9312
-27.3604
-27.5703
-30.3628
-39.4038
-33.2014
-29.7673
-30.6541
-36.8381
-31.8141
-27.4765
-25.5094
-35.3293
-30.6376
-32.9283
-35.2864
-33.6763
-32.4143
-32.5714
-27.5106
-33.0266
-28.5267
-26.574
-26.7693
-37.5398
-34.2939
-35.2326
-50.7922
-44.5385
-39.9777
-48.9018
-41.8618
-36.3015
-38.0391
-38.9446
-36.3739
-30.2281
-26.423
-30.5712
-36.2195
-33.2917
-37.173
-35.1781
-29.2837
-36.1154
-38.0069
-35.1539
-28.2275
-27.0555
-14.0425
-19.3469
-20.0997
-23.0952
-22.6821
-11.4859
-7.29935
-13.1995
-18.2694
-23.3059
-17.3653
-1.08009
-9.22171
-10.5066
9.88697
0.317712
-0.0880724
-12.1807
-16.5573
-11.1287
-6.52418
-2.40726
-4.82914
-1.21986
-3.20697
-19.4088
-5.07633
-21.719
-16.2061
-9.93226
3.74283
-21.5821
-8.80703
-9.43052
-18.8307
-24.2166
-18.8458
-15.2915
-17.175
-24.3808
-22.9603
-14.1912
-23.2393
-16.1655
-17.6121
-18.1275
-5.41759
2.95382
-17.3221
-10.1653
-15.8415
-11.123
-13.967
-14.8245
-9.67009
-8.00326
-13.9447
-11.8094
-21.8257
-22.9198
-8.07654
-8.40581
-1.03644
-3.99308
-12.6898
-24.4205
-15.4888
-1.69863
0.194265
-14.5442
-6.90606
-12.7805
4.25394
0.61596
2.75784
-2.57586
-8.70847
-21.3526
-13.2076
