-58.9776
-43.1784
-33.9388
-32.079
-24.1472
-28.8726
-32.0522
-28.4083
-21.7985
-36.9019
-22.4351
-32.5456
-33.5827
-49.2447
-31.9538
-43.1821
-53.185
-43.9063
-62.8018
-48.9146
-64.0645
-72.4692
-71.1494
-59.2543
-52.462
-55.6353
-63.1169
-66.8015
-81.8439
-84.9645
-93.8102
-85.237
-89.6259
-88.8918
-95.3819
-91.965
-92.3181
-83.5008
-68.1704
-69.637
-67.6246
-66.5386
-65.0363
-45.3331
-45.3762
-46.1271
-48.9154
-53.5224
-66.6593
-65.6138
-63.2678
-71.6544
-75.1876
-74.5479
-67.909
-60.8618
-55.5109
-54.4599
-43.6833
-50.0684
-58.4557
-63.8523
-52.6827
-55.862
-54.5652
-47.5854
-52.2397
-45.3012
-46.7647
-40.6503
-45.5329
-41.1192
-47.5716
-44.4113
-46.867
-51.2457
-55.9609
-44.0678
-46.5052
-36.5496
-53.9934
-49.1607
-47.8812
-42.0113
-46.3065
-37.2784
-54.7587
-64.2742
-57.8253
-57.7912
-36.4423
-34.2573
-43.0603
-38.9164
-52.7991
-46.6241
-46.174
-59.9534
-49.6879
-41.1809
-50.8016
-58.9671
-58.3957
-53.9462
-53.9871
-54.6124
-53.4222
-58.6575
-59.923
-61.6845
-63.9364
-65.5557
-72.4481
-75.7928
-78.2512
-78.2113
-87.1686
-88.5188
-82.5675
-77.8565
-96.4164
-93.2663
-94.1295
-92.3535
-100.642
-97.6188
-106.535
-94.8642
-88.616
-94.8821
-93.5926
-102.048
-101.753
-103.612
-119.775
-116.751
-100.691
-100.376
-91.2849
-92.5706
-90.3584
-82.813
-82.0889
-87.5922
-88.7475
-100.881
-96.2345
-98.6346
-85.7052
-86.2171
-102.747
-89.1456
-97.3782
-89.6142
-77.1268
-69.7445
-75.3307
-82.8636
-64.6993
-68.338
-77.9332
-63.1601
-64.3063
-77.1787
-65.896
-67.281
-61.279
-63.7207
-66.3143
-59.4008
-72.902
-74.3674
-68.7594
-67.6706
-70.0887
-60.0189
-63.0943
-62.929
-44.4127
-60.4523
-61.098
-57.8584
-56.8908
-66.6136
-66.1725
-72.6565
-71.0582
-61.7742
-72.9963
-67.3715
-78.8326
-78.5238
-57.2598
-68.3947
-65.9072
-70.2675
-67.6034
-68.9597
-67.352
-65.5688
-67.1028
-65.8062
-68.1576
-55.2348
-57.8338
-68.8133
-61.3995
-70.1042
-55.318
-67.5384
-62.9642
-62.276
-69.2431
-80.2482
-76.7752
-74.9586
-68.2956
-54.0502
-61.2428
-72.2113
-74.6028
-61.5319
-61.6187
-62.2003
-74.2401
-64.3699
-76.1183
-58.7525
-57.2613
-65.3617
-59.1197
-50.9404
-73.5526
-52.7035
-66.9342
-64.9679
-64.3521
-59.6974
-69.2314
-73.7243
-54.4001
-41.6019
-34.1015
-28.0189
-30.2628
-32.9305
-27.9556
-24.2027
-20.946
-27.5852
-28.4203
-33.3636
-42.6628
-49.5149
-35.5278
-39.1619
-41.2638
-48.8501
-59.814
-54.7544
-65.0453
-72.9625
-67.4024
-59.4808
-46.5947
-56.4713
-61.9062
-66.4927
-89.1505
-82.0127
-90.3776
-82.8788
-86.8921
-99.3755
-92.2012
-90.3839
-100.066
-84.7629
-74.39
-65.7916
-72.7933
-69.6678
-64.3565
-43.098
-41.5499
-45.899
-49.0052
-54.6985
-76.3463
-71.2968
-59.5062
-76.2394
-73.9531
-79.9885
-65.1797
-50.9348
-56.4105
-61.1058
-45.5302
-46.644
-61.8344
-58.9545
-51.6424
-57.2707
-48.3562
-56.0912
-51.0911
-41.8458
-49.5772
-44.0724
-45.1874
-37.2547
-55.4044
-42.6182
-47.6647
-53.3902
-52.4297
-39.2913
-42.9935
-35.8624
-51.4605
-49.7513
-48.8612
-39.391
-46.7575
-40.8426
-53.1386
-67.7169
-58.4552
-56.2137
-30.1319
-35.2818
-43.3399
-42.7111
-54.8041
-45.8646
-44.6296
-63.3798
-47.8237
-40.1601
-56.281
-63.857
-58.0014
-50.4169
-56.0631
-59.8999
-58.1107
-68.5452
-60.8701
-64.8441
-68.7847
-69.3156
-72.4568
-78.5229
-77.9864
-79.9923
-84.7483
-85.8683
-75.4717
-87.9624
-91.2192
-97.1312
-84.3082
-90.2354
-102.415
-94.3807
-105.977
-89.4178
-91.778
-90.8799
-100.25
-97.9258
-96.6248
-109.991
-112.646
-117.889
-89.0187
-97.6716
-87.4138
-96.4088
-87.9656
-71.4035
-76.8781
-89.8011
-88.9884
-98.86
-93.707
-104.47
-87.2737
-90.0222
-91.6736
-91.4758
-99.8569
-88.0962
-75.8259
-74.1069
-76.4075
-77.2519
-59.3099
-72.058
-74.2128
-61.5566
-59.7975
-73.8498
-67.8286
-66.7293
-55.1727
-69.9935
-64.6084
-60.3251
-59.4756
-70.9013
-72.5442
-68.2017
-64.9408
-65.8189
-66.4895
-62.8173
-47.6987
-56.0438
-57.3598
-62.0289
-61.1953
-64.7398
-70.6313
-77.7472
-70.0356
-56.9523
-77.8521
-66.1702
-84.0181
-76.176
-58.5579
-70.6628
-66.0388
-68.6084
-65.2162
-67.3668
-65.6029
-63.3964
-67.8966
-64.3329
-65.4125
-57.1303
-60.0861
-71.2222
-60.9872
-68.9172
-62.9634
-65.3249
-65.9876
-63.4754
-73.758
-76.316
-75.1016
-73.338
-65.7393
-54.2109
-57.8375
-75.3032
-70.8003
-53.5277
-67.1039
-67.4853
-67.6417
-60.4599
-77.3678
-63.6988
-54.3704
-61.7562
-58.0703
-57.4479
-73.6564
-49.3634
-69.4711
-62.3087
-62.5398
-56.7553
-65.7554
-64.9578
-49.4078
-35.3504
-36.6184
-26.6769
-31.2841
-35.8806
-28.8736
-25.6424
-30.8883
-22.6641
-29.7238
-34.6758
-45.8256
-47.8031
-48.1637
-48.5743
-41.337
-56.7113
-57.7899
-51.7454
-65.5168
-69.5999
-52.9206
-57.4132
-44.8623
-61.9865
-62.5203
-68.2383
-94.4927
-82.2608
-82.9234
-82.1111
-88.5808
-103.973
-93.2509
-89.0198
-99.2423
-79.8413
-78.7974
-69.1195
-72.8346
-65.8382
-62.6208
-46.7355
-40.5975
-46.4341
-53.557
-56.6456
-80.1215
-75.6872
-60.912
-72.5102
-65.7237
-76.0547
-71.5497
-50.004
-41.7378
-57.5445
-44.7342
-51.9114
-64.0292
-52.2181
-50.2705
-58.8627
-44.7734
-52.8003
-47.9387
-39.6905
-43.4866
-44.6091
-40.2487
-35.1384
-50.0849
-40.466
-44.0782
-57.757
-50.612
-46.2967
-40.6524
-42.1403
-51.7719
-46.5044
-47.8744
-39.6997
-42.3061
-46.0231
-52.1673
-66.7001
-60.234
-55.199
-32.1362
-39.6114
-43.4635
-48.9931
-58.1636
-47.2579
-49.896
-64.0575
-50.1848
-42.0718
-56.005
-65.8354
-59.785
-53.3949
-57.5752
-61.8644
-57.9835
-65.7997
-60.1691
-65.49
-68.7353
-73.598
-76.0566
-78.2222
-79.309
-82.2234
-86.9727
-87.1756
-73.4924
-95.8472
-86.9884
-99.9121
-82.7219
-90.7579
-101.499
-97.1781
-93.0221
-89.5332
-94.248
-91.8928
-105.862
-100.119
-95.3092
-118.294
-113.382
-120.203
-89.8377
-98.5428
-88.2077
-100.467
-85.2659
-75.2707
-77.5142
-85.9568
-91.8906
-93.3492
-99.0299
-96.2282
-85.0724
-101.065
-84.872
-92.2425
-95.4809
-86.5443
-72.6764
-78.4437
-86.0528
-73.1727
-64.819
-73.1153
-74.1903
-61.4601
-67.2457
-66.0287
-68.7103
-69.7542
-57.0725
-66.7502
-65.147
-66.5181
-65.7691
-65.5161
-74.0462
-66.1932
-62.8058
-68.5406
-68.4196
-61.4325
-52.7898
-67.0642
-59.7746
-61.1737
-66.9986
-59.0829
-71.0006
-78.2378
-69.8726
-66.2291
-73.8169
-67.7783
-75.1166
-74.802
-55.6642
-67.2439
-69.8647
-65.6645
-64.8016
-68.8303
-63.6765
-60.5948
-71.0437
-65.5296
-59.2318
-66.1731
-63.5278
-67.4174
-65.8522
-57.2595
-61.5498
-63.4982
-70.2269
-70.4713
-76.9274
-76.2726
-79.8932
-69.8507
-57.4543
-55.0257
-61.0978
-76.7596
-74.2334
-54.1321
-65.1727
-76.8411
-62.5292
-62.4559
-70.875
-65.3102
-54.1691
-57.3662
-58.8831
-65.2061
-66.7232
-50.8674
-69.9039
-57.933
-57.3392
-58.7491
-65.6894
-65.035
-43.8793
-36.3332
-31.1823
-24.5936
-34.62
-34.653
-31.1561
-24.9714
-38.493
-21.934
-32.0817
-31.3673
-49.1521
-43.2884
-50.4575
-52.8305
-40.3046
-63.0123
-50.2058
-56.32
-69.4315
-67.4671
-55.086
-54.9383
-45.0492
-65.3197
-70.3467
-75.3006
-88.88
-87.9839
-81.6156
-82.3089
-85.7241
-102.201
-95.3575
-85.15
-86.861
-75.9634
-75.6358
-68.8774
-70.0109
-63.1895
-51.5876
-52.6768
-44.3966
-47.1578
-56.9081
-61.6383
-74.551
-70.1287
-65.7349
-75.4449
-66.0155
-70.0212
-69.8298
-51.8766
-38.0978
-47.9417
-44.8402
-56.8619
-65.6314
-49.876
-52.5536
-51.5017
-43.9722
-55.8902
-45.738
-40.7458
-36.3218
-43.218
-43.3134
-40.6977
-46.7245
-48.1534
-42.017
-56.7845
-49.8321
-48.4937
-39.8106
-51.7201
-52.0596
-48.8014
-47.121
-47.6527
-42.9735
-53.9457
-57.86
-59.3402
-59.3194
-48.8996
-34.4905
-40.1736
-40.7904
-55.6225
-54.424
-48.1033
-58.6837
-58.9128
-48.54
-46.7958
-58.7179
-61.3462
-61.1204
-54.3839
-57.4716
-58.6464
-52.6891
-66.1724
-59.5025
-69.9157
-66.9229
-79.0736
-68.3596
-76.5954
-74.4026
-83.8566
-89.5201
-87.0681
-75.3681
-97.831
-88.7212
-100.849
-87.3961
-94.2232
-101.533
-101.342
-93.2915
-85.7778
-97.494
-94.3197
-113.489
-103.434
-97.101
-124.097
-113.788
-116.661
-97.6595
-100.154
-94.4584
-103.331
-86.5543
-80.3367
-82.1548
-88.2221
-97.8082
-98.7942
-95.0662
-87.7662
-84.1038
-101.29
-83.0581
-94.2978
-89.9101
-76.2886
-67.5315
-77.6486
-86.5276
-66.1344
-65.7293
-78.4475
-70.1672
-63.6892
-74.7511
-63.0031
-69.968
-67.5191
-56.9351
-66.2825
-56.7896
-68.4949
-70.6567
-65.764
-70.8714
-68.0985
-57.8844
-61.4016
-65.9163
-56.9455
-57.5534
-65.335
-59.7602
-57.0236
-68.5921
-59.3631
-69.2795
-70.86
-67.7351
-70.6551
-66.201
-73.8678
-75.7939
-67.2299
-62.4041
-63.5953
-70.8543
-66.3541
-68.755
-67.8746
-67.6593
-65.8544
-68.0309
-67.4581
-53.9769
-59.9821
-64.529
-62.8651
-67.1575
-51.9946
-61.8929
-61.1622
-65.7285
-73.2342
-79.6876
-77.8904
-76.5816
-67.6677
-52.1139
-57.2968
-67.7287
-76.4258
-71.9411
-54.6385
-63.3238
-81.9991
-59.089
-68.0314
-69.4489
-61.1332
-62.1263
-59.8124
-57.7619
-73.3817
-59.5898
-58.5596
-68.9559
-65.9631
-59.3809
-65.7055
-69.3729
-61.1272
-43.1784
-33.9388
-32.079
-24.1472
-28.8726
-32.0522
-28.4083
-21.7985
-36.9019
-22.4351
-32.5456
-33.5827
-50.8979
