-64.771
-72.4103
-67.8489
-59.4503
-58.6275
-52.584
-59.4038
-55.5336
-59.7954
-67.6689
-57.8315
-56.1814
-61.3004
-67.3508
-67.0955
-82.9566
-131.344
-141.139
-152.521
-145.895
-147.424
-140.489
-144.959
-144.973
-145.184
-142.089
-144.449
-141.518
-142.489
-138.815
-139.973
-141.875
-145.524
-148.108
-139.266
-142.584
-140.771
-143.026
-143.644
-145.139
-149.289
-152.075
-146.828
-137.855
-142.61
-146.493
-142.909
-143.549
-146.997
-146.807
-139.036
-143.081
-145.802
-145.478
-139.815
-149.451
-149.148
-144.048
-146.821
-148.051
-155.418
-141.27
-146.034
-149.376
-144.746
-149.428
-148.651
-144.934
-145.24
-147.923
-152.832
-152.871
-147
-149.112
-151.395
-149.524
-153.071
-144.495
-148.538
-143.414
-145.884
-140.033
-144.588
-139.435
-145.765
-140.998
-139.95
-141.329
-145.821
-142.469
-146.966
-142.66
-145.001
-148.008
-150.94
-146.056
-147.403
-143.104
-136.401
-144.197
-139.102
-147.499
-148.372
-150.553
-143.069
-130.801
-140.226
-138.077
-137.507
-134.505
-136.373
-141.52
-134.275
-143.926
-138.405
-136.856
-142.849
-139.614
-136.308
-145.462
-135.973
-137.895
-141.64
-145.115
-130.732
-135.772
-136.967
-133.198
-142.893
-136.369
-133.375
-138.157
-135.853
-141.238
-138.454
-137.528
-138.443
-134.135
-135.966
-132.857
-131.508
-136.341
-140.185
-131.414
-134.546
-139.981
-139.484
-136.195
-138.682
-138.946
-140.596
-141.199
-138.479
-135.406
-131.8
-135.631
-136.768
-135.961
-133.795
-131.139
-134.326
-127.887
-130.282
-107.846
-122.425
-118.572
-127.375
-119.125
-117.252
-98.5141
-89.4338
-93.372
-110.39
-93.2435
-95.9718
-107.439
-103.697
-118.566
-111.129
-124.685
-120.176
-125.874
-119.781
-116.736
-111.352
-121.367
-123.756
-124.202
-121.144
-118.398
-121.97
-121.001
-117.842
-123.157
-115.263
-119.318
-121.433
-118.558
-127.157
-119.217
-119.889
-131.467
-120.059
-125.694
-126.187
-126.027
-128.99
-126.09
-123.359
-116.229
-147.949
-167.095
-168.808
