-12.8076
-26.7089
-24.9282
-26.4732
-16.8213
-24.5455
-26.4309
-30.3811
-13.2493
-3.93989
-4.44684
-5.26984
-18.3927
-10.2207
-9.16098
-0.542914
-0.697678
8.62738
2.7797
-3.49101
-3.09814
0.688066
5.22895
-1.79967
2.21609
-1.10162
0.811527
6.64491
5.1675
7.94947
11.2904
13.3387
13.0423
12.2697
21.4247
15.2651
11.8203
13.3773
20.5513
18.6384
12.7839
8.96175
18.3539
14.2043
16.1877
18.1399
10.626
12.5583
19.3487
20.5693
20.2235
17.9609
12.4696
13.6282
10.5234
14.3085
9.77384
11.6205
13.2999
13.9833
14.0164
14.6753
6.65277
10.5258
9.34768
13.8464
11.4089
8.97529
9.02652
8.01743
13.3558
12.0938
14.9987
8.07458
-4.04972
-43.9075
-51.8762
-48.7969
-44.8692
-41.9595
-36.4985
-34.0695
-32.4855
-37.2164
-37.8325
-41.016
-20.1065
-30.2843
-28.5437
-31.0795
-33.7433
-36.0371
-26.0095
-23.0226
-29.8176
-27.3172
-30.312
-29.1724
-28.616
-15.7366
7.48966
10.5974
9.05043
10.6159
-1.01938
-26.286
-37.3742
-40.1085
-53.5792
-51.8766
-48.5198
-38.949
-29.4334
-31.1595
-43.1291
-38.7515
-45.2926
-35.7806
-42.8863
-32.5797
-34.9273
-37.9139
-27.3459
-16.4184
6.81288
-4.79196
-21.4845
-17.5818
-23.0962
-36.3047
-47.1852
-36.8994
-33.327
-31.6757
-27.7685
-27.0182
-28.3968
-27.8527
-21.4551
-17.3847
-24.2141
-22.8762
-25.0391
-21.008
-21.2947
-20.8937
-16.4801
-24.6655
-22.8553
-21.3716
-18.8315
-23.3551
-18.7912
-21.9123
-19.6815
-24.312
-24.7056
-21.334
-22.7515
-19.1854
-23.3382
-27.939
-21.6172
-18.6248
-20.9792
-15.6767
-17.9307
-16.5093
-21.5331
-23.7194
-19.9438
-15.3049
-24.8655
-24.8191
-25.8832
-25.9811
-20.1325
-18.5632
-17.0247
-16.6513
-18.4514
-14.8696
-15.6126
-18.4244
-20.4855
-13.9349
-14.9815
-13.3942
-12.0577
-20.5289
-14.2012
-14.5134
-12.4471
-11.0055
-17.1956
-15.9369
-13.9346
-10.9363
-13.9356
-21.8513
-13.8967
-25.4169
-23.8734
-25.1285
-19.5508
-10.9806
-20.2734
-17.143
-19.949
-26.1096
-27.2341
-22.4333
-30.1793
-19.0735
-24.2911
-18.9564
-17.4775
-24.0615
-17.7063
-18.1622
-19.5468
-18.9619
-13.7084
-21.1109
-14.5458
-15.0441
-15.1117
-16.9654
-13.2258
-11.0509
-14.7643
-20.1276
-18.714
-17.9556
-20.5359
-23.14
-19.9986
-22.6043
-16.3998
-22.5191
-22.1064
-21.1368
-17.8985
-26.7704
-21.493
-26.9803
-25.5041
-32.0094
-28.6033
-28.1085
-25.5302
-26.9375
-24.332
-28.7731
-29.9394
-24.9806
-15.937
-16.6729
-18.5959
-32.5811
-20.4311
-30.7156
-6.35961
-38.766
-41.0996
-46.8226
-42.247
-45.2055
-43.6781
-36.8352
-34.5696
-54.0411
-50.9586
-50.8013
-48.2523
-58.0833
-63.1386
-61.3435
-61.5512
-58.3059
-59.4121
-63.4672
-56.5235
-64.8287
-66.1865
-67.4317
-73.0544
-60.4509
-60.2353
-59.2489
-41.8045
-37.6501
-47.9639
-42.7791
-44.3671
-40.6787
-47.6625
-50.3312
-58.205
-67.1142
-60.1602
-67.634
-63.9698
-52.25
-55.7676
-56.1484
-61.1266
-60.0313
-63.3806
-57.0613
-41.908
-40.5997
-46.1975
-49.9524
-49.9016
-54.3493
-62.2923
-63.8287
-74.5014
-62.1725
-62.1076
-68.145
-64.8176
-62.8691
-60.503
-58.259
-55.4451
-47.6016
-51.9518
-49.6231
-50.9993
-57.7529
-61.5487
-63.6418
-65.903
-67.3723
-65.3693
-55.0179
-57.6943
-60.3588
-42.9325
-43.5106
-37.7589
-36.1807
-37.2669
-35.8972
-35.1719
-42.1339
-45.1449
-45.1162
-38.5956
-38.8669
-40.036
-32.0968
-25.5794
-15.0777
-21.199
-22.3941
-23.4912
-21.2435
-21.9412
-25.8814
-14.838
-28.1688
-34.0687
-34.593
-34.8862
-36.219
-37.0233
-33.0081
-33.2838
-35.8392
-36.934
-37.0792
-36.1504
-31.6261
-33.4486
-37.5973
-36.4141
-37.1353
-36.9403
-37.0808
-41.2563
-47.7088
-45.584
-40.2735
-40.8632
-39.1684
-38.9494
-42.5535
-41.8846
-41.7603
-45.2558
-48.4907
-46.9352
-41.2146
-38.4204
-29.0425
-10.7353
1.48624
-5.70425
-10.5626
-10.2626
-7.40075
-5.12
-1.94109
-2.33352
-1.64321
0.258108
-7.45095
-11.5239
-10.6386
-18.3709
-15.7788
-21.8541
-22.5481
-13.8556
-15.6391
-18.8178
-21.9454
-27.3115
-30.8489
-29.7228
-32.4248
-27.0939
-22.91
-17.4453
-17.3018
-6.51272
3.58179
-2.85699
-22.5021
-7.59837
-15.8208
-14.0753
-5.89371
-13.181
-4.7615
-20.1942
-8.61481
-17.9488
-21.0228
-15.804
-26.5247
-21.6984
-13.806
-11.7494
-23.449
-3.96009
-19.586
-9.02076
-19.4312
-15.0694
-20.9932
-25.7188
-17.7641
-26.5207
-17.192
-5.48001
-7.8407
-18.4232
-13.5632
-4.83066
-17.2378
-5.72826
-24.8708
-8.68843
-10.506
-8.96713
-14.4351
-17.9258
-17.2943
-14.6015
-12.1849
-6.24143
-13.2489
-22.3715
-20.3842
-8.21562
-17.1305
-16.402
-16.1634
-14.339
-9.08335
-20.1039
-24.6536
-15.2402
-12.4184
-11.7693
-3.24483
-9.37461
-6.91073
-7.73899
4.62057
4.19575
-3.55113
2.01285
-7.54668
-2.05077
3.69634
-5.75789
-6.02807
-12.767
-15.8318
-19.366
-7.82964
-15.6349
-9.05792
-11.8335
-11.8931
-9.27865
1.62927
-6.7577
4.88221
-9.54749
-11.1296
-22.8681
-17.0416
-5.64538
-8.62212
-4.35099
-5.00038
-10.6154
-22.3983
-34.01
-40.5795
-32.1854
-29.4235
-36.6334
-34.0871
-39.3682
-31.6777
-33.673
-35.0819
-37.4955
-38.149
-36.2924
-35.6795
-39.6448
-32.3354
-30.6537
-34.4625
-29.4899
-31.1136
-28.9968
-31.9382
-26.4187
-27.399
-28.0468
-26.4251
-33.3157
-30.8575
-33.6383
-46.8322
-41.8762
-42.3363
-32.4301
-35.3426
-36.9667
-35.3945
-39.2292
-40.2733
-36.6478
-37.4348
-33.2636
-34.811
-31.494
-39.5448
-34.4205
-31.237
-26.1656
-28.5146
-33.0525
-32.0261
-34.9197
-37.1669
-30.5137
-35.2803
-40.7106
-22.165
-11.3313
-12.8801
-11.7077
-13.8346
-8.46678
-11.371
-18.918
-8.83143
-1.77041
7.01753
-0.539673
-2.11156
-0.404638
4.54608
-1.92418
-1.69585
1.52735
4.69462
4.78322
6.31809
8.08759
9.01508
11.3755
8.60895
8.14175
9.4875
7.7029
12.0862
6.41466
6.12287
7.43365
-1.7089
1.97672
2.94979
5.61759
6.07569
5.00348
7.5893
6.07402
6.1987
7.93592
10.1725
7.32478
6.35076
8.56815
0.832678
7.03207
5.05139
10.1764
7.45524
1.78388
8.99263
9.80843
8.12209
9.80491
10.7594
6.1239
6.6666
6.47852
8.19377
10.3888
10.8623
6.90518
9.09201
9.18799
7.38113
2.22897
6.13056
4.14259
3.83268
5.0887
6.26553
7.38931
0.874113
5.81026
3.55393
-0.147804
1.05248
3.91249
1.00337
2.94809
4.29912
1.78633
2.6946
6.14621
5.16019
3.58504
6.37609
3.58367
4.55885
2.33798
0.754881
1.91318
0.790908
3.17062
3.1483
1.03357
1.90592
2.33523
2.26698
-3.10111
1.31638
3.09958
-0.524544
0.288971
-4.88813
-7.16115
-5.5166
-10.6654
-6.65257
-13.3024
-22.2752
-29.7918
-26.655
-26.1968
-20.4526
-22.9966
-24.7864
-19.7254
-24.1008
-22.553
-22.8641
-3.80785
-11.5591
-14.3244
-9.32093
-8.17449
-4.93119
-18.835
-3.7224
-12.3066
-11.2045
-4.27802
3.12288
0.179563
0.646027
-5.98558
-0.46708
4.93042
11.3371
9.75044
1.87339
-4.07451
-6.68996
-8.93504
-12.6753
-15.238
-11.2745
-12.0313
-13.2856
-10.3278
-14.7441
-21.8315
-18.9625
-13.9759
-20.9667
-19.6944
-20.8611
-17.6732
-16.7349
-16.8706
-21.0134
6.3349
11.3862
9.59279
7.30651
6.01314
8.34829
2.49038
4.23297
0.44709
-1.64648
-28.9244
-20.9925
-22.9427
-23.7723
-22.1025
-29.6271
-22.6329
-24.1075
-25.277
-23.7635
-30.1407
-27.0313
-26.593
-23.3351
-24.0744
-25.3594
-28.0443
-24.2122
-25.6811
-27.1813
-26.4877
-26.6687
-30.9688
-24.0831
-24.3794
-23.7857
-25.9182
-26.9972
-26.0776
-25.4656
-23.7482
-20.1963
-24.1134
-24.8792
-26.4913
-23.6608
-26.4285
-27.3691
-29.7182
-27.0228
-26.6675
-25.0603
-23.5321
-20.8742
-22.3591
-22.792
-16.5766
-15.7828
-16.4606
-18.5767
-17.9918
-17.8416
-11.1155
-14.9361
-17.4343
-17.68
-19.0286
-19.5688
-16.379
-12.0474
-29.951
-16.98
-23.8738
-22.434
-25.0419
-13.3723
-21.7903
-23.6185
-20.8877
-20.4459
-17.3926
-12.8975
-14.645
-19.0104
-18.2898
-22.9059
-25.9773
-27.9308
-20.7179
-14.2256
-11.276
-13.5664
-12.1934
-13.755
-17.8376
-16.4522
-14.3199
-16.7289
-22.4376
-21.5617
-26.6091
-23.3759
-23.1382
-20.5035
-25.615
-23.9097
-24.7354
-31.2561
-26.7357
-30.5604
-24.9597
-24.4573
-25.5428
-29.5566
-27.9885
-35.3082
-36.8944
-33.3044
-36.8892
-32.044
-29.075
-31.9688
-31.9879
-29.9498
-26.3128
-26.9131
-29.9413
-27.9047
-27.0461
-29.4558
-27.6347
-32.8533
-29.4769
-28.8747
-31.298
-33.3083
-31.8607
-27.7688
-25.9476
-22.4304
-23.9062
-24.0743
-25.9583
-19.8107
-23.5939
-19.193
-21.1031
-25.125
-22.7416
-25.1956
-28.0242
-24.4394
-26.5356
-21.2432
-19.6873
-23.7877
-25.6917
-26.3876
-22.8499
-14.1534
-14.2787
-18.3324
-19.7243
-20.4553
-18.0469
-20.8216
-23.6637
-20.8691
-17.6948
-20.0248
-20.1334
-18.8492
-25.3969
-25.9872
-26.1195
-24.0307
-27.2463
-25.9342
-29.8217
-31.0989
-26.8298
-30.8413
-34.8697
-31.6717
-24.8155
-29.6533
-42.2912
-19.8846
-3.89201
-10.5792
2.36459
-4.97441
11.0765
-0.464007
-2.88157
-4.11414
-0.195015
-0.0979711
-0.242286
8.83914
-0.584137
-11.2838
-6.6572
-2.04209
-8.71216
-10.8178
-18.6919
-11.1979
-16.0246
-15.0737
-12.9167
-11.3871
-9.90493
-8.9442
-6.171
-13.0993
-8.73586
-8.64945
-9.47679
-19.6462
-24.1172
-23.8838
-22.5921
-21.9749
-26.1736
-27.6122
-29.3605
-25.9107
-27.7808
-21.5472
-0.17282
-3.37698
-8.02477
-11.1748
-9.88192
-14.2083
-19.8517
-12.2683
-27.1023
-12.9124
-24.5601
-28.6892
-26.5891
-24.8847
-24.6044
-30.148
-32.2884
-35.0766
-38.5939
-42.0877
-30.495
-33.3624
-34.0048
-30.7194
-28.5837
-31.5805
-34.7946
-35.7986
-39.5703
-38.3316
-34.4958
-30.5593
-33.4273
-30.8796
-33.7709
-33.1012
-38.1047
-34.0711
-36.3062
-34.4783
-29.5938
-30.3222
-28.8354
-36.613
-38.7868
-32.8955
-33.9684
-32.1692
-27.446
-29.0797
-27.0777
-30.7036
-31.574
-32.6145
-35.4788
-36.4614
-35.5894
-40.1136
-36.4347
-41.3778
-42.1691
-40.8537
-40.8381
-39.5894
-29.5785
-39.0082
-30.6805
-35.6315
-32.211
-36.0969
-37.1569
-42.9608
-9.20567
-12.6373
-5.12231
-0.996132
6.56719
-3.37707
-12.1768
-13.8001
-26.3996
-31.5241
-35.1611
-29.0632
-32.3324
-33.3995
-27.953
-30.926
-31.6162
-28.9872
-33.5208
-28.6318
-30.6463
-28.6599
-27.8254
-28.8998
-27.4808
-25.9157
-31.1505
-34.7745
-28.1867
-38.0501
-38.2182
-35.1117
-25.1104
-26.7623
-40.39
-35.0472
-28.0786
-25.7559
-20.9949
-23.2205
-24.6162
-27.5159
-31.7158
-35.7515
-29.474
-22.3958
-22.0699
-22.2607
-24.0688
-23.1949
-19.6879
-23.568
-23.1326
-29.4118
-27.5939
-17.7043
