-13.7324
-12.7717
-12.4604
-13.7643
-16.2537
-17.4434
-15.8937
-15.2527
-14.6548
-14.6925
-16.2078
-16.8551
-16.5604
-16.3374
-15.1941
-15.3889
-15.5542
-15.6541
-15.0826
-14.3033
-13.2594
-13.2399
-12.9842
-12.8543
-12.9036
-12.9282
-13.0096
-12.6553
-13.6658
-14.6967
-15.456
-16.4922
-17.491
-17.2515
-17.3954
-18.0737
-19.2398
-20.5857
-20.1624
-17.9973
-16.6896
-15.9784
-15.8685
-16.7965
-17.6968
-15.8809
-13.0788
-11.6152
-11.0626
-11.325
-12.2189
-12.5736
-9.94381
-7.93429
-6.47168
-6.11617
-6.74362
-7.50773
-7.71485
-6.91858
-5.81325
-5.74407
-6.45654
-7.87132
-9.49856
-10.9259
-10.1664
-10.1643
-10.4283
-11.4564
-13.6795
-14.3562
-13.441
-11.3556
-9.84018
-8.66103
-8.1196
-7.1731
-6.98453
-6.44472
-6.35906
-6.52371
-7.63634
-8.56993
-10.6424
-12.3802
-14.0984
-14.1276
-12.99
-12.0334
-11.7241
-11.224
-12.1123
-12.7498
-13.0027
-13.8319
-14.6297
-15.0272
-16.2705
-16.9681
-18.9424
-21.3202
-20.787
-22.4062
-22.5086
-22.0583
-21.3452
-24.5612
-23.5641
-25.4112
-27.725
-27.3328
-26.3291
-25.3572
-22.3806
-23.1376
-21.0092
-23.0556
-27.6618
-28.178
-24.9736
-24.7488
-28.8723
-30.0943
-28.6537
-28.2628
-30.2978
-30.0003
-25.9862
-24.4855
-29.804
-33.0862
-29.7252
-27.2305
-29.1521
-26.5652
-27.6
-22.046
-23.7426
-30.9157
-28.2491
-29.9794
-33.0147
-31.6516
-31.19
-26.6551
-25.3315
-29.0805
-27.3488
-26.7483
-31.1995
-27.6122
-24.8341
-24.8388
-29.9595
-24.115
-22.333
-23.6207
-28.8086
-31.3736
-30.0785
-34.6462
-32.8111
-28.7977
-25.9866
-27.0823
-30.4396
-27.8232
-28.5319
-34.2552
-31.1638
-30.0938
-27.7099
-30.6076
-26.3279
-28.0637
-27.5616
-29.0855
-25.1099
-28.6353
-29.3974
-29.4829
-32.4122
-33.8868
-32.2501
-30.9435
-33.2861
-30.9875
-28.7376
-29.949
-31.555
-29.4371
-29.0606
-25.9212
-24.688
-29.4539
-28.3209
-27.8639
-31.419
-31.8442
-31.7909
-28.1109
-27.9861
-30.6661
-27.5552
-31.3745
-30.2721
-31.3719
-29.6993
-27.2793
-25.7999
-26.2965
-29.072
-26.0263
-31.8582
-32.4348
-31.3828
-28.1484
-30.0148
-31.5636
-29.2061
-28.0486
-32.0314
-31.6755
-29.2531
-27.1998
-26.5777
-29.8575
-24.4258
-22.9655
-29.1071
-28.8067
-28.1276
-29.5739
-29.3479
-30.332
-27.4226
-25.9777
-28.9499
-35.8575
-36.1059
-35.3305
-32.2554
-29.5735
-24.2688
-25.731
-28.3542
-28.1623
-32.6201
-30.622
-34.1082
-33.5932
-31.1661
-33.6837
-33.3825
-31.7127
-32.1823
-29.6161
-27.2037
-30.0444
-31.3993
-29.479
-32.6358
-31.9789
-29.779
-25.3392
-23.8747
-27.9107
-25.3599
-24.2811
-25.7945
-31.6744
-18.9894
-14.4264
-12.9435
-12.6295
-13.1532
-15.0524
-17.687
-16.7058
-15.4402
-15.0512
-14.4535
-15.664
-16.2856
-16.957
-16.5285
-15.5525
-15.3301
-15.1744
-15.5617
-15.7023
-14.7429
-13.8146
-13.3236
-13.1138
-12.9099
-12.7673
-12.8003
-12.8838
-12.9037
-13.0646
-14.2349
-15.1196
-15.8329
-17.116
-17.4869
-17.4086
-17.5624
-18.5421
-19.8316
-20.9051
-19.3083
-17.0887
-16.3044
-15.7951
-16.3277
-17.2152
-17.1797
-14.378
-12.2382
-11.3904
-10.9154
-11.8303
-12.5367
-11.1436
-9.13861
-7.20614
-6.3637
-6.49697
-7.16673
-7.49714
-7.13636
-6.38883
-5.91025
-6.15224
-6.96477
-8.39392
-10.2683
-10.7407
-10.3031
-10.2104
-10.9092
-12.3803
-13.4764
-14.0866
-12.1142
-10.3648
-9.39023
-8.38947
-7.72025
-7.13026
-6.56047
-6.33959
-6.53568
-7.13703
-7.98707
-9.86913
-11.192
-12.9409
-14.3794
-13.4286
-12.5614
-11.7385
-11.3101
-11.8341
-12.3271
-12.7927
-13.5857
-14.2515
-14.7004
-15.4954
-16.6318
-18.2389
-20.9562
-21.9463
-23.4357
-22.6941
-22.2832
-20.724
-21.9466
-23.4185
-23.9406
-25.9839
-27.7286
-25.51
-25.1084
-23.6461
-22.3868
-22.09
-22.2989
-29.078
-27.3617
-26.6462
-25.3963
-27.2518
-30.2744
-30.2393
-27.9861
-29.6485
-30.5782
-28.8576
-23.8702
-27.0955
-33.3527
-30.9067
-28.4076
-29.1123
-27.4843
-26.1075
-23.7317
-22.731
-25.9915
-28.085
-29.6573
-31.3596
-33.1062
-30.3354
-29.5068
-26.4447
-25.2878
-29.2192
-26.8907
-29.0328
-30.5157
-25.8418
-23.4716
-28.0606
-27.4031
-23.0649
-22.3591
-25.8423
-32.6006
-30.267
-32.7187
-34.6636
-31.5581
-26.4605
-26.2583
-29.8333
-27.4585
-28.0049
-33.2495
-32.5674
-31.9151
-27.6403
-29.4311
-30.0831
-25.637
-28.0681
-30.5666
-27.7222
-24.6935
-30.1116
-28.305
-33.3941
-33.5266
-33.7013
-30.3184
-33.1876
-33.3193
-28.7131
-29.1178
-33.085
-29.3791
-28.1654
-28.5848
-25.6261
-25.4937
-27.6707
-28.5031
-29.9981
-32.3099
-31.9257
-30.4574
-27.8972
-29.6422
-27.9433
-29.6932
-32.3322
-29.1178
-31.0527
-30.0314
-27.0051
-24.3907
-30.653
-27.1853
-28.0392
-33.499
-31.4401
-29.8049
-29.7187
-29.7503
-29.8374
-29.515
-29.1764
-31.678
-29.8024
-29.5451
-27.4917
-26.4767
-27.2331
-23.379
-24.5683
-30.2959
-28.0583
-31.8127
-28.5088
-29.0558
-30.7056
-26.6392
-26.0206
-34.2174
-35.8663
-35.4446
-34.7525
-31.1469
-26.3552
-24.0811
-29.6575
-26.6406
-30.5295
-32.315
-32.7124
-34.4055
-32.5592
-31.6004
-33.6094
-33.1559
-32.4714
-31.9213
-26.9914
-27.9082
-33.1707
-29.9442
-29.8223
-32.4535
-30.8391
-29.0621
-23.6818
-24.9285
-29.1168
-23.9177
-24.7533
-29.8736
-30.7807
-16.5113
-13.6434
-12.7702
-12.4604
-13.7643
-16.2537
-17.4434
-15.8937
-15.2527
-14.6548
-14.6925
-16.2078
-16.8551
-16.5604
-16.3374
-15.1941
-15.3889
-15.5542
-15.6541
-15.0826
-14.3033
-13.2594
-13.2399
-12.9842
-12.8543
-12.9036
-12.9282
-13.0096
-12.6553
-13.6658
-14.6967
-15.456
-16.4922
-17.491
-17.2515
-17.3954
-18.0737
-19.2398
-20.5857
-20.1624
-17.9973
-16.6896
-15.9784
-15.8685
-16.7965
-17.6968
-15.8809
-13.0788
-11.6152
-11.0626
-11.325
-12.2189
-12.5736
-9.94381
-7.93429
-6.47168
-6.11617
-6.74362
-7.50773
-7.71485
-6.91858
-5.81325
-5.74407
-6.45654
-7.87132
-9.49856
-10.9259
-10.1664
-10.1643
-10.4283
-11.4564
-13.6795
-14.3562
-13.441
-11.3556
-9.84018
-8.66103
-8.1196
-7.1731
-6.98453
-6.44472
-6.35906
-6.52371
-7.63634
-8.56993
-10.6424
-12.3802
-14.0984
-14.1276
-12.99
-12.0334
-11.7241
-11.224
-12.1123
-12.7498
-13.0027
-13.8319
-14.6297
-15.0272
-16.2705
-16.9681
-18.9424
-21.3202
-20.787
-22.4062
-22.5086
-22.0583
-21.3452
-24.5612
-23.5641
-25.4112
-27.725
-27.3328
-26.3291
-25.3572
-22.3806
-23.1376
-21.0092
-23.0556
-27.6618
-28.178
-24.9736
-24.7488
-28.8723
-30.0943
-28.6537
-28.2628
-30.2978
-30.0003
-25.9862
-24.4855
-29.804
-33.0862
-29.7252
-27.2305
-29.1521
-26.5652
-27.6
-22.046
-23.7426
-30.9157
-28.2491
-29.9794
-33.0147
-31.6516
-31.19
-26.6551
-25.3315
-29.0805
-27.3488
-26.7483
-31.1995
-27.6122
-24.8341
-24.8388
-29.9595
-24.115
-22.333
-23.6207
-28.8086
-31.3736
-30.0785
-34.6462
-32.8111
-28.7977
-25.9866
-27.0823
-30.4396
-27.8232
-28.5319
-34.2552
-31.1638
-30.0938
-27.7099
-30.6076
-26.3279
-28.0637
-27.5616
-29.0855
-25.1099
-28.6353
-29.3974
-29.4829
-32.4122
-33.8868
-32.2501
-30.9435
-33.2861
-30.9875
-28.7376
-29.949
-31.555
-29.4371
-29.0606
-25.9212
-24.688
-29.4539
-28.3209
-27.8639
-31.419
-31.8442
-31.7909
-28.1109
-27.9861
-30.6661
-27.5552
-31.3745
-30.2721
-31.3719
-29.6993
-27.2793
-25.7999
-26.2965
-29.072
-26.0263
-31.8582
-32.4348
-31.3828
-28.1484
-30.0148
-31.5636
-29.2061
-28.0486
-32.0314
-31.6755
-29.2531
-27.1998
-26.5777
-29.8575
-24.4258
-22.9655
-29.1071
-28.8067
-28.1276
-29.5739
-29.3479
-30.332
-27.4226
-25.9777
-28.9499
-35.8575
-35.3407
-34.9266
