-239.689
-408.148
-455.682
-483.604
-529.234
-402.273
-152.666
-318.951
-397.5
-445.786
-468.808
-476.783
-493.631
-342.232
-304.626
-367.736
-425.195
-415.26
-442.312
-454.887
-196.599
-175.706
-318.241
-346.013
-394.544
-403.959
-417.457
-420.345
-415.257
-406.769
-446.712
-439.107
-330.103
-408.526
-389.9
-457.588
-412.62
-428.525
-437.337
-453.057
-461.423
-472.827
-466.909
-476.906
-459.998
-467.05
-466.921
-466.066
-465.153
-457.092
-461.106
-456.604
-448.281
-449.987
-450.042
-449.443
-441.79
-428.142
-423.633
-416.812
-423.076
-421.804
-428.844
-413.103
-420.307
-404.27
-388.615
-374.483
-359.143
-350.209
-329.382
-365.43
-389.285
-397.107
-392.131
-393.326
-396.297
-397.211
-394.757
-373.62
-373.862
-361.304
-400.165
-128.613
-302.783
-421.099
-500.326
-492.848
-466.247
-356.038
-302.149
-262.308
-333.067
-221.597
-360.326
-359.024
-367.042
-388.781
-412.655
-417.226
-418.327
-409.954
-413.119
-418.06
-413.982
-416.939
-415.327
-411.072
-413.967
-408.932
-412.302
-407.089
-407.549
-391.604
-386.294
-386.27
-373.289
-370.573
-363.156
-361.923
-367.464
-364.699
-368.131
-362.424
-351.279
-346.195
-345.16
-351.011
-356.389
-348.748
-328.368
-288.936
-273.31
-153.451
-316.511
-386.792
-447.408
-489.591
-487.229
-420.859
-375.939
-382.181
-366.972
-373.496
-340.552
-347.546
-556.498
-548.451
-513.297
-452.359
-394.96
-305.063
-282.072
-483.545
-465.366
-444.974
-428.3
-406.232
-407.889
-396.322
-386.137
-386.654
-389.307
-396.667
-393.826
-388.07
-378.063
-390.451
-381.773
-390.561
-385.837
-388.594
-371.707
-380.576
-370.478
-381.437
-371.823
-358.241
-349.214
-344.315
-352.352
-351.429
-331.377
-333.276
-336.76
-347.201
-341.876
-330.528
-333.869
-327.155
-336.95
-334.635
-325.61
-330.227
-332.595
-325.931
-327.998
-326.689
-316.419
-302.495
-321.14
-307.301
-298.931
-301.838
-303.61
-287.913
-292.893
-292.264
-307.131
-293.925
-300.225
-292.657
-296.771
-298.414
-304.749
-308.312
-305.614
-299.632
-297.094
-289.866
-294.123
-299.941
-304.439
-294.424
-292.352
-305.344
-311.039
-308.98
-306.091
-308.521
-314.496
-319.77
-325.054
-250.19
-202.456
-395.756
-424.61
-443.127
-450.91
-449.403
-441.725
-439.846
-448.379
-444.419
-442.476
-437.635
-430.23
-432.242
-423.859
-428.009
-425.155
-426.38
-431.393
-425.794
-435.925
-434.351
-433.172
-441.936
-446.376
-445.561
-443.01
-445.632
-427.072
-293.243
-362.486
-372.863
-292.404
-542.471
-554.551
-583.541
-509.731
-379.311
-389.218
-411.908
-410.52
-427.709
-440.468
-430.659
-431.723
-428.998
-431.886
-431.064
-436.082
-442.731
-438.044
-439.13
-441.202
-436.087
-440.181
-436.563
-415.852
-431.849
-418.165
-428.098
-434.839
-427.088
-429.016
-424.567
-438.929
-427.571
-411.874
-409.671
-423.869
-406.226
-407.005
-400.711
-409.623
-421.411
-417.951
-414.146
-414.606
-405.633
-397.075
-405.197
-400.814
-395.641
-405.753
-416.154
-427.876
-429.095
-415.887
-425.426
-438.645
-424.558
-438.719
-421.126
-428.978
-411.711
-419.842
-413.912
-402.614
-396.511
-386.535
-389.792
-393.167
-379.686
-383.981
-366.189
-360.965
-361.131
-355.04
-347.323
-360.252
-377.729
-387.938
-404.488
-404.147
-349.438
-422.544
-448.253
-463.241
-483.918
-472.559
-485.429
-481.707
-507.026
-512.132
-292.594
-291.918
-481.775
-255.071
-348.043
-432.777
-504.881
-292.067
-319.856
-325.945
-343.55
-336.902
-318.482
-332.789
-366.664
-385.059
-442.135
-473.295
-570.711
-506.226
-238.336
-363.243
-409.521
-451.423
-510.993
-362.313
-324.214
-319.938
-318.662
-327.903
-323.86
-332.933
-341.155
-347.493
-348.115
-341.367
-347.366
-347.017
-339.749
-344.123
-344.119
-338.649
-335.022
-332.731
-332.909
-336.199
-342.417
-334.252
-338.448
-331.056
-338.778
-330.405
-337.47
-337.788
-337.379
-342.446
-334.315
-335.409
-357.453
-345.267
-372.397
-503.299
-595.524
-629.737
-592.264
-659.492
-662.28
-671.476
-393.152
-291.737
-428.522
-481.725
-472.126
-475.785
-473.629
-465.768
-467.287
-473.344
-474.805
-474.079
-478.953
-358.949
-165.708
-300.358
-397.219
-415.145
-440.184
-439.179
-440.562
-446.486
-451.841
-388.964
-248.792
-360.586
-370.806
-372.172
-391.751
-393.301
-393.338
-384.345
-384.325
-373.712
-367.696
-367.256
-365.928
-359.964
-357.163
-357.646
-353.424
-359.155
-355.138
-358.003
-355.806
-358.972
-363.994
-354.726
-361.627
-357.489
-355.609
-346.068
-339.564
-326.902
-293.824
-305.241
-325.707
-489.507
-559.5
-558.721
-546.273
-425.036
-421.869
