82.5239
79.6612
77.5978
94.8459
100.229
107.533
104.042
100.849
103.867
103.378
104.052
110.58
109.276
112.624
109.542
101.852
88.6148
57.6409
51.055
52.4212
56.8167
52.0516
50.7622
50.4591
50.1035
50.2564
48.4552
48.6962
50.9865
50.6796
50.1438
51.3159
57.2769
51.9232
54.7412
52.5481
52.4438
48.6603
46.9427
55.2708
47.5129
47.0026
49.883
48.199
52.8612
50.8624
52.5838
55.292
48.8424
49.1551
44.386
45.8698
48.9883
49.5578
39.7129
50.136
51.1218
43.7027
42.6889
49.6022
49.8132
43.9371
54.3745
56.491
51.6286
52.8124
48.481
50.1532
53.4541
45.4269
38.0044
41.9012
47.918
48.4018
49.6942
47.5774
49.1451
44.7245
43.5683
48.4117
49.9611
49.8934
49.4131
47.301
48.107
41.9859
43.2017
49.5204
45.8421
43.7591
47.4102
47.1332
42.2825
51.8602
50.5425
37.1693
46.7191
45.1331
40.03
42.5836
46.6663
45.952
54.9096
58.7999
64.598
68.4649
69.3514
71.0873
71.8233
65.9764
65.3793
75.5126
71.4789
70.8332
70.9423
66.7603
65.9485
67.5216
65.6878
63.2365
68.7051
66.2092
67.8214
69.7906
75.8519
68.5856
65.8525
66.067
68.8976
76.322
71.5767
57.9283
64.3465
65.7131
68.4235
68.0294
68.9728
67.0666
67.7411
73.7719
73.603
71.8987
72.693
69.3124
70.5099
70.7471
73.1343
69.4107
67.5106
69.1217
69.4912
68.2439
70.9697
70.1923
71.1835
67.871
70.0404
61.9393
64.9279
63.6689
71.0158
71.5186
64.6966
72.9157
67.6107
67.4917
71.4042
71.641
71.0211
94.7933
87.2258
91.5321
88.7331
83.8692
82.411
108.99
104.295
107.32
105.424
94.6932
100.252
98.1612
97.9151
92.0591
95.6041
93.8843
95.0127
85.6928
88.5381
94.162
96.4473
95.1696
97.1429
95.5591
89.412
88.3534
90.6261
91.9615
94.2262
89.8594
86.8559
94.7167
87.918
88.0969
87.9778
80.8128
81.6062
82.459
90.2264
88.5417
89.8978
95.9825
92.4033
