-14.7362
-17.2973
-24.6027
-24.1712
-23.4047
-23.6971
-19.5365
-18.825
-12.7798
-12.7571
-23.7315
-3.7582
-11.8767
-6.01622
-9.20077
-2.27123
-13.5579
2.59297
-1.40744
-9.39932
-10.4453
-18.4409
-7.62597
-15.6148
-18.8726
-14.751
-8.40006
-15.7657
-11.8876
-12.9686
-19.7519
-22.8938
-17.7906
-16.365
-16.2396
-10.1701
-16.6366
-9.93816
-13.3236
-10.3712
-27.9077
-20.5345
-16.0999
-14.3052
-6.41546
-9.99436
-6.62248
-16.7399
1.42443
-10.4305
-9.47292
-6.19305
-9.25019
-6.59249
-11.7298
-13.7882
-17.2512
-24.7095
-28.6973
-27.8489
-27.1325
-28.9175
-31.2857
-30.7261
-27.6685
-33.6815
-27.7089
-27.7326
-22.1664
-32.5134
-34.5716
-23.8257
-23.713
-21.792
-19.6916
-32.1149
-25.1176
-23.838
-19.5388
-23.5787
-17.6966
-17.4991
-17.0684
-20.8213
-15.0766
-18.0577
-16.0117
-15.4546
-12.2726
-23.4471
-18.5609
-17.095
-26.0043
-22.1211
-27.4761
-29.7481
-26.2366
-30.3954
-32.2665
-30.0273
-34.6388
-30.4636
-28.6933
-31.5413
-29.8257
-25.4483
-22.3024
-24.1478
-17.7039
-20.8972
-31.6296
-26.286
-16.7574
-8.85771
-9.12005
-13.8354
-18.0044
-21.9792
-24.0836
-31.4832
-32.1313
-34.0159
-35.1791
-36.5774
-30.5559
-29.506
-36.9018
-38.6854
-39.6405
-34.6542
-34.8416
-33.3067
-25.6612
-28.2115
-30.5334
-35.8721
-28.1936
-25.5367
-28.3559
-22.7615
-23.0684
-16.4548
-15.7426
-19.4709
-16.1849
-23.1598
-4.48973
-10.0014
-21.6234
-17.3985
-10.0634
-9.48972
-9.25416
-7.32639
-21.4959
-3.38528
-8.18912
-16.9551
-6.89781
2.57449
-7.90953
-0.278107
-1.73207
-2.97311
-0.688232
0.840863
-6.47035
-7.53004
-9.99819
-16.8809
-11.1204
-21.9411
-16.3579
-12.7822
0.116466
-9.62942
-1.05446
-17.0646
-22.1847
-12.6298
-8.8202
-8.31546
-4.60425
-7.12389
-14.6693
-8.18749
-19.1257
-12.7275
3.97315
-14.3763
-1.99688
-10.4093
-10.2214
2.48419
-16.0424
-8.06504
-1.64895
11.1971
-8.40597
-1.44089
-2.19267
-7.94663
3.01383
-0.59833
-10.5789
0.730419
-0.260039
-0.820643
-2.65218
3.54037
-2.82719
-3.25349
1.71785
