-214.263
-222.02
-232.232
-232.905
-246.764
-249.754
-238.178
-248.993
-254.095
-249.829
-274.737
-279.967
-323.582
-345.804
-377.505
-377.287
-397.098
-395.023
-408.351
-411.617
-107.541
-89.5042
-137.054
-187.202
-168.449
-150.556
-122.542
-145.121
-154.051
-159.328
-157.05
-143.674
-148.819
-139.673
-163.384
-156.92
-163.681
-190.992
-234.674
-238.023
-222.96
-243.667
-234.623
-270.237
-284.267
-282.167
-285.393
-333.066
-318.659
-323.386
-305.523
-322.304
-323.585
-333.002
-330.271
-259.661
-211.007
-227.111
-168.343
-152.493
-187.34
-202.235
-174.596
-167.675
-176.235
-167.118
-166.246
-187.767
-160.652
-173.271
-174.323
-147.552
-157.319
-134.026
-148.888
-153.135
-160.548
-146.142
-119.055
-147.165
-146.727
-141.628
-143.51
-126.482
-115.604
-111.118
-109.618
-114.73
-101.782
-92.2152
-93.142
-94.5474
-98.764
-106.125
-94.1363
-87.5295
-99.378
-94.7441
-102.271
-96.5012
-100.276
-106.7
-103.137
-113.691
-122.635
-118.046
-132.919
-168.495
-176.464
-172.565
-171.354
-179.384
-164.923
-111.912
-95.708
-94.8459
-92.7755
-97.3185
-111.496
-107.955
-103.703
-109.085
-115.087
-102.965
-96.585
-89.0323
-73.2281
-81.0888
-97.0469
-104.297
-84.3666
-82.2303
-95.9805
-104.28
-116.119
-120.471
-113.062
-118.111
-112.423
-124.935
-144.462
-161.869
-182.977
-199.398
-196.096
-233.055
-263.391
-272.848
-311.336
-311.475
-327.873
-349.335
-339.846
-355.39
-382.745
-363.576
-377.092
-381.15
-403.868
-391.4
-394.054
-395.546
-409.644
-397.289
-398.174
-400.28
-401.163
-397.441
-390.077
-389.015
-397.614
-380.195
-383.831
-399.846
-387.52
-394.459
-388.972
-388.906
-409.241
-402.03
-401.226
-388.892
-410.975
-404.204
-387.492
-376.218
-397.153
-396.61
-403.989
-415.738
-385.836
-383.923
-400.94
-393.355
-399.888
-400.029
-400.054
-417.66
-407.029
-403.721
-400.009
-423.263
-422.537
-405.643
-416.204
-424.043
-413.939
-412.767
-416.437
-405.537
-403.089
-408.593
-406.136
