-22.729
-30.6026
-23.9979
-21.4647
-21.9718
-19.749
-20.4085
-19.3419
-19.5695
-11.8695
-17.3609
-27.5638
-18.4021
-31.85
-17.7847
-27.4336
-20.177
-16.3611
-20.479
-17.4655
-9.96089
-4.79111
-11.8697
-17.7468
-21.5694
-19.5165
-32.0662
-27.8818
-25.8672
-30.3718
-40.0707
-43.4228
-38.8364
-37.5347
-36.9563
-28.7244
-31.7403
-31.7786
-20.4503
-32.8344
-12.8992
-34.4674
-18.2772
-32.2924
-32.2554
-25.271
-15.4407
-23.3086
-25.5115
-19.9858
-17.7587
-16.7487
-25.0599
-13.2985
-14.127
-11.3101
-32.2358
-15.7125
-24.0542
-26.4695
-22.8499
-15.6066
-11.2177
-9.75046
-12.9056
-14.0489
-4.65315
-12.8704
-5.73833
-7.56425
-1.36439
-1.82263
2.88945
-2.25692
-12.5243
-4.83184
-5.96914
-12.2207
-5.3748
-13.7011
-4.59201
-7.24891
-5.91789
-8.59394
-2.10779
-2.94135
-6.48754
-1.17996
-0.982541
-1.53001
-1.38434
-3.22728
-7.17002
4.93831
-1.46334
-4.20875
-6.48705
-3.41857
2.08806
-4.44778
-5.6216
-4.68585
1.42431
-2.39432
0.314834
-3.64921
-5.5984
-2.44516
-12.3185
-2.6404
-5.51816
-10.3479
-14.2074
-15.9284
-8.18655
-2.23773
0.676207
-0.78649
-4.1931
-3.18919
-11.1797
-13.0752
-11.0294
-8.93482
1.46847
4.83175
2.91286
5.53671
-4.2349
-2.93213
2.11521
-8.70538
0.483399
6.59306
-0.915985
-1.51491
0.750015
-4.17973
1.63117
-6.12904
-5.00368
-5.65866
-16.2145
-14.1531
-25.8648
-10.6739
-4.11454
-7.93974
-1.06886
-10.9969
-13.0643
-27.1077
-26.4552
-17.8781
-15.891
-12.1833
-12.7365
-13.4965
-10.5423
-15.8774
-14.2771
-26.0612
-27.7367
-15.1185
-13.026
-22.0953
-15.0666
-11.7797
-13.5042
-7.62861
-21.1262
-5.24081
-11.8832
-16.7949
-31.4822
-23.8194
-21.7075
-21.7442
-13.8116
-12.7849
-1.4851
-29.571
-19.6725
-23.4006
-10.0281
-0.860635
-10.7967
-14.3442
-21.5621
-19.7042
-23.6625
-20.6817
-25.2769
-26.1352
-18.412
-12.3009
-18.4416
-14.0681
-19.4975
-14.6137
-18.1549
-7.51055
-4.6592
-14.0667
-19.0599
-20.4425
-17.232
-17.6619
-4.69459
-13.0954
-14.0308
-19.7985
-15.8756
-12.5868
-16.7329
-14.1818
-10.6929
-21.2791
-25.3569
-8.56864
-12.7942
-23.9072
-20.7744
-21.1871
-13.7117
-24.1068
-8.45187
-11.0975
-13.0769
-22.4876
-19.6403
-28.8676
-19.4791
-7.6531
-12.2982
-9.00038
-19.5756
-17.4775
-16.2427
-4.74306
-23.3653
-31.3608
-24.392
-20.9392
-18.0373
-12.0519
-17.5768
-13.2866
-24.3787
-13.6031
-25.9483
-21.2954
-11.6184
-33.8245
-21.4595
-20.3835
-25.5906
-15.8084
-16.1919
-16.1451
-11.923
-5.28724
-10.4194
-23.6003
-13.7064
-21.3432
-31.3038
-28.3841
-22.5409
-31.1374
-42.016
-40.125
-39.1109
-39.4846
-35.3587
-26.8856
-28.8729
-35.193
-37.5784
-25.2779
-22.3148
-24.0401
-28.1738
-32.7645
-34.2782
-18.8231
-23.9311
-20.3761
-23.0582
-25.3066
-21.103
-25.6026
-17.0784
-10.9361
-14.8695
-21.2813
-29.213
-21.4425
-24.6555
-23.6472
-17.5206
-13.0576
-11.045
-18.515
-13.8659
-10.9827
-5.10869
-13.972
-4.96744
-10.976
-3.67127
-3.52484
1.48206
-4.40727
-13.1075
0.253304
-10.4673
-8.26232
-3.10374
-13.9768
-1.89453
-10.411
-7.18162
-6.2705
-6.20674
-1.3035
-7.74767
1.22005
-2.57992
0.299127
-5.74598
-1.83879
-4.5614
4.41778
-1.31195
-5.40337
-5.14738
-2.25044
2.78477
-0.542022
-1.01432
-1.25032
6.69464
0.601966
2.41606
-0.186979
-5.06846
-1.07439
-6.07831
3.81029
-3.86305
-0.837969
-13.0412
-10.6892
-6.28472
1.40688
0.618571
-4.12048
-1.08725
2.21224
-9.40536
-16.269
-9.54862
-5.53673
2.23124
2.54569
-12.0274
-5.31009
-1.64135
-2.65602
2.967
-8.47488
-4.9787
3.56618
-2.56681
-1.40441
-1.9502
-3.24846
-2.89028
-12.0011
-9.45155
-6.05734
-13.2383
-11.1773
-27.6217
-7.53074
-0.351207
-4.31653
-5.84011
-17.881
-14.4163
-24.561
-20.6505
-6.93397
-12.7676
-6.80389
-16.3592
-19.4471
-11.5265
-15.7272
-20.8952
-19.9353
-21.3728
-19.2796
-11.8244
-19.8819
-15.0243
-18.8246
-8.79292
-15.4634
-19.6694
-5.30276
-12.2798
-21.0022
-26.7358
-21.3923
-15.1299
-14.5227
-21.2344
-7.42457
-10.8129
-28.5227
-22.0513
-29.4237
-4.7129
-3.81002
-14.5148
-16.3177
-21.2612
-13.8701
-26.552
-21.8979
-23.8148
-23.5875
-16.164
-11.1334
-19.3282
-14.6375
-13.5977
-13.1364
-19.1386
-16.1863
-18.1585
-18.6132
-21.0838
-11.1895
-10.1431
-16.59
-2.30305
-19.5696
-12.6336
-20.9361
-12.8006
-12.7262
-10.8182
-22.2342
-12.4771
-20.1757
-31.5842
-15.3342
-12.9586
-18.7978
-23.0063
-16.5423
-19.2887
-17.5892
-8.52228
-8.82545
-13.9982
-21.7576
-16.007
-28.4286
-19.0051
-6.58032
-6.97457
-11.5942
-21.3086
-15.5093
-17.8559
-12.3223
-26.0941
-30.4855
-27.9096
-25.1716
-21.1261
-11.3508
-15.5732
-8.54299
-23.5791
-24.0896
-33.3901
-13.0394
-14.1616
-25.464
-23.4412
-17.731
-22.6106
-21.7192
-19.8075
-9.41876
-12.5638
-11.3635
-7.779
-27.1321
-16.7613
-23.0689
-27.832
-31.6908
-25.0566
-30.8378
-38.5287
-40.6203
-37.6144
-37.1844
-34.2941
-27.6089
-26.0192
-32.8228
-41.3245
-19.1433
-30.051
-16.9223
-34.6818
-28.6738
-36.5943
-16.4702
-28.4374
-26.6644
-20.8285
-25.0963
-19.1262
-31.1132
-14.7343
-11.6945
-13.3044
-24.9585
-25.4656
-20.7529
-21.1669
-21.8865
-7.06043
-11.2204
-11.2843
-14.5277
-13.8288
-4.42012
-7.93091
-9.35536
-3.43389
-10.1428
-1.19457
-3.60563
2.70785
-8.0766
-10.9929
-1.38536
-10.7975
-3.19052
-3.24902
-13.6731
-0.18456
-6.24949
-8.19241
-5.09535
-3.26705
-3.79435
-7.62466
4.18075
-1.61753
1.87588
-8.28141
-1.97931
0.959478
1.44598
-1.75411
-3.37327
-5.33637
-1.62685
1.30629
-1.22258
2.80965
-1.64534
6.59563
-0.627923
3.19727
0.120995
-2.93973
-7.76849
-7.12142
-0.464775
-6.29524
-0.906092
-16.4055
-6.37524
-3.02272
1.92296
1.25589
-3.14573
-2.43255
-2.41346
-9.22257
-17.816
-9.96489
-2.28497
-0.364681
3.15914
1.33663
-10.8065
1.12789
0.880535
4.81228
-5.16423
-0.0546976
1.75669
-0.659849
1.33
-2.13498
3.57582
0.254223
-10.9148
-7.5324
-9.83871
-13.7168
-12.7516
-26.2299
-2.10767
-1.29928
-5.39665
-8.1793
-22.1578
-19.0048
-24.1009
-14.8123
0.155903
-13.0593
-5.57239
-15.3441
-19.6634
-14.5752
-12.5882
-23.6397
-17.6595
-17.6925
-18.1916
-14.2134
-15.5468
-14.2067
-19.305
-11.0261
-10.9243
-16.2328
-4.78924
-15.3504
-25.2966
-18.2813
-21.8431
-19.8247
-11.9604
-19.9874
-7.73926
-14.9794
-29.4179
-26.5522
-24.2452
-1.1446
-6.68833
-15.9865
-24.129
-19.5612
-18.0935
-27.0506
-25.37
-24.82
-19.1463
-9.49224
-15.5751
-22.3588
-22.4864
-14.9729
-13.5367
-7.16833
-12.96
-12.8256
-19.3778
-28.1431
-11.0472
-2.40193
-20.3661
-9.59312
-19.19
-9.72115
-22.7917
-15.8272
-14.4108
-10.7449
-23.4843
-16.3115
-17.6651
-17.1778
-16.7365
-19.5077
-14.6873
-26.5042
-15.3482
-21.3424
-17.3795
-15.2063
-12.7732
-19.6857
-21.8042
-13.6646
-26.0338
-14.2542
-14.4375
-1.54059
-18.4611
-20.762
-14.1884
-16.4056
-18.5855
-27.6651
-25.191
-27.7779
-27.0687
-24.7013
-17.2543
-19.6323
-16.1066
-16.8463
-25.4869
-33.6886
-16.8886
-21.6009
-17.5503
-27.8585
-21.5998
-18.9777
-21.8415
-19.9335
-9.48095
-5.40897
-8.04441
-20.6248
-27.4192
-18.7039
-28.3638
-29.26
-29.2652
-24.4966
-36.6043
-39.7014
-41.2666
-36.9976
-40.0756
-31.6733
-30.5481
-21.0856
-25.6504
-35.147
-13.5244
-30.0151
-13.7945
-32.2363
-30.098
-32.2935
-15.5021
-26.9042
-25.0148
-20.2962
-22.5667
-17.6018
-24.1353
-14.2842
-9.79544
-11.4723
-27.9086
-18.0253
-24.0084
-22.6627
-22.4172
-10.0283
-11.6424
-12.505
-7.79403
-12.0837
-3.13452
-9.52208
-6.71857
-4.45182
-2.84739
-1.53198
-3.41558
1.19316
-15.7156
-6.20036
-6.79935
-12.9961
-4.92064
-9.09506
-17.0144
-2.4229
-4.9002
-10.1361
-1.87129
-4.87532
-3.25748
-2.99434
3.13828
-2.02384
5.38474
-6.1108
-4.92349
3.30478
-4.88897
-2.96335
-4.75011
-8.41227
2.04388
-3.82135
-6.71229
-0.944675
-0.367661
3.75062
-0.0927485
2.09928
-1.41676
-3.71789
-13.1596
-10.3168
-8.73558
-11.8854
-8.55008
-26.0796
-6.36039
0.181627
1.88401
0.42251
-3.82564
-3.24061
-3.50719
-8.23105
-12.4876
-8.33378
1.01951
1.12765
4.42528
5.98097
-5.15929
2.10013
4.37799
1.91452
0.731052
6.237
-1.21474
2.814
7.03884
-1.82394
6.56974
3.95496
-6.20707
-6.34627
-11.4012
-14.7649
-22.8273
-21.9528
-2.98761
-6.58527
-4.90107
-7.86686
-24.115
-27.3499
-24.788
-16.3547
-4.28966
-17.7738
-5.62471
-9.65431
-15.8278
-10.985
-9.37745
-27.4649
-23.3158
-15.9969
-12.0439
-17.8085
-20.5637
-12.3202
-19.4778
-11.66
-18.0297
-14.408
-9.64278
-14.9285
-29.498
-18.9041
-19.4004
-22.7049
-15.2155
-15.4924
-6.10311
-22.2208
-24.6077
-21.6964
-16.7645
-3.12171
-7.47634
-11.935
-24.8291
-16.6123
-20.4434
-22.3127
-23.8702
-26.2326
-21.8435
-12.5194
-19.8548
-21.2407
-22.7697
-15.7596
-16.6774
-4.95321
-4.89135
-8.29808
-20.5665
-30.4934
-16.5957
-17.5293
-16.573
-8.53829
-16.8659
-12.737
-19.6751
-14.7372
-12.2968
-12.3952
-20.0339
-14.9534
-20.0675
-10.9532
-15.402
-23.7088
-15.0693
-25.7023
-13.7837
-26.2615
-12.1557
-15.2372
-11.7931
-25.7859
-25.5616
-21.1581
-20.8004
-12.8121
-17.1746
-6.0184
-20.5741
-17.511
-12.5373
-16.2902
-21.3984
-30.6026
-23.9979
-21.4647
-21.9718
-19.749
-20.4085
-19.3419
-19.5695
-11.8695
-17.3609
-27.5638
-18.4021
-27.5782
