-45.2644
-45.1541
-27.8485
-16.5171
-17.8808
-20.1954
-22.6597
-10.9414
-12.8186
-6.67236
-5.19675
-0.859347
-8.22604
-0.662113
-0.0682837
-3.08292
-4.05166
-5.25858
-9.29212
-15.758
-16.3443
-7.4107
-12.8126
-7.6454
-4.16979
-7.99558
-9.95155
-14.6146
-13.8389
-7.37025
-8.54787
-3.54397
3.62071
1.89406
-18.1447
-22.0386
-27.924
-30.9228
-24.3681
-30.7857
-25.1724
-22.2525
-31.2192
-27.8219
-27.3726
-32.2826
-26.0975
-39.9937
-31.0406
-28.7732
-31.5375
-37.0761
-24.6369
-15.5672
-15.6615
-32.2856
-19.3071
-29.3738
-24.9296
-26.8954
-21.1266
-21.5915
-28.5164
-23.9481
-20.6444
-25.3752
-27.6014
-29.3841
-27.9268
-26.7843
-31.1765
-38.8106
-39.8361
-41.5647
-47.6189
-45.9252
-39.8287
-36.2572
-39.3869
-40.014
-29.3412
-34.3558
-46.6696
-38.9933
-37.9204
-33.7261
-37.733
-33.9591
-26.9001
-40.1019
-35.3444
-36.153
-26.3235
-19.3612
-18.0979
-24.3475
-27.2271
-39.3308
-30.4244
-26.5221
-31.6382
-30.1691
-37.898
-35.4542
-35.5633
-53.8856
-57.5757
-65.1513
-68.2798
-75.6563
-70.9627
-68.074
-68.4499
-68.2967
-72.7776
-82.4662
-61.5189
-67.3993
-66.3085
-60.7073
-64.1343
-64.6802
-62.5554
-66.635
-73.8551
-70.5142
-67.2037
-69.3791
-67.6503
-62.3593
-68.5978
-73.3407
-62.4026
-65.5717
-67.0302
-73.7041
-63.1891
-69.0649
-68.0836
-61.7563
-69.5429
-69.9085
-68.7
-61.9417
-62.5485
-58.1977
-56.3007
-61.3813
-58.4893
-62.5736
-53.3966
-57.9507
-59.7601
-58.3777
-62.3142
-64.5525
-56.3428
-67.2325
-59.7163
-59.8977
-55.3611
-59.2374
-59.6408
-65.0379
-59.615
-56.3809
-55.7571
-56.8069
-54.7921
-60.8134
-54.3085
-58.1641
-60.0796
-58.5123
-61.1444
-61.9875
-59.5913
-66.3192
-56.2208
-56.8525
-66.5053
-64.0446
-76.171
-68.9288
-60.8222
-68.1428
-64.342
-58.1266
-63.4858
-67.5632
-68.6983
-55.0346
-57.3046
-66.4483
-64.474
-44.3014
-59.6131
-56.7642
-62.9944
-57.061
-57.9221
-62.7489
-63.6881
-60.8018
-60.6875
-65.5852
-64.714
-53.227
-43.7275
-50.7952
-47.5171
-38.5517
-51.5098
-60.2334
-54.3292
-33.6217
-67.2085
-57.5108
-57.1004
-55.6378
-55.3863
-68.3838
-72.2505
-73.4751
-80.1287
-82.8924
-77.9936
-75.5586
-67.4387
-69.7757
-76.2145
-85.0831
-74.4674
-82.5717
-74.9042
-72.4838
-75.4618
-74.4974
-74.6443
-80.3872
-76.5865
-78.5385
-87.32
-92.1282
-89.5271
-80.515
-78.6658
-66.8358
-58.6217
-63.757
-60.6653
-60.6835
-62.4589
-66.513
-73.3239
-72.6701
-73.6811
-69.2507
-69.0062
-65.8042
-76.0899
-66.4666
-71.0067
-72.5347
-72.2941
-69.1884
-70.5774
-60.7327
-64.9346
-71.1959
-81.766
-84.2451
-86.2539
-80.7222
-53.0041
-43.8928
-43.8511
-54.8294
-54.1559
-54.3904
-53.7733
-63.1776
-59.4879
-53.7074
-60.078
-66.2141
-59.475
-63.8242
-65.3328
-71.4304
-58.3804
-60.0947
-56.2918
-56.4576
-58.8451
-63.1436
-69.323
-61.5454
-61.2612
-61.6556
-64.3801
-53.9934
-61.6411
-57.1376
-61.6719
-67.6128
-73.7341
-76.0176
-65.6224
-69.2481
-70.3951
-74.8432
-67.3592
-61.3693
-61.3194
-67.8347
-71.1666
-66.0235
-64.6464
-65.0502
-61.0907
-66.4816
-64.1
-67.3387
-75.0614
-69.6697
-69.4359
-66.6822
-69.733
-66.8025
-68.6155
-69.285
-62.7759
-67.1746
-62.4963
-66.8018
-73.1567
-69.2796
-60.1151
-62.8813
-63.7281
-72.0154
-67.3462
-65.8529
-62.4136
-61.9368
-68.2497
-63.5931
-62.0614
-62.9206
-54.9279
-61.3913
-67.0825
-63.5754
-68.8337
-73.5487
-77.0904
-72.1072
-64.4435
-68.1749
-79.7788
-72.2442
-74.6287
-72.9831
-65.9653
-67.4871
-69.4087
-68.08
-61.8847
-60.8938
-66.2592
-62.5931
-60.2047
-60.8532
-62.0312
-57.2358
-56.7532
-58.3911
-60.2175
-56.2967
-60.5563
-63.5513
-62.4139
-60.4371
-62.3365
-53.4074
-54.1535
-53.137
-53.6146
-49.4373
-48.1945
-44.411
-41.0048
-49.4013
-39.1402
