-90.5285
-79.9065
-68.6646
-67.8533
-72.236
-68.5863
-81.4883
-84.5107
-80.1789
-80.8053
-83.8765
-88.916
-87.7235
-80.0858
-72.419
-71.9843
-79.0717
-66.1274
-71.5861
-57.4613
-71.5966
-82.3572
-86.5043
-88.1397
-73.5251
-66.4531
-68.9718
-69.0469
-67.1413
-86.3216
-73.577
-77.2873
-70.8966
-79.9347
-76.1886
-59.6526
-61.343
-59.9102
-73.603
-69.5134
-75.3905
-78.0783
-75.4618
-73.1193
-68.1938
-68.5356
-54.7985
-57.2612
-62.2911
-52.5575
-39.5734
-45.0203
-51.0916
-53.2452
-19.1178
-32.1781
-40.9403
-38.8074
-37.5632
-37.2104
-35.265
-46.0035
-38.9375
-38.1663
-42.0497
-41.4094
-39.8374
-31.3093
-45.678
-42.3689
-45.6059
-36.5777
-33.2157
-36.6209
-38.9844
-43.6102
-40.736
-53.194
-35.0851
-42.3138
-37.4339
-38.8754
-30.7617
-30.8937
-48.2886
-42.4398
-34.7585
-43.7142
-41.0042
-39.2233
-42.732
-39.115
-38.3503
-36.5923
-56.2689
-33.9886
-42.8942
-34.0729
-38.749
-33.4171
-43.0581
-34.0668
-44.3
-39.5036
-51.2788
-46.7447
-45.3715
-54.2645
-45.6183
-45.5822
-32.4303
-32.4514
-50.6973
-38.3181
-35.6603
-47.5975
-48.6925
-35.4592
-50.0977
-43.5876
-39.2555
-45.1274
-37.5167
-35.0737
-46.9845
-35.3329
-37.5349
-34.7369
-45.7135
-51.1189
-43.4336
-59.2719
-43.9059
-36.8119
-30.357
-36.341
-69.8216
-83.6008
-73.1749
-68.4931
-74.2391
-72.0992
-71.7686
-87.434
-78.7177
-77.087
-78.9816
-81.968
-87.0237
-87.6123
-78.0313
-75.1591
-77.7335
-81.5029
-71.1559
-65.5783
-67.4454
-77.4469
-82.5637
-86.3875
-87.4594
-71.8837
-61.8964
-75.8157
-75.5454
-70.5932
-85.8417
-72.3717
-75.9134
-65.5902
-78.0804
-75.7721
-63.1685
-54.0842
-60.6741
-74.6505
-68.509
-75.0626
-71.9682
-72.9015
-80.0822
-66.1863
-66.38
-51.306
-56.7648
-54.4948
-46.9021
-35.7058
-47.6303
-48.5965
-51.1063
-23.3928
-34.3613
-42.8438
-40.341
-37.8344
-39.2787
-36.887
-44.0415
-41.96
-37.4106
-46.8053
-34.7283
-35.7137
-39.5737
-40.6818
-41.6114
-47.0754
-32.7031
-37.3326
-27.8127
-52.316
-45.5069
-38.2002
-46.6239
-34.6299
-41.5858
-39.3449
-44.8352
-38.1597
-32.743
-48.3563
-38.7196
-45.8072
-35.2696
-37.7471
-38.0744
-47.8797
-33.882
-41.8415
-44.0376
-45.3093
-32.3897
-38.9953
-39.1469
-43.8107
-35.2096
-37.8442
-36.9931
-38.7649
-43.0258
-51.2235
-45.2572
-40.8474
-48.4959
-39.8836
-47.6542
-32.7906
-35.244
-43.1021
-38.4947
-41.8488
-45.0763
-43.1469
-39.8411
-50.7981
-46.588
-43.0747
-48.5492
-40.6116
-40.9596
-46.7691
-39.497
-41.6943
-29.6447
-51.7303
-46.4897
-49.7846
-59.3419
-41.3603
-43.9521
-31.781
-43.0598
-86.9835
-81.9327
-67.0211
-65.1317
-79.0918
-70.7882
-69.6962
-86.8083
-79.9358
-81.2136
-77.6578
-85.9093
-85.9772
-81.7182
-77.3194
-77.1802
-80.5337
-80.5415
-78.7382
-61.2462
-66.6489
-79.2418
-80.996
-90.0911
-90.4323
-72.6582
-61.3323
-64.3623
-74.1873
-81.4622
-80.5677
-76.8571
-79.4726
-63.6801
-79.1961
-68.6273
-68.8906
-64.3415
-62.3898
-76.834
-76.7814
-75.0112
-74.6071
-69.4245
-75.7608
-67.0452
-66.4669
-52.7088
-59.8983
-54.602
-49.7519
-39.8268
-53.4164
-48.0563
-39.1611
-31.7738
-31.9023
-42.278
-37.3428
-33.8881
-34.2467
-41.1303
-40.1791
-39.8684
-39.4152
-47.1168
-33.7073
-32.8005
-49.5153
-43.9478
-42.8134
-43.7364
-32.6828
-43.092
-20.3918
-50.9257
-43.3829
-41.1929
-36.6615
-42.8594
-41.9769
-40.7546
-42.94
-39.3687
-40.3438
-50.981
-28.9782
-51.4498
-34.4861
-34.0707
-36.0938
-45.0606
-28.84
-38.818
-52.3859
-40.1965
-34.7273
-38.0776
-37.6268
-40.7662
-37.9771
-34.1974
-43.529
-33.5399
-51.0053
-50.0223
-46.0757
-42.8268
-39.5377
-40.7995
-45.6195
-32.3543
-43.1668
-38.1336
-33.4096
-50.7274
-44.2152
-38.0026
-41.6848
-52.407
-43.1737
-46.2151
-44.5982
-40.8897
-44.1675
-40.5987
-41.6996
-40.0051
-38.5433
-53.5417
-50.0731
-46.9221
-56.8155
-36.6373
-41.4751
-32.9114
-55.2307
-91.9116
-80.6689
-66.2036
-63.0308
-76.338
-66.7705
-74.7118
-85.8191
-83.1092
-81.5625
-80.3793
-88.0322
-91.6246
-75.3861
-76.6147
-73.6182
-82.8542
-73.236
-71.7724
-59.2796
-66.9896
-78.922
-82.0741
-91.6972
-79.7985
-64.1011
-67.209
-71.7622
-68.9876
-86.064
-72.5618
-80.6072
-79.219
-76.0239
-77.5304
-61.777
-66.3414
-59.4669
-70.2065
-72.8607
-75.1076
-75.5498
-76.1513
-70.8903
-72.2151
-66.0358
-60.7461
-56.0128
-58.4438
-57.1378
-48.3932
-41.4822
-52.9389
-50.433
-28.6363
-32.874
-34.2298
-41.6349
-40.6104
-32.0688
-34.4538
-45.4662
-35.5982
-42.9276
-40.9294
-47.1039
-34.7959
-27.5384
-51.1331
-46.8084
-45.4754
-39.2601
-24.7089
-44.0393
-23.688
-46.4488
-45.2956
-50.1069
