-90.7496
-101.814
-100.721
-103.248
-102.867
-98.0917
-94.0556
-93.174
-83.442
-92.8764
-80.9198
-87.2253
-74.5011
-62.5106
-49.2545
-50.5029
-40.7934
-37.278
-32.0495
-47.6374
-115.461
-101.302
-96.7502
-94.1805
-95.1426
-98.3035
-99.2228
-97.0343
-93.4082
-103.24
-85.1833
-101.219
-100.979
-97.5153
-92.9374
-86.6314
-90.3229
-96.9347
-94.4957
-88.2711
-86.5374
-91.7714
-90.3197
-74.4177
-62.5062
-80.2624
-71.1941
-71.7396
-57.3868
-62.1957
-66.8127
-67.8041
-56.6549
-53.8062
-57.806
-67.1277
-95.8268
-97.3116
-102.034
-108.858
-108.449
-117.782
-114.45
-108.924
-113.373
-114.017
-116.398
-114.893
-110.327
-114.488
-114.741
-111.122
-117.063
-115.068
-121.197
-126.314
-104.564
-117.287
-110.765
-114.773
-117.674
-120.341
-124.457
-115.275
-113.006
-120.982
-117.297
-105.521
-113.175
-109.968
-117.655
-116.883
-113.602
-113.801
-117.082
-114.074
-114.639
-116.47
-113.968
-115.897
-111.165
-110.773
-112.853
-112.658
-106.318
-109.482
-100.315
-99.0673
-82.8296
-76.9373
-67.3898
-61.5777
-68.975
-85.1222
-84.7224
-94.7982
-92.9695
-92.4153
-97.2884
-87.6253
-83.9656
-94.0559
-101.607
-100.576
-101.853
-101.824
-98.3913
-95.9422
-98.2425
-104.837
-99.0406
-92.2043
-94.534
-94.324
-88.3306
-89.9235
-92.4642
-96.834
-95.8087
-99.8733
-101.285
-107.123
-100.282
-102.205
-79.8774
-75.4848
-72.3647
-57.8681
-44.747
-45.7212
-59.5428
-47.0067
-48.3005
-44.2104
-41.2618
-45.2873
-41.8171
-46.7014
-39.3858
-33.4031
-37.2574
-35.708
-33.5503
-44.6733
-37.9695
-50.4387
-25.5167
-45.1219
-36.3932
-32.8725
-44.1765
-41.4627
-46.6552
-42.3858
-43.7404
-27.148
-37.9909
-44.3429
-30.6596
-30.6234
-40.7478
-39.611
-45.9319
-34.413
-44.4922
-47.0961
-40.8266
-48.2871
-48.0316
-42.9932
-39.8704
-39.5702
-43.6047
-36.4527
-36.1972
-45.7894
-44.5205
-49.754
-36.7741
-37.7176
-25.9571
-42.4636
-39.2728
-37.8013
-34.817
-38.5546
-35.6731
-44.419
-38.6112
-40.7137
-40.1904
-42.1419
-44.2192
