-16.9531
-4.16068
-1.3463
1.13026
-7.26381
-5.33721
-15.2133
-10.9037
-25.4563
-10.3635
-10.037
-20.6336
-15.7762
-12.4757
-18.327
-12.3805
-6.62533
-8.60125
-13.267
-21.4786
-18.8032
-3.36186
-6.67986
-14.3622
-8.17164
-24.499
4.52508
-9.35616
-6.89455
-5.42682
-12.8049
-10.7291
-8.76628
-27.6564
-14.5526
-3.09898
-6.7799
-6.16966
-5.28856
-10.202
-8.98497
-9.44034
-4.32386
-10.4632
0.902581
-6.98968
-6.3027
-12.9599
-3.59583
-7.89006
-7.26319
-7.20345
-17.5539
-9.33924
-17.3426
-6.33692
-12.1434
-13.0692
-4.55645
-8.86512
-6.80981
2.45695
-18.1222
-18.3854
-22.1644
-15.711
-14.6793
-12.8233
-2.07738
-21.037
-24.433
-33.262
-45.5932
-35.7014
-41.5718
-37.8151
-42.0093
-36.8997
-34.5369
-31.9904
-25.0246
-23.3107
-23.6591
-23.6851
-22.2369
-22.3177
-24.9388
-31.3782
-30.5696
-34.8623
-35.8143
-32.0594
-32.1233
-34.5946
-34.5686
-34.4788
-30.0607
-27.2639
-30.5538
-30.5794
-31.7704
-29.7102
-31.3505
-29.5613
-29.2719
-31.7392
-31.4383
-31.2268
-31.5173
-31.5256
-34.531
-33.0612
-36.6421
-25.777
-23.9281
-30.9324
-29.3622
-31.6399
-32.9342
-30.9982
-36.5335
-39.9923
-39.8984
-37.4551
-38.9158
-39.6267
-38.5794
-33.7718
-34.2657
-40.1118
-33.9095
-35.2431
-45.7385
-46.7734
-38.1702
-34.1227
-30.7426
-36.6572
-40.2283
-32.6898
-27.8283
-29.8328
-29.3823
-32.296
-22.1465
-25.2827
-26.24
-28.3332
-30.4547
-29.0758
-24.2268
-34.7725
-31.9346
-30.5391
-45.0404
-45.4321
-38.5466
-34.1376
-25.266
-1.05419
3.66846
19.3179
18.6928
14.9056
17.8706
15.711
20.2531
22.9719
25.5978
27.9361
27.4342
25.5799
30.3245
25.247
26.4085
28.4009
30.7102
28.5509
32.3331
30.4837
31.6864
27.7225
28.8365
35.506
33.9906
33.3315
32.8884
33.0273
29.9223
26.3959
34.0543
32.697
36.3007
37.126
41.6091
32.269
33.9945
32.8297
34.6701
29.312
31.3614
32.7421
38.1396
36.7433
35.7932
42.5332
38.7352
38.9827
36.4925
32.8
34.6581
40.2445
9.56142
6.0869
35.6023
18.7817
23.4597
17.9887
-8.87652
-14.0537
-40.8794
-38.8844
-48.7979
-44.0006
-50.3477
-44.7071
-62.7449
-57.5305
-53.484
-51.0001
-51.9263
-47.2163
-35.6273
-45.2461
-46.5115
-9.56463
2.20041
-7.50508
-20.0135
-11.891
-25.6288
-16.5098
-18.6476
-11.8536
-6.59622
4.22032
4.59721
5.37666
7.61991
11.5
6.7875
7.00213
6.4455
5.38714
6.09438
6.77439
7.4388
9.10083
10.4101
7.6263
4.83814
5.87561
7.90583
8.10035
10.2063
11.1062
3.67978
7.90747
3.35732
-1.00816
-8.94848
-7.60508
-6.52795
-16.0295
-14.576
-11.6614
-20.0467
-7.52081
-9.97253
-44.2017
-56.4956
-58.0367
-60.9458
-69.9863
-59.6814
-53.1672
-48.0457
-50.3776
-46.2082
-39.4686
-30.3038
-27.6771
-21.4703
-28.34
-22.6273
-20.8191
-27.4797
-25.0921
-20.8086
-21.6023
-14.062
-13.9879
-21.9523
-18.0673
-13.5486
-8.38587
-5.78831
-18.9314
-14.0806
-21.6916
-9.86916
-27.6536
-41.2097
-30.2176
-28.9735
-33.4502
-27.0387
-32.5717
-36.766
-39.1276
-36.0508
-34.4842
-39.9704
-24.8151
-19.7678
-15.0006
-23.7353
-19.4614
-12.4673
-12.7783
-23.1395
-22.4852
-33.3763
-37.6952
-43.3588
-32.7434
-26.8654
-37.8267
-34.8779
-43.8599
-39.5498
-38.404
-31.466
-35.8641
-31.0897
-35.3537
-37.4195
-31.2364
-30.3037
-26.692
-30.4689
-27.5561
-37.4353
-44.8151
-45.3486
-49.5849
-49.12
-46.6677
-48.1456
-47.7471
-43.284
-31.7649
-29.4018
-35.8778
-32.0321
-28.3643
-16.0427
-25.4941
-27.4505
-22.4938
-19.1376
-18.1052
-13.3308
-15.2699
-10.6536
-6.55152
-4.18125
-20.2377
-15.0236
-22.381
-33.3245
-21.4529
1.00696
-0.613342
-2.19733
-2.15449
-1.69558
-18.7302
-16.8608
-14.7455
-9.88909
-11.2517
-12.4804
-13.0178
-6.58409
-12.3594
-24.436
-12.2891
-16.3547
-13.9823
-16.5308
-3.70971
-13.5659
-1.72341
-8.67387
-15.5849
-11.7998
-22.8614
-16.0397
-24.9149
-12.1707
-11.1459
-16.1538
-14.0547
-14.831
-12.602
-18.5441
-15.9692
-10.7731
-8.90951
-18.8089
-8.31119
-19.6631
-12.5976
-19.3127
-10.4754
-13.9464
-9.40933
-22.5109
-25.6234
-14.2098
-22.559
-13.284
-19.7453
-15.2289
-17.2643
-11.6771
-18.8801
-6.5564
-2.0949
-6.34932
-13.7148
-23.4714
-19.7021
-19.7387
-17.1075
-11.188
-15.189
-14.163
-10.9973
-18.2923
-16.3564
-15.1198
-10.103
-15.5504
-14.3038
-17.354
-12.5063
-10.1938
-14.7621
-6.43491
-6.23448
-15.1673
-11.9233
-8.92479
-8.29921
0.584703
-10.1072
-26.3332
-2.85058
-13.4141
-6.64651
-19.5085
-13.3029
-12.1209
-15.0055
-10.7834
0.775766
-4.73853
-0.223774
-12.5525
-4.44644
-4.7289
-10.6935
-5.9985
-3.36645
-4.41173
-10.564
-4.70192
0.776931
7.15992
-1.0733
-11.5107
-4.89148
-9.66042
-14.0769
-20.0918
8.18323
10.217
-4.49628
-1.34163
3.81003
4.68021
-2.91334
-7.44627
-23.185
0.353424
0.186876
-6.21904
1.90652
-15.3458
-13.1107
-5.93489
3.39872
-8.05848
-17.8664
-18.4706
-14.2871
-21.8715
-15.4962
-13.9747
-5.48625
-8.95948
-3.65697
2.66652
-7.61823
-1.88687
-9.2409
-21.2778
-15.1109
-19.0142
-4.45412
-5.18767
-4.0936
-11.2237
-14.6371
-17.8562
-14.9022
-14.692
-7.8277
-7.65407
-3.73011
-21.8681
-9.01696
-7.02503
-11.835
-8.78065
-7.47513
-14.0345
-2.21694
-11.5615
-8.40764
-18.9337
-7.08046
-1.71069
-12.491
-19.1192
-30.9581
-19.1324
-12.1334
10.5154
-27.2513
-10.5335
-10.4492
4.13147
-0.681351
6.43819
9.44788
4.15627
10.9542
18.002
16.218
-6.36795
-29.7848
-42.5677
-36.6573
-41.559
-24.4422
-20.0252
-28.3266
-22.7418
-21.6075
-26.9326
-19.4022
-17.3826
-16.0309
-18.717
-19.0112
-19.8312
-11.0475
-13.4738
-9.55693
-10.6218
-16.3992
-18.5341
-11.3259
-14.3557
-15.8747
-23.4576
-20.7823
-16.8821
-4.64417
-11.267
-7.20887
-13.0619
-17.5866
-37.7772
-39.6132
-32.0256
-25.7914
-15.0877
-17.8894
-20.6982
-23.4742
-31.8498
-22.0473
-33.03
-25.6747
-29.0576
-35.1017
-36.2398
-36.1848
-40.1986
-31.2193
-38.5592
-24.9034
-34.5686
-37.8681
-39.9555
-39.8499
-34.9581
-37.9089
-47.2308
-62.5921
-52.1772
-50.7504
-50.51
-32.2548
-39.6459
-29.6081
-26.3474
-35.8686
-44.0709
-37.1969
-17.6765
-35.1383
-35.2383
-16.942
-27.645
-34.7478
-47.0571
-59.2947
-56.4051
-57.0196
-66.1445
-61.5078
-57.5308
-57.6863
-52.7645
-56.438
-58.0555
-52.3427
-51.7653
-55.6623
-52.5397
-49.3847
-52.1784
-47.2836
-45.3665
-45.577
-45.6235
-47.0495
-43.5949
-45.4287
-49.9592
-41.6559
-39.7709
-47.4097
-43.0192
-42.1921
-42.4543
-42.3241
-38.8916
-40.9769
-43.1788
-39.0541
-35.4119
-36.7411
-40.1245
-40.1765
-38.0876
-34.5383
-42.5553
-41.743
-42.0141
-43.8975
-45.6802
-36.734
-39.919
-39.4518
-38.5433
-44.2893
-40.7526
-45.0966
-44.1262
-46.6331
-43.2925
-35.3236
-39.0653
-38.3357
-33.7684
-46.0716
-39.9033
-40.09
-36.1563
-37.6794
-41.6903
-39.8597
-41.4482
-34.3585
-44.6979
-39.6415
-34.5375
-42.6226
-40.4791
-37.7724
-42.3639
-39.7413
-39.5643
-42.0654
-41.322
-38.5084
-41.7779
-42.1565
-37.0886
-42.8714
-42.1307
-38.0202
-40.442
-40.6371
-36.208
-37.7703
-39.2666
-33.7729
-41.6581
-37.2839
-34.2941
-35.636
-32.181
-27.765
-38.8918
-41.4452
-47.9937
-52.5107
-31.3533
-38.8103
-32.2065
-38.5923
-41.1875
-32.6913
-32.7517
-30.511
-30.9724
-33.9193
-39.8604
-40.7228
-43.251
-42.5995
-21.8786
-9.99054
-3.67388
-0.683571
5.14529
-2.45747
-1.00322
-16.6589
-11.3915
-8.0589
-10.1508
-4.61454
-16.1448
-1.74479
-11.9676
-28.1165
-9.20299
-15.0514
-10.072
-6.82851
-18.5535
-17.3324
-21.6369
-26.6824
-28.3968
-29.6881
-28.6452
-19.6057
-28.6601
-33.3268
-27.7085
-21.5276
-14.5974
-21.6699
-26.2171
-36.019
-18.5482
-17.1652
-18.6683
-21.2907
-27.1361
-24.5425
-18.9608
-12.8482
-19.6205
-23.5676
-22.024
-19.0268
-27.4879
-30.8475
-28.7032
-27.5188
-27.1647
-21.9466
-27.3813
-9.15378
-14.3053
-15.6445
-19.9955
-23.5098
-23.5478
-10.0068
-10.6837
-13.6115
-16.3671
-12.4815
-18.1169
-17.4455
-5.49601
-6.75126
-15.8371
-16.0346
-19.4587
-21.321
-21.2516
-22.6366
-20.6935
-25.5012
-25.5622
-21.1343
-25.3767
-31.5795
-39.4989
-31.6975
-31.2569
-20.6088
-28.438
-21.1202
-15.7234
-25.8535
-25.6558
-21.064
-20.5662
-31.1978
-20.9142
-36.2283
-30.1402
-20.0884
-28.9024
-18.4153
-28.432
-22.2877
-18.1854
-17.8303
-19.7837
-14.6415
-32.3615
-25.3448
-30.2634
-20.9854
-31.7485
-23.3057
-27.0269
-18.1627
-18.14
-18.4547
-12.0258
-19.6231
-20.3622
-23.7372
-15.7304
-23.0083
-19.9763
-13.7436
-31.9266
-22.778
-26.9578
-27.9317
-22.8305
-22.7496
-19.4149
-22.9633
-23.8621
-15.4862
-17.9291
-14.9616
-21.6359
-18.083
-18.7457
-19.551
-11.7977
-12.2856
-22.6716
-33.9995
-33.4856
-30.0011
-27.6638
-24.0192
-25.1479
-32.9723
-20.6817
-20.3446
-25.8966
-21.2461
-28.0272
-28.2898
-24.9481
-18.0602
-21.367
-23.0872
-30.4957
-19.7082
-21.1265
-23.7609
-29.5668
-20.7442
-21.644
-22.177
-17.4167
-19.3201
-19.7614
-21.5289
-19.7683
-23.6742
-16.2532
-25.3352
-13.3568
-16.0188
-24.2524
-18.871
-20.3821
-19.8149
-21.5771
-28.3781
-21.5302
-27.0057
-21.7326
-12.6227
-22.1936
-27.5804
-20.6715
-17.2075
-15.1911
-13.1403
-21.9107
-20.9471
-28.6165
-22.8884
-24.8517
-24.2349
-19.4472
-26.3834
-25.8081
-24.8566
-21.3271
