-58.9776
-43.1784
-33.9388
-32.079
-24.1472
-28.8726
-32.0522
-28.4083
-21.7985
-36.9019
-22.4351
-32.5456
-33.5827
-49.2447
-31.9538
-43.1821
-53.185
-43.9063
-62.8018
-48.9146
-64.0645
-72.4692
-71.1494
-59.2543
-52.462
-55.6353
-63.1169
-66.8015
-81.8439
-84.9645
-93.8102
-85.237
-89.6259
-88.8918
-95.3819
-91.965
-92.3181
-83.5008
-68.1704
-69.637
-67.6246
-66.5386
-65.0363
-45.3331
-45.3762
-46.1271
-48.9154
-53.5224
-66.6593
-65.6138
-63.2678
-71.6544
-75.1876
-74.5479
-67.909
-60.8618
-55.5109
-54.4599
-43.6833
-50.0684
-58.4557
-63.8523
-52.6827
-55.862
-54.5652
-47.5854
-52.2397
-45.3012
-46.7647
-40.6503
-45.5329
-41.1192
-47.5716
-44.4113
-46.867
-51.2457
-55.9609
-44.0678
-46.5052
-36.5496
-53.9934
-49.1607
-47.8812
-42.0113
-46.3065
-37.2784
-54.7587
-64.2742
-57.8253
-57.7912
-36.4423
-34.2573
-43.0603
-38.9164
-52.7991
-46.6241
-46.174
-59.9534
-49.6879
-41.1809
-50.8016
-58.9671
-58.3957
-53.9462
-53.9871
-54.6124
-53.4222
-58.6575
-59.923
-61.6845
-63.9364
-65.5557
-72.4481
-75.7928
-78.2512
-78.2113
-87.1686
-88.5188
-82.5675
-77.8565
-96.4164
-93.2663
-94.1295
-92.3535
-100.642
-97.6188
-106.535
-94.8642
-88.616
-94.8821
-93.5926
-102.048
-101.753
-103.612
-119.775
-116.751
-100.691
-100.376
-91.2849
-92.5706
-90.3584
-82.813
-82.0889
-87.5922
-88.7475
-100.881
-96.2345
-98.6346
-85.7052
-86.2171
-102.747
-89.1456
-97.3782
-89.6142
-77.1268
-69.7445
-75.3307
-82.8636
-64.6993
-68.338
-77.9332
-63.1601
-64.3063
-77.1787
-65.896
-67.281
-61.279
-63.7207
-66.3143
-59.4008
-72.902
-74.3674
-68.7594
-67.6706
-70.0887
-60.0189
-63.0943
-62.929
-44.4127
-60.4523
-61.098
-57.8584
-56.8908
-66.6136
-66.1725
-72.6565
-71.0582
-61.7742
-72.9963
-67.3715
-78.8326
-78.5238
-57.2598
-68.3947
-65.9072
-70.2675
-67.6034
-68.9597
-67.352
-65.5688
-67.1028
-65.8062
-68.1576
-55.2348
-57.8338
-68.8133
-61.3995
-70.1042
-55.318
-67.5384
-62.9642
-62.276
-70.4036
