-44.3628
-33.4967
-40.7395
-41.2154
-43.2844
-42.1165
-43.5258
-45.7184
-44.1926
-29.4697
-37.9823
-35.305
-33.6667
-36.1916
-31.3599
-28.0336
-36.1129
-35.412
-31.2764
-38.057
-25.854
-33.8974
-39.8256
-24.618
-33.2479
-51.116
-48.5274
-53.0178
-48.8369
-51.0994
-40.7994
-31.9592
-32.0686
-35.5568
-30.801
-40.3715
-51.7925
-46.5077
-44.0712
-35.8075
-37.3566
-33.9363
-38.9281
-34.378
-43.1593
-34.1931
-28.4667
-31.9436
-58.5916
-48.2258
-42.6445
-49.5745
-46.2681
-55.244
-56.8406
-56.1616
-58.7932
-50.2688
-47.3992
-47.6188
-45.2648
-49.3717
-47.015
-50.5857
-43.5185
-42.0861
-42.2872
-38.4156
-45.0119
-44.8165
-39.4074
-30.4747
-33.0639
-39.7971
-36.0051
-39.3393
-34.262
-28.9399
-31.5726
-33.8638
-40.0692
-42.1988
-44.3376
-39.4652
-45.5629
-42.826
-43.1739
-42.7044
-43.7015
-45.0051
-40.4258
-43.6074
-41.2358
-39.0766
-37.6337
-34.8354
-37.1972
-32.3415
-39.5557
-33.7895
-40.0096
-38.6327
-42.1523
-35.8422
-28.0433
-33.6933
-35.2796
-34.8051
-38.3735
-35.5629
-28.9817
-35.2808
-32.3087
-42.5874
-42.9615
-43.9411
-51.7589
-43.5823
-41.9968
-39.162
-41.2384
-43.3469
-42.1184
-42.1307
-45.1459
-41.9946
-40.2042
-42.6315
-43.2245
-49.2105
-43.5011
-47.1825
-45.782
-42.1158
-40.1085
-35.2917
-43.1973
-48.3587
-48.2087
-53.1052
-48.8771
-38.0554
-42.4014
-38.9351
-43.8546
-35.4496
-39.8892
-37.7188
-39.8128
-40.8697
-42.5619
-41.0367
-43.2028
-32.8794
-36.0578
-46.1385
-36.1427
-41.8659
-39.1079
-49.5645
-46.1982
-44.3474
-45.0167
-34.7406
-39.3
-41.8014
-44.5825
-36.8164
-47.6785
-41.4225
-32.598
-39.2565
-47.8147
-33.5475
-21.8346
-32.1835
-47.0745
-51.1253
-30.5044
-38.9615
-17.31
-30.2098
-27.7492
-29.8581
-33.0937
-28.3052
-36.9554
-36.5605
-48.2939
-39.9077
-38.6012
-37.5109
-46.4691
-38.3697
-46.7576
-42.7776
-41.4456
-52.4414
-27.5749
-33.2349
-48.5668
-47.557
-39.0992
-42.7522
-31.9189
-47.6227
-35.0342
-38.148
-38.1929
-40.118
-38.9088
-32.0501
-32.9498
