-8.03752
-24.1972
-30.5807
-18.0805
-24.2077
-26.0072
-22.9804
-26.4768
-21.0189
-17.0383
-24.3228
-22.8848
-19.2081
-20.7546
-23.8659
-11.9955
-15.483
-7.90536
-6.44132
-5.38966
-7.93724
-8.0044
-3.89129
-7.70248
-5.23275
-5.65859
-6.35896
-2.16919
-0.0344511
-0.184189
-0.466641
0.515706
-2.42963
-2.17404
-0.518274
-4.65761
-6.78991
-5.56364
-7.53343
-9.85698
-8.69019
-6.39305
-2.74674
-0.999622
-3.24371
-3.93312
-1.90914
-5.66641
-1.93656
-7.31639
-0.945092
-1.56867
-0.941031
1.47782
0.394008
1.87993
-2.75471
5.90762
1.30168
-2.11004
-5.86156
-6.8264
-4.87289
-1.44839
-1.33283
-0.00851354
0.341551
5.36859
3.68564
5.90397
4.62785
3.69717
3.98663
0.919803
3.61082
5.00084
0.606123
3.82608
4.39607
4.72301
-0.01496
3.94202
3.59535
1.92617
6.24266
3.92287
2.65839
1.35475
2.40982
4.6239
-0.840813
3.38888
-1.42911
5.35833
4.20947
1.9492
0.415266
2.3735
3.56388
-5.49083
-3.06632
-12.9702
-5.5202
0.138071
-9.00778
-18.1081
-17.5847
-11.8342
-3.60946
-3.18483
-7.04041
-0.024982
-9.00142
-7.82821
-3.51576
-3.05134
-5.64374
-2.21612
-8.7158
-7.43974
-2.56148
-6.50571
-4.01976
-8.89486
-8.4888
-3.55282
-1.50508
-3.77048
-1.46091
-9.16532
-5.23963
3.94704
-2.2721
-4.33127
-1.98574
-2.59779
-4.21624
-8.40843
-2.43728
-9.30517
-5.39513
-1.35858
1.22476
-3.81838
-2.51412
-4.2115
-3.42603
-4.85893
-6.39021
-2.38269
-6.80992
-3.08148
-5.90202
-4.1674
-6.76601
-5.09744
-6.77347
-5.16135
-5.74293
-15.2399
-11.1676
-15.9377
-11.9824
-25.1831
-17.1921
-22.0449
-22.6171
-19.114
-20.5325
-16.079
-19.0313
-6.99225
-5.76568
-23.939
-10.1668
-14.977
-16.3267
-14.0078
-18.6493
-10.9305
-7.02519
-12.1657
-14.6523
-13.4796
-5.24626
-3.82985
-4.88584
-10.6748
-9.76668
-11.1441
-17.7861
-13.3955
-20.2044
-13.1878
-18.1276
-12.7127
-15.4609
-14.2376
-22.3773
-22.6524
-20.4908
-19.2248
-15.5258
-18.4054
-17.7778
-16.0845
-18.6866
-22.634
-11.4134
-8.89443
-11.5779
-2.32398
2.10164
