-198.085
-187.865
-174.842
-178.577
-175.583
-182.873
-175.507
-183.373
-171.115
-175.931
-162.738
-147.596
-156.349
-146.633
-141.944
-144.337
-150.265
-153.928
-131.882
-135.462
-241.466
-233.204
-187.161
-197.045
-179.954
-187.761
-214.213
-215.292
-204.53
-209.217
-195.243
-202.224
-200.649
-205.858
-211.936
-212.997
-208.341
-206.648
-178.654
-169.032
-166.599
-162.059
-171.029
-164.585
-155.792
-176.05
-171.252
-148.237
-144.887
-134.856
-154.425
-145.144
-140.787
-130.46
-125.547
-174.821
-183.184
-174.993
-197.616
-205.162
-194.298
-187.571
-184.264
-195.493
-173.869
-173.485
-174.699
-174.134
-187.168
-166.097
-183.831
-180.975
-175.922
-182.852
-177.87
-184.769
-163.912
-182.337
-185.261
-175.102
-169.254
-177
-182.144
-177.754
-183.548
-187.778
-184.836
-176.087
-189.715
-187.881
-195.934
-194.391
-197.561
-188.656
-190.858
-198.838
-184.926
-195.743
-201.139
-202.095
-200.986
-200.136
-200.418
-185.072
-182.465
-211.678
-209.373
-188.178
-172.672
-158.357
-164.51
-161.771
-177.965
-212.764
-200.551
-201.589
-198.058
-201.656
-210.784
-209.877
-206.133
-208.233
-202.049
-212.471
-224.298
-222.283
-221.356
-221.301
-211.461
-218.175
-225.242
-231.108
-210.379
-195.342
-198.129
-191.411
-195.975
-202.481
-204.186
-198.118
-198.61
-177.536
-170.303
-167.466
-191.235
-183.033
-158.609
-173.736
-172.16
-178.711
-173.32
-165.9
-153.932
-150.939
-150.284
-153.652
-153.089
-139.075
-147.126
-147.328
-153.946
-159.609
-153.549
-138.125
-143.31
-143.059
-143.902
-145.479
-135.914
-148.997
-133.978
-136.24
-143
-144.279
-140.485
-141.532
-131.142
-140.083
-135.564
-154.462
-132.4
-137.341
-134.26
-130.132
-137.774
-120.811
-136.447
-137.355
-129.418
-137.055
-140.033
-138.04
-138.526
-146.839
-139.881
-150.089
-141.022
-151.043
-150.679
-139.965
-140.927
-135.608
-147.418
-147.296
-134.944
-145.8
-141.99
-136.971
-147.52
-138.583
-138.224
-131.693
-134.303
-144.447
-138.956
-144.253
-137.334
-144.204
-136.336
-138.321
-137.534
-135.499
-138.088
-126.178
-129.818
-147.306
-149.16
-135.57
-141.485
-142.636
-157.749
-148.382
-134.064
-152.388
-140.147
-134.601
-145.593
-134.397
-134.761
-143.879
-189.487
-182.714
-176.222
-185.143
-185.764
-181.902
-177.794
-177.198
-168.393
-167.657
-164.542
-148.706
-156.986
-140.674
-144.887
-141.873
-142.508
-151.512
-134.425
-138.404
-240.374
-219.153
-187.193
-195.452
-174.896
-186.533
-219.859
-210.953
-212.363
-205.465
-189.818
-197.659
-202.786
-204.798
-207.538
-211.233
-211.664
-201.048
-172.457
-167.841
-166.635
-153.39
-175.608
-161.179
-164.073
-180.092
-161.364
-150.656
-139.282
-135.346
-152.408
-142.272
-136.089
-127.041
-134.762
-181.069
-177.254
-189.006
-191.167
-198.722
-189.134
-179.582
-195.667
-191.91
-180.326
-171.398
-176.672
-179.306
-184.167
-159.267
-185.101
-181.289
-170.412
-174.503
-174.18
-169.574
-173.923
-176.613
-179.949
-169.968
-178.334
-184.347
-191.202
-177.584
-191.265
-192.265
-184.77
-181.892
-194.487
-190.042
-199.074
-196.88
-200.929
-189.923
-192.691
-205.193
-189.321
-199.874
-203.005
-204.853
-201.902
-202.47
-203.58
-189.316
-185.058
-216.89
-215.594
-187.082
-178.01
-162.87
-173.455
-168.872
-191.286
-219.891
-210.789
-207.924
-208.101
-217.744
-217.006
-211.879
-211.256
-202.906
-210.332
-219.922
-227.551
-230.926
-236.122
-226.551
-212.563
-226.676
-233.909
-229.792
-212.267
-198.693
-207.961
-193.222
-205.232
-204.79
-206.983
-201.013
-203.238
-170.854
-177.067
-163.496
-191.043
-170.961
-158.026
-175.115
-174.205
-174.917
-170.659
-164.235
-148.636
-149.58
-145.144
-155.503
-150.532
-139.81
-141.863
-158.896
-149.641
-159.159
-152.715
-142.487
-145.005
-143.636
-147.101
-140.576
-140.61
-142.557
-136.239
-128.357
-143.685
-139.237
-134.87
-142.141
-130.366
-134.167
-140.001
-147.162
-131.068
-139.44
-134.043
-130.803
-135.051
-117.819
-141.177
-140.889
-128.9
-136.846
-151.234
-134.308
-146.211
-146.741
-138.949
-147.429
-136.227
-145.953
-152.026
-133.961
-140.158
-135.26
-141.083
-152.902
-138.524
-144.796
-140.237
-142.949
-141.228
-135.96
-127.912
-137.409
-131.671
-143.595
-140.684
-142.186
-135.036
-146.81
-135.749
-142.008
-142.422
-132.2
-144.422
-124.228
-134.215
-150.576
-145.988
-138.257
-137.503
-147.469
-157.81
-145.533
-136.456
-147.68
-135.049
-136.599
-146.979
-135.957
-136.716
-179.909
-179.24
-169.308
-173.878
-183.2
-194.086
-185.03
-180.952
-171.597
-166.346
-157.708
-161.687
-146.807
-155.204
-140.696
-143.71
-142.742
-147.107
-141.621
-138.189
-186.452
-235.846
-199.579
-188.146
-194.806
-180.036
-190.878
-216.589
-204.16
-219.528
-206.039
-197.161
-194.946
-204.217
-210.273
-206.906
-203.995
-211.644
-194.794
-174.203
-165.436
-170.849
-157.278
-168.976
-159.659
-162.934
-181.493
-159.185
-150.581
-138.758
-138.765
-146.573
-147.403
-134.637
-120.781
-152.263
-187.022
-173.351
-195.29
-191.857
-187.21
-189.036
-177.847
-197.865
-185.272
-187.409
-179.105
-179.182
-185.568
-182.082
-170.006
-184.379
-184.019
-174.193
-173.049
-180.272
-161.675
-179.813
-175.989
-179.623
-167.657
-180.098
-182.516
-188.634
-175.317
-187.147
-193.83
-181.81
-181.255
-190.333
-188.774
-197.545
-193.903
-196.69
-189.593
-189.534
-199.505
-188.743
-198.566
-199.037
-203.198
-196.904
-200.824
-201.23
-190.205
-186.02
-215.678
-210.415
-183.33
-174.321
-160.704
-172.286
-170.639
-199.199
-215.502
-214.709
-210.08
-211.507
-221.908
-219.618
-212.659
-212.444
-201.779
-217.078
-228.018
-231
-235.14
-228.42
-228.318
-214.271
-228.404
-238.61
-228.016
-210.403
-200.751
-208.3
-194.331
-208.425
-203.971
-206.28
-204.041
-201.19
-168.965
-178.748
-174.717
-192.505
-167.303
-155.736
-174.09
-179.163
-176.883
-168.343
-161.847
-148.656
-146.837
-147.969
-155.02
-147.769
-139.751
-138.756
-158.84
-149.632
-159.453
-147.966
-143.852
-147.385
-144.012
-150.375
-141.514
-145.731
-142.708
-134.537
-134.347
-146.292
-134.229
-137.172
-143.891
-134.285
-136.211
-143.376
-137.372
-134.64
-141.22
-137.891
-132.835
-129.719
-126.59
-140.101
-135.953
-130.486
-136.899
-151.561
-137.07
-147.752
-145.174
-142.114
-150.32
-143.536
-139.54
-154.113
-145.115
-145.95
-136.187
-139.201
-151.436
-146.42
-149.663
-143.02
-148.271
-143.727
-139.876
-126.437
-141.831
-138.79
-140.584
-146.754
-141.772
-133.266
-149.25
-131.939
-145.596
-143.652
-132.232
-139.874
-126.54
-142.448
-146.915
-135.601
-143.805
-136.085
-150.601
-154.507
-141.603
-141.055
-146.487
-130.921
-137.737
-145.263
-135.526
-138.554
-195.378
-178.735
-164.273
-171.025
-175.18
-189.447
-182.556
-184.055
-170.838
-177.106
-160.483
-151.658
-148.698
-149.066
-143.614
-146.091
-149.904
-152.364
-134.228
-137.426
-226.817
-232.661
-192.166
-193.412
-191.373
-184.269
-200.654
-212.392
-199.323
-214.969
-203.889
-202.962
-199.466
-203.691
-211.476
-210.052
-205.691
-213.438
-186.824
-174.057
-167.142
-161.892
-165.34
-159.339
-152.669
-163.59
-177.027
-152.181
-146.789
-135.936
-143.707
-145.479
-144.428
-133.035
-120.33
-168.497
-187.092
-178.232
-198.499
-201.575
-187.811
-184.126
-174.016
-197.064
-180.533
-180.614
-177.505
-175.939
-186.742
-175.071
-177.361
-182.573
-182.298
-182.02
-175.017
-185.748
-159.364
-180.743
-184.278
-179.16
-167.521
-178.566
-177.262
-180.892
-177.128
-183.199
-192.018
-174.879
-184.675
-186.108
-190.003
-192.666
-190.866
-187.255
-180.135
-187.953
-185.697
-187.789
-194.14
-192.797
-196.456
-190.978
-196.848
-188.966
-186.029
-191.089
-210.292
-199.722
-175.069
-165.156
-160.761
-164.991
-166.798
-207.049
-203.56
-207.522
-205.17
-209.942
-221.111
-217.635
-210.878
-212.444
-202.299
-217.518
-229.597
-229.428
-232.68
-226.455
-221.728
-213.764
-225.703
-240.349
-223.407
-206.187
-199.88
-198.445
-192.558
-202.038
-199.225
-199.254
-197.052
-192.572
-170.564
-176.349
-187.322
-193.288
-160.042
-166.496
-169.07
-178.211
-182.023
-167.533
-160.954
-150.19
-147.37
-153.466
-155.764
-140.536
-142.834
-143.161
-154.61
-154.337
-155.671
-143.021
-145.21
-147.417
-139.17
-147.658
-135.63
-148.146
-139.338
-131.606
-139.663
-148.741
-134.578
-138.979
-136.452
-143.084
-135.641
-149.1
-132.202
-133.955
-138.553
-137.898
-133.232
-123.496
-130.45
-135.946
-126.206
-139.763
-134.907
-148.784
-137.722
-147.884
-141.784
-144.751
-147.814
-151.224
-146.283
-147.188
-144.971
-138.029
-139.256
-138.318
-140.411
-146.961
-146.592
-134.842
-146.981
-139.162
-138.656
-126.7
-139.843
-146.197
-143.755
-146.46
-142.257
-137.211
-141.742
-131.732
-139.323
-143.967
-134.43
-133.523
-126.444
-145.532
-146.623
-133.952
-141.995
-136.097
-156.052
-150.968
-137.09
-147.177
-146.501
-132.827
-143.168
-140.386
-135.463
-134.654
-196.372
-187.865
-174.842
-178.577
-175.583
-182.873
-175.507
-183.373
-171.115
-175.931
-162.738
-147.596
-156.349
-145.076
