-46.5143
-51.594
-45.2479
-30.0755
-34.2091
-28.5571
-27.4955
-41.5521
-35.6876
-34.1917
-49.3073
-51.2104
-40.8307
-48.62
-38.98
-28.663
-36.8483
-28.8886
-20.0566
-22.1622
-29.9354
-35.4345
-25.9866
-42.8106
-44.8374
-43.5029
-39.1644
-57.5223
-57.4293
-54.9002
-52.6563
-50.6811
-38.5694
-33.8232
-35.6024
-23.128
-27.9803
-27.3027
-25.3596
-21.0625
-17.0633
-13.8276
-24.6884
-29.1741
-24.6549
-23.6682
-15.0085
-14.4481
-25.9323
-15.2182
-22.7984
-32.3498
-23.6242
-21.4301
-27.8892
-26.7459
-25.4133
-19.3039
-11.416
-25.0828
-26.4555
-25.1103
-28.6749
-33.3728
-28.311
-29.3688
-34.382
-32.4648
-28.9431
-35.7592
-37.8878
-25.4417
-21.4077
-24.7902
-33.9616
-30.1809
-29.4162
-27.4406
-29.9404
-34.7476
-30.1956
-21.4274
-28.2586
-23.703
-35.1973
-28.1062
-30.5699
-22.8853
-28.8595
-27.3201
-30.1029
-35.7182
-24.7184
-34.6707
-25.1757
-21.2015
-22.4812
-19.6121
-30.2296
-33.1777
-43.6702
-24.7072
-41.4238
-34.6086
-29.52
-23.8888
-35.1984
-34.3791
-19.4825
-17.7976
-28.7503
-28.8581
-40.9776
-34.0862
-25.612
-22.4678
-38.5338
-32.4794
-35.1373
-18.5321
-27.079
-27.1898
-38.5846
-32.9649
-31.5341
-30.8161
-17.7776
-35.1513
-31.9562
-41.0001
-41.9882
-31.5406
-34.0169
-37.9171
-27.4371
-27.6722
-36.6943
-48.4162
-48.6786
-50.0292
-31.1916
-30.0216
-34.1055
-32.7993
-41.3646
-34.9541
-33.6019
-43.9317
-50.1285
-42.4534
-44.0638
-39.0087
-32.2339
-30.0925
-34.3669
-17.6231
-25.7196
-32.0369
-31.6255
-28.4898
-38.563
-45.9444
-41.3694
-39.6504
-61.2125
-62.9739
-51.284
-54.4569
-45.596
-33.8775
-33.3243
-41.7057
-24.812
-26.5953
-27.395
-24.8102
-15.9401
-16.9872
-11.2
-23.3188
-33.4963
-20.8694
-22.5731
-17.4493
-17.3224
-26.2645
-24.789
-18.6821
-33.6101
-27.623
-20.5725
-27.8643
-21.2329
-27.5115
-13.8431
-15.3298
-21.8389
-27.5359
-24.7375
-28.2765
-32.619
-30.1323
-33.1078
-30.9082
-26.233
-35.2031
-36.5082
-37.2334
-23.9709
-19.7545
-27.836
-32.5386
-26.4792
-25.9692
-28.3863
-29.6354
-41.1771
-20.1633
-26.1293
-32.4917
-32.573
-37.324
-33.6168
-28.6289
-22.1856
-30.3421
-31.0234
-26.4168
-41.2924
-23.2829
-29.0754
-31.2693
-24.2538
-24.6207
-20.9812
-32.5545
-34.3872
-38.378
-24.4106
-33.2276
-32.2385
-29.6289
-27.2748
-36.8883
-34.277
-17.1434
-20.7633
-28.2167
-30.2512
-43.9118
-26.4989
-26.6891
-27.5192
-26.2919
-34.8472
-31.0597
-24.2317
-27.7906
-29.465
-35.1222
-30.228
-27.3649
-28.189
-22.7787
-38.5503
-28.6263
-38.6689
-32.3881
-33.0195
-32.7442
-31.3246
-22.8305
-31.3381
-38.8735
-48.6549
-47.474
-46.7305
-35.4878
-30.1257
-32.3356
-31.6307
-42.4398
-37.7269
-37.649
-42.8639
-46.2793
-43.3861
-44.1263
-42.6049
-36.1545
-22.8547
-37.6625
-21.3415
-29.2955
-28.1354
-27.059
-37.7902
-35.6848
-46.2287
-38.4298
-47.143
-59.7141
-62.876
-52.7836
-50.3645
-36.3743
-28.1408
-31.9414
-39.6121
-26.0915
-27.0237
-28.1671
-24.993
-22.2657
-19.2262
-19.3822
-23.6623
-27.3019
-22.3213
-21.9035
-14.3273
-19.3337
-21.8199
-29.7596
-17.8692
-29.6908
-29.3334
-18.2674
-31.4211
-24.4496
-25.2399
-9.41486
-22.4638
-21.711
-22.4137
-29.0804
-26.9479
-22.2645
-32.263
-30.6072
-28.7892
-25.399
-38.5537
-40.4486
-33.3157
-18.9649
-18.6431
-32.3015
-31.6919
-30.3621
-25.2928
-26.6684
-31.8556
-38.4768
-13.1693
-19.223
-26.5004
-38.5853
-32.2156
-42.1422
-31.011
-25.0203
-27.3237
-40.8174
-24.6168
-41.3909
-26.6736
-24.367
-32.8837
-27.1631
-23.1054
-19.1944
-28.6233
-35.8299
-30.1647
-28.1455
-27.9339
-39.2986
-27.9927
-27.8425
-32.429
-32.245
-17.071
-25.0558
-27.3884
-35.041
-39.9692
-25.6889
-26.1011
-31.2907
-23.7144
-33.3894
-29.6618
-23.4913
-25.6856
-32.8155
-35.0456
-34.8229
-26.0864
-30.0747
-24.6531
-37.0816
-32.6074
-40.311
-24.1532
-35.7784
-33.079
-28.7732
-24.6465
-37.2098
-45.8696
-47.8497
-44.4778
-36.1312
-38.1669
-27.2681
-27.5816
-36.456
-39.1554
-35.583
-44.2994
-46.69
-41.8666
-48.885
-44.7737
-35.0992
-35.9562
-28.3996
-30.2616
-21.1616
-30.7727
-28.3128
-22.4058
-38.3679
-39.6322
-47.3705
-37.0696
-46.5514
-57.2421
-56.7364
-52.8252
-48.24
-37.9022
-24.2631
-34.9203
-27.7883
-26.6109
-32.3782
-27.1899
-23.957
-20.7238
-19.1863
-23.1835
-24.8862
-20.544
-25.3531
-12.5916
-13.753
-24.1966
-15.9552
-28.5175
-20.6028
-24.6577
-25.298
-20.4031
-31.6747
-25.3003
-24.6121
-12.4885
-25.5039
-23.5947
-21.4246
-30.956
-29.1302
-22.6721
-33.262
-31.9015
-34.5034
-28.3491
-39.3316
-40.5101
-25.8078
-18.4402
-22.6674
-33.8526
-30.1366
-30.7023
-36.5327
