-8.98414
-5.65584
-13.2991
-12.8495
-16.1319
-15.7008
-3.72044
4.27432
-6.28295
10.311
6.40849
10.188
18.7588
16.5994
16.8214
23.7785
12.894
23.9646
19.5995
21.8258
16.9256
15.3214
15.1803
12.3951
8.9634
16.4872
11.1012
14.0618
17.7909
13.1698
15.9273
19.3495
25.646
28.2243
31.4845
29.4034
28.6022
33.0038
27.9524
35.9109
27.8287
32.0256
30.4262
29.4122
26.5061
25.8124
21.0357
26.4627
24.1166
20.0749
20.0512
26.5735
28.8005
31.3057
29.9235
23.8567
25.6085
22.8862
23.7766
22.1646
26.49
26.1084
26.6325
25.506
28.0483
24.1893
25.3306
24.1005
26.1096
30.7752
24.2637
14.0665
17.8764
24.8303
-2.87628
-23.4559
-26.5519
-29.2514
-27.425
-25.4861
-30.9228
-29.4379
-27.8395
-23.9304
-28.0344
-25.559
1.24477
-6.04011
-6.06079
-6.53504
-8.68313
-5.34989
-2.68869
3.25202
-6.92215
-2.55201
-2.43077
-3.29703
1.90892
-4.92076
-0.99464
0.885156
0.512511
-1.93633
-2.99925
-3.94061
-5.11071
14.1164
12.6464
14.7824
13.2177
12.4263
20.1937
7.18813
16.811
-0.918388
12.2669
1.80405
-15.1038
-20.8449
-12.4008
-16.8508
-16.5231
-10.2371
-4.09716
4.03819
5.26425
-2.73445
-0.234396
-9.13591
-17.0602
-15.561
-12.1735
-18.7953
-16.734
-17.1189
-16.2708
-15.9885
-14.794
-7.73281
-15.7779
-17.3951
-14.6702
-9.7489
-9.89141
-13.3649
-13.2673
-11.5926
-12.6584
-17.2061
-17.9357
-18.3051
-19.7136
-18.7316
-11.9909
-13.1471
-14.5096
-11.6063
-13.7661
-8.87413
-13.5231
-14.7869
-12.3056
-13.0662
-18.5324
-9.9773
-12.1503
-10.6208
-10.3393
-11.5953
-12.9092
-6.46871
-10.4159
-13.1204
-13.2111
-8.60138
-11.8077
-8.57944
-12.5594
-11.4548
-12.5242
-12.0916
-11.1282
-9.56913
-15.9124
-10.3372
-15.3509
-9.55594
-11.9771
-12.702
-10.6113
-11.4402
-9.51104
-11.864
-17.9807
-14.1961
-12.3082
-11.286
-6.74904
-11.0022
-12.0517
-7.96649
-7.04533
-9.38485
-10.502
-11.8605
-7.20871
-6.34769
-8.6276
-4.9664
-7.22082
-5.05239
-6.12477
-4.20414
-5.51301
-5.64136
-6.09667
-5.74351
-3.27974
-4.85929
-7.32523
-9.40018
-11.5222
-8.95259
-3.90206
-6.67427
-7.62232
-10.6744
-9.34084
-11.5057
-10.943
-12.4935
-13.9217
-14.6415
-13.8157
-15.5916
-15.3028
-19.3188
-13.8746
-15.6215
-13.9518
-13.2217
-13.6155
-15.1807
-11.3189
-11.953
-13.0597
-16.2335
-12.7425
-12.6049
-9.3862
-17.1395
-16.8008
-10.4087
-9.11496
-1.59524
-5.11184
-4.24742
-10.3354
-12.0029
-9.77931
-11.774
-3.77937
-36.3621
-30.4709
-39.7204
-38.4411
-31.555
-40.6295
-42.3478
-42.1985
-39.6692
-41.9835
-42.9746
-46.9436
-48.5794
-44.8711
-36.4057
-42.109
-41.628
-40.7062
-41.0034
-40.1805
-47.2476
-47.6992
-45.7609
-48.311
-47.1459
-42.6543
-37.913
-40.5629
-34.4574
-30.6915
-39.6489
-34.8413
-35.842
-34.4581
-34.6807
-41.3675
-51.2551
-41.645
-46.9755
-42.8686
-40.8108
-39.3222
-47.8899
-48.51
-43.7018
-41.5136
-40.4746
-35.1824
-33.5414
-29.021
-28.9347
-29.4632
-35.3093
-31.4934
-41.1357
-46.6619
-45.0757
-48.2791
-47.3344
-47.2239
-40.5618
-41.4219
-42.2442
-38.6689
-35.2516
-31.5358
-36.5553
-35.8039
-34.0597
-38.4775
-39.7726
-41.2262
-35.201
-34.8647
-34.5102
-39.5523
-40.34
-39.2198
-31.0284
-33.1769
-29.1427
-23.8231
-25.3046
-27.9864
-34.9855
-32.7473
-33.3042
-20.3402
-25.9951
-29.1015
-25.2454
-12.8388
-16.5206
-18.5377
-15.1266
-12.547
-12.2864
-11.2205
-11.5836
-6.55152
-17.9298
-11.9246
-9.9438
-4.24139
-2.82073
-6.31998
-8.06514
-8.94495
-14.1908
-12.6319
-12.787
-16.0389
-9.41907
-13.6034
-10.4987
-14.7063
-12.9471
-11.3319
-7.6114
-11.8093
-19.2088
-14.5849
-12.6119
-15.2231
-10.6863
-7.93795
-10.1699
-7.27142
-10.7202
-12.8225
-10.0882
-10.6008
-11.1244
-5.2594
-1.94917
8.72987
-1.97426
-3.11098
-0.804312
-0.748621
-1.77711
2.15275
-1.13678
-1.65999
-1.20193
-1.40564
-5.07854
-5.7371
-11.8713
-9.13393
-8.81211
-10.4639
-9.18042
-11.6933
-15.7019
-11.1742
-8.83207
-8.80634
-12.0286
-7.6673
-12.6774
-8.76685
-17.4709
-20.4389
-7.51287
-11.3089
3.9666
28.4311
22.5101
10.981
-9.14969
-13.2814
-6.66221
-20.6789
-25.8286
-29.7913
-18.6292
-20.1068
-31.4364
-18.5443
-21.0984
-18.8708
-15.828
-11.8622
-8.73673
-8.90678
-0.0861874
-4.33359
2.80128
-14.7068
-9.43361
2.52333
-4.88867
-3.34934
-3.63594
7.24457
-4.89096
1.73715
7.32064
-8.09294
-2.56685
-8.59596
-5.99171
6.20736
-0.263099
3.11374
0.33336
-4.24544
-7.65064
-0.96022
1.31065
-3.37127
7.9774
-8.86302
-0.527974
-7.85927
-6.9119
-11.4587
-1.03716
-7.88636
-19.4225
-15.8989
-3.41477
-2.99616
-4.38614
-6.49694
6.14092
-1.64017
-12.0116
-24.315
-18.4546
-24.2071
-19.7642
-13.2786
-13.3117
-4.84014
1.23933
-4.11169
4.04797
7.43078
6.52489
-9.55279
1.31923
-1.57806
-12.394
-22.0953
-15.9622
-24.6922
-17.6994
-20.396
-18.948
-18.477
-7.22961
-10.9468
-11.2642
-19.7965
-11.428
-10.3537
-5.978
-22.5412
-21.6258
-23.4262
-33.8514
-27.5424
-28.2758
-25.4925
-27.1993
-25.049
-25.587
-23.5124
-26.0256
-29.9327
-33.1465
-34.446
-30.5878
-31.9921
-28.6147
-28.0429
-30.7232
-27.1118
-31.468
-28.9339
-29.4427
-27.7911
-26.536
-29.1465
-29.3956
-31.4612
-32.4352
-30.9252
-30.6029
-27.7502
-26.1456
-33.0539
-33.9069
-33.9709
-36.4456
-33.4604
-27.9839
-33.2504
-33.6674
-35.1261
-33.4438
-38.1557
-44.3842
-43.3021
-42.7432
-43.3076
-38.3579
-50.7018
-38.7874
-47.2514
-49.6456
-42.6228
-41.9484
-46.3986
-10.6675
-4.11878
11.3138
1.25201
-0.324105
1.31114
10.7206
-6.51685
8.33201
2.13154
-1.33205
3.74163
-5.46136
-7.48603
-2.08993
-7.72227
-2.82081
-5.78608
-4.97316
-3.27225
-2.12988
-5.85271
-4.94844
-8.10468
-18.1181
-15.9873
-14.7804
-15.5915
-7.14742
-15.9332
-14.9073
-11.3043
-13.7591
-10.3819
-4.18268
-8.26928
-9.65245
-11.339
-12.3183
-7.67999
-10.5892
-10.1214
-6.04628
-4.50378
-4.01413
-3.10528
-10.9707
-4.55504
-5.46417
-5.14225
-5.24735
-3.70792
-5.13488
-2.14947
-0.089066
-1.82752
0.693129
1.46235
2.48466
2.12458
-1.21992
3.05319
3.59361
2.6431
1.90864
4.4584
0.206031
1.84988
3.32798
-2.35816
-1.49921
3.82836
-1.10142
5.14184
-0.388153
1.6062
2.54779
0.770531
3.32888
3.39275
4.4418
0.320339
-0.124646
-0.910528
2.54508
2.29857
0.241525
-0.189786
1.4549
-1.87279
0.130512
3.66376
-3.59656
-2.91141
-5.56518
-1.47841
-6.07554
-3.12208
-5.50009
-5.46791
-5.83894
-11.0989
-9.05981
-10.3516
-10.2894
-9.16974
-8.0586
-7.54507
-5.31391
-6.46994
-4.41123
-9.5245
-22.1963
-26.8389
-26.2138
-21.7358
-20.795
-17.7023
-15.7394
-17.9015
-16.281
-12.5588
-13.1767
5.75695
4.008
0.968274
-11.8379
-20.1758
-18.3787
-4.8156
-7.51293
-6.91453
-6.78082
-7.77229
-5.13698
-5.05826
-0.537947
5.9895
6.97323
14.61
12.5833
7.47764
4.80735
-3.66447
-5.34934
-5.72811
-9.24249
-10.6632
-10.5417
-2.751
-0.750747
2.07274
0.58487
-1.24499
-0.231219
5.33734
9.88558
6.13176
1.13015
2.96125
2.7702
-1.36209
-7.48531
-5.31867
-9.83984
-11.5934
-11.7377
-11.1233
-12.7667
-14.5764
-12.239
-15.8345
-9.46574
-15.8612
-11.5464
-13.1583
-14.1059
-13.9518
-15.8239
-12.4976
-14.5197
-14.4703
-14.5016
-13.2751
-9.96411
-7.95909
-12.2475
-12.7296
-14.103
-10.5922
-10.5295
-15.7776
-14.5311
-14.0014
-12.6671
-14.3792
-9.61946
-12.3465
-11.5361
-11.657
-14.6371
-13.6889
-12.8877
-16.7134
-15.0318
-12.9277
-13.8932
-14.979
-14.0046
-16.7355
-18.0215
-18.9651
-17.5126
-14.3603
-15.2621
-15.1171
-14.6606
-17.4041
-16.9421
-13.5393
-13.3535
-13.8113
-17.203
-15.9997
-16.0959
-13.9069
-15.0442
-15.7382
-16.7973
-19.139
-18.4817
-16.3989
-12.7683
-12.0708
-1.54224
8.42449
8.5917
10.4964
6.82374
11.1045
8.41711
13.5931
9.247
11.7425
18.4367
17.5452
20.2404
17.4675
14.4178
14.4642
17.3487
18.6086
16.9816
8.79277
10.8694
14.5791
15.3646
9.32305
16.3959
19.0116
7.41371
18.7154
17.616
21.1653
19.4102
29.9929
20.8933
17.8622
20.3141
20.0087
16.2087
16.8826
17.1783
21.9051
26.587
21.4369
11.8265
15.5915
19.4003
9.95223
16.9804
18.0232
15.0549
28.0015
25.523
23.4987
14.5305
16.5389
18.9188
25.8471
17.258
16.7422
13.2039
22.1038
25.3791
21.1766
20.237
20.056
24.115
25.2568
16.8566
12.1009
12.4963
16.3524
18.7724
18.0881
19.3823
20.1227
20.7059
13.3043
22.3006
23.4919
22.6223
26.4807
27.6451
20.5037
16.9489
14.548
12.6711
11.8767
14.311
9.92254
14.5398
16.8476
22.5831
23.1566
22.6905
20.2465
21.7494
26.2732
30.0282
19.5195
17.4828
13.5398
12.2683
15.5652
16.6756
15.6666
13.0066
14.8668
15.4613
18.8615
13.3633
15.7826
14.0423
14.8012
17.242
11.0491
7.16195
3.57833
-8.86853
-1.01153
-15.1329
-20.1642
-9.81641
-8.59434
-4.09245
-10.0718
-9.25527
-11.2362
-4.50181
-7.54333
5.16451
-3.82083
-20.7811
-12.7387
-9.09791
-14.1176
-13.4165
-21.8652
-23.1021
-28.8494
-26.9143
-24.5072
-23.3875
-21.7001
-25.7417
-21.4749
-28.4244
-27.4575
-24.4396
-26.4219
-32.6831
-37.9508
-32.8811
-28.8889
-30.0141
-27.6441
-30.1523
-24.06
-23.0161
-16.297
-11.511
-4.73977
-17.9418
-12.5421
-7.14576
-13.6691
-9.96842
-8.17378
-9.77773
-10.4991
-20.3596
-14.0698
-20.8606
-15.5598
-21.3675
-20.8521
-20.966
-21.1608
-25.8751
-26.7442
-30.1213
-26.1787
-26.4108
-27.1481
-28.1534
-27.9879
-29.2987
-27.7558
-26.9151
-26.9818
-24.6342
-24.9419
-20.714
-22.758
-17.7254
-17.3751
-15.0265
-17.672
-16.9178
-20.0154
-22.3429
-23.4422
-24.5748
-20.3607
-23.7078
-22.4188
-21.0424
-19.7536
-21.4509
-19.3606
-22.9261
-16.8715
-17.5475
-20.3135
-12.5354
-18.8742
-19.3556
-19.9361
-21.6812
-15.6918
-16.5331
-18.0258
-14.9954
-15.4127
-14.5516
-12.8983
-20.8114
-18.4139
-9.69149
-17.7976
-14.3334
-19.9923
-22.24
-4.37796
-6.97705
-4.88453
7.68002
14.7592
18.3458
20.3587
1.69118
-15.6271
-8.99412
-10.2277
-8.49904
-6.80171
-10.3696
-8.02034
-5.37704
-6.03167
-7.94763
-6.96005
-8.25179
-8.81512
-13.5218
-3.40029
-5.92491
-2.09445
-3.15275
-5.8784
-7.27586
-7.8828
-10.0692
-6.47363
-4.02186
-4.97244
-6.419
-9.39067
-8.31987
-9.48999
-9.72341
-5.63555
-8.76875
-7.37684
-6.99064
-7.1163
-7.53411
-2.75989
-7.03883
-7.81083
-9.63762
-8.45334
-4.9778
-9.12051
-9.53031
-9.77442
-13.4343
-9.59116
-22.0058
