-39.3139
-33.8756
-28.3493
-31.8971
-31.6529
-30.1998
-26.1162
-30.893
-25.338
-31.3888
-38.2345
-32.0762
-22.1049
-28.9949
-25.6449
-34.2031
-29.1312
-34.5956
-35.3827
-33.2348
-31.7474
-37.8848
-37.7156
-33.3091
-45.3778
-19.6593
-33.5049
-37.4245
-44.5289
-38.3505
-41.7717
-46.8942
-48.5394
-40.9675
-47.2074
-51.2395
-36.8409
-38.9841
-46.6366
-41.1458
-38.9669
-36.2298
-40.0611
-39.3462
-35.2083
-36.7696
-36.8543
-48.9177
-36.3546
-27.5646
-34.7621
-28.4873
-22.6961
-25.0228
-21.6499
-28.3108
-7.00281
-11.1974
-12.4662
-23.2706
-22.8442
-28.2645
-26.4741
-33.54
-31.3512
-35.5143
-36.4103
-38.3372
-38.9271
-37.2946
-36.7406
-39.2518
-33.5996
-38.3811
-34.2827
-36.8992
-26.9752
-31.1354
-31.8247
-27.9306
-32.3419
-33.2041
-33.7835
-33.6345
-33.0214
-30.3873
-34.6245
-37.6598
-38.9179
-36.1237
-38.3726
-36.6558
-33.5907
-36.5201
-39.4433
-37.3995
-40.6216
-38.4132
-39.5044
-40.1469
-41.1845
-42.6841
-40.1759
-40.5402
-38.9659
-45.2316
-40.8446
-36.5789
-34.8006
-32.9437
-33.2366
-33.6617
-29.4827
-38.2918
-29.1029
-31.976
-30.6548
-37.6127
-32.0785
-27.6982
-32.6087
-34.2193
-31.362
-35.9827
-38.373
-29.728
-23.4845
-24.0649
-22.846
-21.1745
-24.1525
-33.6387
-24.0283
-25.4044
-21.1899
-20.0776
-21.7795
-25.9772
-25.1601
-23.6003
-33.6903
-24.1824
-25.1515
-24.7841
-26.0839
-33.1234
-27.1374
-35.2279
-44.9778
-37.0553
-42.6737
-30.4654
-31.4583
-40.202
-25.4887
-34.029
-34.2114
-33.8984
-21.0592
-33.2272
-42.8285
-37.0862
-33.0167
-46.3973
-23.0101
-19.0797
-32.1453
-39.698
-32.6693
-40.0331
-25.6899
-36.5067
-35.2769
-28.8125
-28.5379
-38.6391
-30.789
-17.6302
-40.0396
-25.7953
-33.051
-29.6621
-28.5976
-34.9397
-38.4663
-42.9597
-39.3245
-36.0918
-28.3579
-36.5394
-24.6178
-28.4681
-22.2173
-31.3862
-36.3271
-34.8164
-38.9152
-18.7562
-34.2667
-34.0558
-26.6187
-23.1617
-21.6046
-28.6146
-40.0392
-19.3787
-26.3511
-28.002
-28.0408
-16.0492
-27.7597
-34.1594
-20.94
-29.9714
-26.6455
-31.4484
-35.9159
-29.4526
-39.2945
-35.7539
-29.7901
-27.5137
-24.5443
-27.1701
-18.4955
-27.624
-30.0954
-29.2525
-30.4259
-28.7506
-24.7449
-28.78
-30.7826
-32.1891
-28.8184
-23.5127
-28.3131
-29.7707
-23.0356
-33.3989
-39.5519
-35.0667
-29.4374
-29.3503
-27.6942
-28.3754
-29.2079
-32.4558
-19.3077
-33.4146
-26.9943
-33.9586
-21.5417
-33.4193
-25.8618
-42.8487
-21.5996
-35.1469
-31.2242
-27.9939
-33.937
-38.1402
-34.4046
-30.5949
-44.4632
-23.2294
-34.6749
-37.1197
-47.1313
-37.3729
-40.1834
-44.3862
-47.7916
-43.8773
-48.559
-47.1329
-36.3118
-41.0866
-45.6122
-38.691
-36.2519
-34.8041
-45.0285
-45.6801
-26.7332
-38.5781
-34.7557
-43.152
-32.905
-31.3009
-36.8838
-29.9356
-27.9965
-25.8484
-21.6322
-21.7747
-9.3101
-14.112
-15.088
-22.4354
-19.221
-29.2642
-26.8921
-33.0552
-29.5141
-30.3885
-36.236
-38.3048
-40.1808
-32.159
-35.9771
-35.7248
-35.5965
-37.0872
-36.3374
-38.498
-32.6822
-36.3294
-37.0253
-31.0342
-34.2491
-36.2014
-36.6211
-33.4187
-35.9763
-33.6298
-31.6473
-38.2313
-39.2605
-37.7469
-37.5109
-36.3678
-33.7129
-32.3962
-39.0213
-38.4209
-41.4601
-35.2501
-39.4687
-38.0798
-39.5708
-41.8768
-39.8121
-39.6011
-36.4972
-45.4988
-45.0783
-33.1508
-39.1981
-34.4898
-33.2336
-31.8598
-27.5429
-38.5013
-33.3611
-34.6335
-31.3525
-36.3295
-33.8696
-36.556
-33.7214
-39.0817
-34.3022
-39.1665
-30.2522
-26.7838
-31.296
-28.6933
-20.1975
-20.6292
-23.963
-24.97
-24.6775
-24.2237
-26.8827
-19.8029
-24.1762
-26.8356
-25.4051
-27.8372
-34.1403
-26.7462
-25.3994
-24.2793
-30.133
-23.4656
-23.0802
-31.4769
-41.3876
-38.709
-38.5831
-31.2836
-34.9508
-34.4031
-26.203
-34.2542
-30.2622
-27.4905
-29.1651
-31.3174
-42.261
-29.2007
-33.4517
-44.646
-16.0522
-30.251
-29.2399
-41.3148
-28.0379
-40.7088
-27.8224
-31.0911
-31.0078
-31.8365
-39.277
-35.6452
-23.6597
-23.4953
-33.59
-20.3997
-31.7946
-29.8813
-28.8986
-32.7799
-40.5954
-42.853
-38.6939
-32.4073
-31.045
-40.5296
-16.5159
-24.8103
-32.5509
-22.6797
-41.1233
-32.1447
-36.1715
-19.2314
-37.6388
-35.4409
-23.8077
-30.4455
-24.9639
-32.4051
-35.8795
-24.2602
-28.5845
-27.2782
-30.6617
-18.7499
-35.4883
-32.716
-24.1897
-32.4688
-31.0468
-31.3963
-29.7557
-35.0639
-38.7636
-29.6771
-28.8774
-25.5975
-18.4252
-30.7243
-21.2857
-28.2235
-35.8474
-34.4049
-30.4801
-26.9197
-18.5556
-34.379
-27.3979
-24.2642
-28.9775
-24.9992
-29.0025
-31.6233
-22.2258
-35.275
-41.0585
-37.8503
-37.0865
-31.6186
-22.8942
-27.0271
-32.43
-31.3026
-23.672
-29.6093
-26.9054
-35.2798
-25.027
-31.2835
-23.9625
-41.2617
-25.3566
-36.9901
-34.2534
-33.6586
-34.5982
-39.2391
-22.3068
-33.8831
-30.5994
-26.3007
-36.8224
-38.3578
-45.3744
-37.0742
-41.7819
-45.5915
-37.9309
-47.0854
-49.8633
-46.0061
-37.0826
-37.8935
-43.2256
-40.5918
-39.962
-36.0535
-46.1645
-42.0835
-28.9788
-39.9038
-38.4535
-39.731
-25.9685
-33.1366
-26.8518
-33.6761
-32.9318
-25.6539
-21.6801
-10.9572
-6.73191
-13.1158
-17.9823
-23.5774
-24.7536
-30.8843
-29.1175
-27.527
-27.437
-32.4835
-36.0458
-34.672
-36.8188
-34.4056
-34.2084
-33.7822
-30.9552
-38.0552
-35.0781
-37.1803
-31.107
-36.8267
-34.5465
-31.6152
-34.9516
-33.7182
-36.6462
-32.9879
-33.0427
-34.8567
-31.6735
-38.4426
-37.6626
-37.1741
-38.4507
-34.2454
-34.4748
-31.3909
-36.691
-36.9202
-39.4474
-32.9868
-38.5255
-38.1383
-35.9095
-41.997
-38.4489
-40.6595
-37.9165
-45.0088
-43.42
-31.3513
-38.4934
-32.5933
-33.2664
-31.5835
-29.9003
-35.3194
-32.8232
-33.5221
-30.6355
-34.9963
-30.9998
-34.4742
-28.9692
-32.5012
-33.1512
-40.725
-26.2912
-23.97
-18.357
-25.6739
-17.0876
-19.8664
-26.5142
-22.6281
-21.8035
-17.0517
-22.2295
-17.6071
-22.7328
-21.312
-21.7888
-24.9516
-30.1944
-27.7831
-22.3831
-23.8317
-33.3885
-22.65
-24.4165
-30.3699
-37.6727
-36.0701
-31.5258
-32.5104
-39.9536
-31.0833
-32.1142
-38.3347
-29.396
-17.0103
-33.4169
-33.5003
-44.7195
-27.3518
-34.2762
-44.2411
-12.0079
-37.5404
-31.3985
-39.4482
-23.4845
-44.1359
-32.3793
-34.9746
-25.7682
-33.3365
-40.9912
-28.4544
-21.8678
-31.7194
-31.1028
-30.3976
-28.715
-29.506
-32.7966
-34.9043
-41.1741
-38.5326
-37.3355
-33.1984
-36.669
-34.8682
-24.3876
-26.8162
-39.0722
-21.1835
-39.5056
-31.7053
-33.8121
-23.4305
-46.3433
-37.658
-28.7655
-27.8626
-30.3357
-32.1497
-33.3451
-30.326
-39.4367
-22.6827
-25.6914
-19.9832
-38.9187
-31.8675
-26.3007
-32.7174
-26.7783
-31.8456
-28.0824
-30.9851
-35.8429
-24.7049
-25.3553
-23.861
-17.6945
-22.7478
-25.9868
-32.1533
-39.9003
-38.6284
-28.4408
-28.489
-23.032
-36.3571
-33.2261
-21.8425
-34.0718
-22.6227
-25.0788
-29.1137
-25.4046
-38.0534
-36.9432
-32.0684
-36.7188
-32.444
-30.3883
-25.9238
-34.0742
-28.0495
-29.4755
-32.7169
-31.9399
-29.6846
-27.8041
-27.7633
-32.2274
-35.745
-32.8457
-39.5939
-37.1257
-32.7805
-35.7357
-42.5045
-32.5145
-38.6943
-17.8583
-30.8414
-35.5373
-39.5488
-42.6103
-39.1063
-43.5391
-49.6602
-37.4171
-50.9505
-52.9121
-42.7255
-42.1102
-38.7463
-39.231
-39.5408
-33.5559
-37.5221
-41.7506
-39.2503
-35.6093
-39.8914
-43.4392
-40.1985
-23.7261
-33.7341
-26.301
-24.4107
-32.0304
-22.5749
-27.0997
-6.262
-4.12236
-13.104
-19.7579
-24.7703
-24.3525
-29.3157
-32.4035
-34.6928
-31.6592
-35.2182
-34.6492
-36.058
-37.1614
-34.7922
-37.6757
-31.5967
-35.4616
-35.3262
-37.0181
-30.7823
-29.3835
-32.1134
-30.3914
-35.0662
-32.2879
-32.6174
-34.2527
-32.6255
-30.9072
-34.9057
-33.934
-36.7577
-32.9163
-37.966
-37.6102
-30.5756
-37.2498
-32.2298
-36.1991
-35.5648
-39.0666
-32.8598
-35.4339
-36.5988
-33.6804
-38.2683
-34.8732
-39.3895
-42.4294
-44.8657
-42.0083
-33.4447
-38.436
-34.3229
-36.913
-32.0345
-41.4419
-33.1929
-33.1096
-33.7672
-31.2541
-34.2805
-28.2409
-36.7512
-29.6141
-29.5479
-32.9786
-39.4341
-24.3173
-21.7966
-16.7839
-19.7159
-15.6022
-19.2276
-30.0121
-19.8367
-16.8643
-14.2725
-19.6109
-16.9012
-24.8652
-18.8113
-19.8216
-26.3154
-25.0934
-25.1281
-19.7812
-26.2741
-32.0232
-25.8726
-32.4258
-36.0936
-34.4372
-32.3236
-26.5349
-26.7959
-41.4936
-32.243
-31.7997
-39.7795
-35.5093
-15.7772
-42.5104
-40.5937
-40.5345
-27.4493
-38.7778
-34.3352
-11.5801
-33.9689
-34.4242
-33.3253
-30.604
-29.7322
-36.2069
-34.7779
-24.1753
-30.487
-35.3205
-29.8067
-18.4256
-33.7172
-29.6634
-34.1743
-30.7803
-32.4848
-38.43
-36.0658
-37.7391
-35.6644
-38.0942
-33.1484
-39.5648
-34.0681
-28.6206
-23.1509
-35.854
-29.3179
-37.5615
-36.9094
-27.0554
-29.7228
-39.1591
-32.9843
-24.5574
-29.1581
-24.3752
-38.1905
-26.4647
-29.1552
-30.7642
-24.74
-22.4549
-20.2423
-35.5368
-26.4765
-27.7634
-32.1499
-27.7489
-38.5252
-31.2368
-31.643
-40.3996
-28.927
-25.1136
-26.0473
-18.8609
-13.1418
-30.0851
-27.6
-35.2716
-33.9985
-28.2458
-32.8363
-24.6672
-33.7223
-37.0455
-29.5524
-29.5564
-19.7282
-28.1097
-27.409
-31.8012
-39.0241
-33.8756
-28.3493
-31.8971
-31.6529
-30.1998
-26.1162
-30.893
-25.338
-31.3888
-38.2345
-32.0762
-22.1049
-28.9949
-25.6449
-34.2031
-29.1312
-34.5956
-35.3827
-33.2348
-31.7474
-37.8848
-37.7156
-33.3091
-45.3778
-19.6593
-33.5049
-37.4245
-44.5289
-38.3505
-41.7717
-46.8942
-48.5394
-40.9675
-47.2074
-51.2395
-36.8409
-38.9841
-46.6366
-41.1458
-38.9669
-36.2298
-40.0611
-39.3462
-35.2083
-36.7696
-36.8543
-48.9177
-36.3546
-27.5646
-34.7621
-28.4873
-22.6961
-25.0228
-21.6499
-28.3108
-7.00281
-11.1974
-12.4662
-23.2706
-22.8442
-28.2645
-26.4741
-33.54
-31.3512
-35.5143
-36.4103
-38.3372
-38.9271
-37.2946
-36.7406
-39.2518
-33.5996
-38.3811
-34.2827
-36.8992
-26.9752
-31.1354
-31.8247
-27.9306
-32.3419
-33.2041
-33.7835
-33.6345
-33.0214
-30.3873
-34.6245
-37.6598
-38.9179
-36.1237
-38.3726
-36.6558
-33.5907
-36.5201
-39.4433
-37.3995
-40.6216
-38.4132
-39.5044
-40.1469
-41.1845
-42.6841
-40.1759
-40.5402
-38.9659
-45.2316
-40.8446
-36.5789
-34.8006
-32.9437
-33.2366
-33.6617
-29.4827
-38.2918
-29.1029
-31.976
-30.6548
-37.6127
-32.0785
-27.6982
-32.6087
-34.2193
-31.362
-35.9827
-38.373
-29.728
-23.4845
-24.0649
-22.846
-21.1745
-24.1525
-33.6387
-24.0283
-25.4044
-21.1899
-20.0776
-21.7795
-25.9772
-25.1601
-23.6003
-33.0591
