-5.96747
-14.565
-16.9277
-21.6538
-25.528
-14.6628
-19.7318
-6.18505
-3.49176
0.248145
-26.2803
-25.1898
-14.2136
-14.5335
-17.3437
-5.16493
-16.9297
-11.5321
-14.6033
-7.71739
-7.37967
-8.61084
-7.81522
-4.07708
-12.8477
-10.7073
-6.24091
-6.34892
-3.52261
-12.4362
-13.0135
-12.7128
-15.1513
-20.93
-16.3385
-16.7542
-9.26469
-4.48825
-5.16785
-11.4094
-7.36374
-0.88235
-1.02577
3.02232
0.036241
-8.08942
-10.675
-3.92611
-3.6551
-3.0423
-3.97313
2.15238
-4.72584
5.81085
4.54315
-1.05018
-0.350344
4.96304
3.88136
4.99707
7.32839
12.189
1.13245
1.18789
-0.0674347
-0.620627
5.36736
5.19355
-0.276927
-5.48604
1.32705
-1.47251
-2.38329
4.43069
-2.75362
5.80803
8.31839
6.17945
6.53002
2.96428
-1.998
-1.98548
1.11383
1.71872
2.48689
2.82412
12.5578
-14.7631
-5.88855
-15.6852
-14.6339
-14.7753
-16.4019
-11.3458
-12.2528
-16.3105
-16.605
-12.7944
-11.6831
-11.173
7.74241
-18.2902
-17.3377
-10.325
6.95021
3.49086
0.811952
-1.36003
-3.414
-8.19553
-6.6539
-4.17434
-2.31371
-10.6215
-3.18926
-13.1351
-10.0016
7.6238
-10.4177
-11.2607
-7.5445
1.41534
2.07054
-0.284853
-10.9597
-11.7893
-9.95709
-19.0908
-14.3498
-24.2425
-27.6592
-32.651
-31.6772
-24.6722
-23.5329
-25.4033
-26.7499
-27.0895
-24.8353
-22.6734
-26.3145
-28.9952
-26.301
-26.9933
-23.0156
-20.7231
-23.99
-24.9416
-23.7224
-29.9726
-33.0684
-29.0628
-30.9269
-27.5598
-27.1137
-23.8889
-24.3749
-23.5783
-26.8844
-19.1465
-22.9861
-20.1359
-22.3132
-25.0766
-27.6111
-28.5212
-30.0709
-29.4451
-19.3557
-19.0432
-25.405
-24.1358
-19.087
-18.9271
-14.689
-28.27
-24.8901
-25.4463
-28.31
-22.9822
-26.0072
-18.0499
-21.2018
-21.6996
-23.0142
-16.2646
-20.8129
-18.4938
-20.5556
-20.3315
-19.7362
-20.9794
-18.6218
-21.5972
-15.8531
-14.7517
-16.2032
-18.6405
-17.5461
-14.5861
-22.5927
-23.4946
-21.3302
-28.197
-27.5604
-20.0497
-22.6353
-16.4111
-14.9936
-12.3936
-9.60691
-7.3988
-11.6031
-15.7785
-13.7404
-15.2619
-14.0121
-16.0997
-12.8627
-10.9016
-13.0966
-20.5492
-16.722
-15.2174
-17.4144
-25.7489
-23.5493
-21.1777
-19.2129
-21.8702
-18.8033
-22.9453
-20.0653
-20.0709
-23.4868
-19.2772
-18.4932
-22.8694
-25.5129
-27.2118
-19.5711
-20.6305
-17.2512
-17.6357
-17.3312
-17.6348
-18.6547
-19.1042
-16.6261
-18.4215
-21.3463
-24.2969
-28.2928
-28.5563
-39.0311
-35.3372
-33.5903
-33.8803
-35.5208
-31.6983
-23.6854
-19.3925
-20.754
13.7304
6.63535
11.8187
11.1749
9.30804
7.86399
7.46627
6.39852
11.9677
2.81532
12.637
18.2021
19.6241
29.4178
28.727
11.4064
15.8035
20.1962
17.8797
13.511
11.0744
17.1231
20.7905
14.1375
17.0722
15.3532
2.14686
-10.8528
-6.31204
-6.73692
-8.68971
-6.48321
-10.3899
-10.6078
5.36556
14.5268
14.703
6.65997
2.7257
-4.76951
4.19517
4.60967
-1.48769
0.878951
4.96227
6.49443
-3.45792
-3.58724
-9.62448
-0.862773
3.77215
7.21564
7.06126
14.9051
15.2772
1.9214
10.2912
3.32309
2.62197
6.2913
7.86891
14.9761
11.0013
9.35634
14.0286
4.35734
9.92278
8.08415
6.16196
2.15239
5.8835
6.36311
7.67652
3.49312
8.18399
3.54745
2.16326
-0.256552
1.70066
-1.59537
-6.44518
-3.19727
-4.87661
-3.32905
-6.88339
-5.36135
-10.6997
-8.85122
-13.5306
-10.8918
-17.4004
-12.0256
3.3729
6.70444
12.2219
10.6192
13.2172
10.2035
9.25275
-3.2196
6.71723
0.678608
-4.28182
-5.29204
-1.6288
-2.40043
-5.16227
-5.87302
-1.20263
-1.71647
-9.89188
-20.0914
-18.4801
-20.3574
-21.9066
-21.2123
-16.4621
-14.292
-9.03565
-2.72553
5.84142
4.56856
0.202866
-5.54218
-4.37157
-2.54405
-1.18527
-1.31969
1.2022
5.65124
4.63924
4.56191
3.63119
-0.604434
-7.13803
-18.5886
-9.74869
-4.60244
0.751466
0.69067
2.68443
3.69082
5.5993
9.22279
7.29582
-1.13127
4.62607
5.67872
1.62121
1.37798
-4.53079
-8.53498
-13.2091
-19.3876
-18.9599
-11.651
-14.3099
-6.96637
-8.70458
-3.78621
-1.46628
-6.74852
0.926699
-0.92084
-17.3448
-10.4435
-13.1646
-17.6952
-10.4014
-3.22339
-7.85047
18.5515
-0.22904
12.7111
0.553101
4.224
-2.13243
-5.24283
-2.70113
-1.12472
10.7498
-5.78868
-5.40495
-4.71684
5.61102
-3.45738
5.63426
-0.483378
3.91754
5.74102
-2.52145
7.60802
4.25198
2.30688
3.04356
-1.39051
-5.47679
4.83649
-5.02447
-6.94915
3.81833
-2.98715
-3.8732
-0.800134
0.915889
-7.90992
-7.34364
-8.84897
-9.02569
2.73678
-5.30746
-10.2912
-4.31544
-12.6282
-9.58447
-9.30988
-8.66958
-17.7788
-0.753288
-8.70122
-10.3607
-2.89504
-5.02516
-10.9602
-0.644696
-23.7779
-7.07312
-6.65158
-7.85559
-5.52182
-7.37028
-18.5166
-9.63521
-10.5021
-2.38503
-7.29216
-7.16956
-5.63877
-6.12644
-4.61981
-8.483
-15.9738
-2.6485
-12.354
-2.96927
-10.5109
-13.4795
-20.9185
-10.1885
-17.7671
-1.62175
-11.775
-9.75445
-1.57959
-7.69054
1.20964
7.86741
16.1858
3.6936
-2.60757
-6.39152
-8.8492
-7.49118
-15.1971
-18.8423
-13.7858
-15.2737
-8.49177
-7.18948
-5.53512
-9.61065
-10.8012
-8.14271
-5.47562
-7.85229
-5.60106
0.284267
5.40761
-0.114241
-5.95838
-4.7594
-7.22676
-3.02703
-2.7384
-9.69461
-3.55414
-6.08647
-0.568275
1.67972
1.72873
-6.18787
-8.54206
-12.6163
-12.2401
-10.0749
-21.0921
-21.7885
-9.98696
-7.6494
-12.4831
-10.3215
-8.20827
-13.4627
-15.5842
-15.8038
-13.3516
-20.3231
-17.0375
-18.5991
-14.7824
-17.9504
-7.58721
-15.2242
-16.1455
-17.6536
-7.52788
-8.33858
9.22255
5.85902
7.32438
-2.98618
-8.00469
0.412221
0.273271
2.17704
-1.37319
-9.09177
-6.50742
-13.5802
-17.7558
-25.9512
-19.5142
-17.9621
-25.7696
-18.2762
-16.3367
-21.6557
-11.3609
-13.218
-12.6381
-10.5286
-15.1924
-16.9256
-11.9688
-17.5681
-14.5675
-16.0962
-19.2506
-19.6282
-24.641
-20.9838
-19.4172
-22.7589
-21.535
-18.075
-21.9865
-19.6784
-15.2929
-23.1945
-15.2487
-20.6766
-23.2676
-21.2744
-19.8069
-22.5333
-16.849
-17.0623
-24.7254
-14.1543
-16.4456
-19.292
-17.9995
-19.6314
-12.9636
-13.9122
-18.6409
-15.2397
-13.1654
-19.6175
-12.585
-14.7015
-19.2075
-15.8996
-18.6138
-20.5241
-19.9697
-18.7345
-14.7796
-18.1277
-13.9597
-18.9065
-15.1133
-17.0296
-13.9271
-10.9891
-15.8485
-13.3673
-13.8497
-19.8602
-16.258
-13.8
-20.0047
-13.783
-13.4053
-18.7508
-14.5262
-16.8767
-17.4353
-15.5938
-17.8621
-21.8006
-14.5645
-19.7102
-18.474
-13.9983
-16.5733
-18.2224
-16.5
-18.0955
-13.6687
-14.1015
-19.2035
-13.0115
-17.3779
-18.1082
-11.7842
-16.2531
-13.7288
-0.17966
18.5771
19.8149
17.6103
20.2926
20.7433
14.01
14.7086
17.102
13.8644
15.9943
0.640273
-23.563
-40.4463
-45.2132
-41.0991
-43.05
-36.6991
-18.9707
-21.7129
-19.5798
-25.2256
-25.9483
-13.3105
-20.182
-19.1896
-13.0907
-10.2981
-3.83304
-0.895605
-9.59531
-11.2673
-22.5633
-23.947
-24.5343
-23.8541
-19.9576
-18.7843
-13.5803
-11.3356
-5.85259
-13.7761
-6.61323
-5.09208
-7.8511
-5.54859
-15.7777
-7.44971
-17.3941
-20.9485
-5.45337
3.34413
1.66996
3.63036
4.64707
6.74038
3.90357
1.4654
-1.85013
-0.193108
3.29007
-5.01317
-4.38611
-0.832525
1.49471
6.46497
2.57406
5.58623
3.00594
1.82388
-1.46074
-4.68083
-1.42195
-1.79413
-1.68727
-1.24132
3.9108
1.51848
-0.623378
-4.43201
-3.81197
-4.87902
-2.20649
-8.46085
-3.40161
-2.31529
-5.07962
-1.09809
-2.34946
-3.46078
-3.97415
-2.47327
-0.723389
-3.34872
0.219885
-1.05859
0.58086
-3.83969
-6.12838
-8.26022
-4.25351
-5.12947
-7.46525
-5.33716
-3.71945
-7.91444
-8.14822
-1.59325
-3.51235
-3.32301
-1.17678
-4.7876
-7.3542
-6.05758
-6.25844
-7.44709
-8.47611
-8.3425
-8.58314
-4.75327
-1.64819
-1.51081
-0.0980329
-9.9457
-9.7969
-15.7618
-13.4212
-14.8414
-10.4245
-14.2368
-15.1985
-9.8953
-16.315
-12.3205
-14.286
-11.0344
-15.6109
-17.3344
-17.9485
-10.8976
-11.2021
-14.243
-10.8253
-11.7193
-13.5944
-17.9813
-11.5986
-10.4567
-11.4243
-8.98106
-7.74944
-7.49909
-13.0383
-17.2377
-11.5908
-14.0141
-10.6815
-12.3644
-15.8645
-15.1386
-13.2199
-16.655
-19.6723
-18.9843
-17.7593
-14.0454
-18.2564
-24.2523
-18.2109
-24.2501
-16.3926
-19.7235
-13.0253
-18.2898
-13.1733
-12.2465
-15.3584
-17.9784
-12.8149
-14.9487
-19.0442
-15.2468
-15.7476
-17.7283
-12.2123
-16.9113
-15.4826
-14.3841
-13.2015
-11.9144
-10.4735
-9.33654
-8.67069
-10.7183
-14.0428
-14.7617
-17.3363
-20.7654
-26.6439
-16.3742
-25.3765
-14.6435
-20.9109
-18.9806
-21.2475
-18.2491
-14.2371
-11.1929
-12.052
-20.8869
-19.8688
-14.7797
-23.7636
-12.6315
-14.3323
-18.1506
-18.8089
-16.2944
-17.346
-11.3087
-15.4749
-21.783
-20.8151
-22.5804
-23.4766
-18.3786
-21.3848
-20.4082
-17.4315
-17.92
-19.8387
-22.253
-24.6659
-25.5832
-24.985
-30.0451
-19.7866
-5.00897
12.1909
8.72852
-9.13816
-7.58595
-11.4416
-13.6421
-9.57442
-12.4071
-3.54489
2.02286
-3.18214
9.71342
9.72519
11.9155
2.86281
3.9513
1.11164
-5.93636
-4.84524
-5.7038
-0.681863
1.35246
0.696991
1.79942
7.25282
3.0691
9.76809
15.2953
8.34067
16.8929
15.4583
15.7341
17.4945
16.3062
15.5911
18.3365
13.7954
15.5615
15.3704
16.3955
17.8574
16.4794
11.7367
8.48538
-0.790199
-3.95995
-12.3025
-9.18563
-10.4197
-6.14808
-13.1899
-5.58432
-9.88145
-1.38939
-7.31533
4.8109
-1.33006
-0.703305
0.745634
1.96826
8.0731
3.21449
1.23242
4.03369
4.663
3.51539
2.63807
7.48059
2.47239
7.23715
1.15332
0.879168
5.59763
0.45136
4.8408
2.0027
6.67256
7.76886
5.8816
4.96464
8.09945
2.37639
3.31008
4.56029
2.47049
4.85983
2.9049
9.54327
3.54301
4.4711
6.72617
7.28733
5.23888
2.7756
8.66825
7.09466
10.1481
6.17625
0.854326
4.81808
2.9946
8.66007
-3.60491
-1.53637
-1.35725
-2.93747
-1.75489
0.528881
-1.78979
3.90965
0.836031
-0.339675
0.116486
4.28985
6.14162
-7.81837
5.48001
10.0254
-1.07198
-3.68257
-4.16292
-2.74552
1.47865
12.8585
22.1425
13.7234
18.2967
17.6086
17.6194
14.9775
17.885
23.1048
19.7215
16.3471
21.2201
19.4843
15.2257
13.5059
22.7244
20.6598
19.9257
25.2991
28.4799
16.5493
16.2009
22.626
15.8872
18.7432
12.2811
12.3698
23.3681
15.5826
16.2785
21.3655
14.004
12.7029
17.0423
15.6019
13.1672
16.5994
18.4523
20.8748
21.6323
23.2107
24.3648
21.9054
22.8232
19.9086
19.6847
23.2022
9.25076
