96.2854
72.2481
84.5721
86.1021
88.1349
84.0173
78.5862
84.8115
95.6529
90.0358
102.25
88.1647
103.026
95.8386
96.9305
92.8439
88.3009
96.6833
98.6773
103.901
104.473
115.408
112.416
110.773
109.703
121.09
111.749
109.794
107.981
102.84
103.26
102.961
100.403
98.3913
98.9909
95.0794
95.2887
90.6257
97.0582
97.8588
104.009
95.5275
104.295
103.783
102.539
98.4056
101.67
99.0617
98.3084
98.2365
93.4632
97.9768
97.4295
101.862
104.622
95.5776
95.2313
94.7937
99.6675
101.191
107.999
101.922
101.566
104.884
101.304
104.532
104.51
104.909
96.2814
99.3612
98.255
100.87
98.1333
104.468
103.032
109.54
102.471
103.885
111.152
109.505
98.8807
97.9579
101.529
99.1313
96.6014
99.4831
98.3837
103.475
105.049
102.922
105.16
105.091
102.99
104.794
104.826
102.12
104.435
96.2804
98.1189
99.3894
102.066
101.085
100.814
101.364
102.935
101.163
104.083
102.729
97.4405
92.8716
97.0196
98.2357
87.8349
91.6537
98.5863
100.854
101.196
105.426
100.99
102.176
101.244
100.568
100.612
102.637
102.244
96.8913
95.7185
97.7755
94.1429
100.745
99.1821
106.997
116.063
107.61
111.107
115.248
109.3
112.639
105.991
114.037
113.877
109.19
110.98
108.69
112.487
109.729
108.878
110.911
109.236
104.402
105.498
114.469
112.998
106.465
100.956
92.4647
92.5927
101.806
92.3599
93.267
106.407
103.852
114.192
106.556
107.598
106.256
111.016
109.367
115.614
114.549
113.493
103.635
116.145
121.09
122.4
120.945
117.769
115.024
117.792
121.567
122.778
119.871
124.63
120.579
122.081
116.755
119.661
117.871
115.136
119.084
120.311
121.117
118.351
122.816
122.919
120.567
124.058
122.171
123.459
120.173
123.391
118.482
116.213
120.854
119.778
116.664
118.402
119.016
116.839
112.245
110.228
111.701
110.725
108.868
97.5456
96.8776
106.427
106.911
101.103
96.4594
93.4006
95.1061
88.7366
91.5003
94.7502
89.2257
97.4827
97.2218
98.0526
96.9358
98.7538
99.3461
96.6559
88.86
89.3743
98.0712
101.125
91.0502
86.147
86.7235
86.6914
85.1354
84.3341
83.6064
86.6552
91.7919
87.8752
89.4952
92.6367
92.4088
92.3096
90.8374
91.5906
87.4225
86.2756
88.6696
89.0471
89.3393
91.2142
88.4683
92.0772
92.5142
95.6756
93.9339
97.6185
94.2259
88.6637
88.6019
91.3975
91.4496
95.8722
95.0962
92.1652
90.0225
91.0308
87.1699
86.9168
92.5887
83.717
97.5307
88.6304
93.4522
91.0198
95.5332
92.0229
92.3584
99.1296
105.302
96.5183
92.4584
88.7725
86.3111
88.7185
86.3096
87.1073
89.6816
87.3891
94.2515
93.013
86.1378
86.1571
91.6319
87.5565
89.673
93.2197
90.7137
89.6945
91.7666
86.6319
81.4555
76.6667
87.3865
90.8719
83.5513
92.4662
90.4975
88.0535
91.2646
86.2082
87.1486
80.7513
79.0023
82.1256
92.4866
97.9266
87.5136
87.6878
88.4518
87.7624
108.357
90.9269
93.0426
93.0709
87.1662
86.8413
94.2796
95.8875
89.8934
88.3524
94.7471
90.8761
95.6427
89.6942
92.7184
87.5914
89.7413
86.5366
93.1211
89.8985
89.1364
89.0826
87.0261
93.9218
92.9518
92.1315
89.6524
89.0163
89.0819
91.2888
93.8266
94.7456
101.537
100.775
100.909
89.2604
93.2356
90.7272
89.5395
89.7156
88.2887
84.6573
85.1742
88.9569
88.7218
88.8721
92.0982
100.03
103.516
102.441
101.196
96.3153
92.7756
93.9532
99.0522
92.4233
95.2316
99.462
93.9979
97.9596
93.1316
96.6752
95.5229
95.4992
97.4732
97.7576
92.0916
93.3134
97.1147
102.47
93.2931
101.199
98.8513
89.2975
98.6895
94.0486
91.2713
97.1895
94.8323
99.4465
97.703
100.223
90.7487
86.7372
90.168
92.3224
95.1916
97.1871
96.3969
99.7157
91.1046
91.5783
96.0808
95.2619
90.1833
89.8943
88.0556
97.3964
89.9761
100.886
96.8295
93.9703
89.6892
90.2621
96.7651
97.6025
96.7569
98.7067
91.0333
92.4539
93.7726
98.6509
93.6464
98.3874
100.795
98.328
97.4567
98.1745
94.3396
97.248
94.6156
91.6832
95.6184
91.8827
93.3371
91.5989
94.1215
96.7039
94.6976
97.382
95.7061
100.461
96.1338
95.2904
103.996
104.492
101.416
94.3137
98.9395
98.7593
93.1218
90.5207
102.402
97.2768
99.7159
100.894
100.655
92.9207
96.7253
84.5957
97.2642
93.6844
88.8943
88.4384
89.9319
92.1644
89.0871
87.7261
85.946
84.4696
90.0663
83.9941
91.3804
89.0127
91.3529
89.5434
93.4465
91.7838
94.1897
94.3425
88.4741
94.3146
100.09
89.4387
89.746
95.7318
93.4647
83.0517
92.183
90.0946
95.7825
92.6387
91.0129
96.0869
92.1153
95.3285
95.9391
91.0003
91.9995
94.4528
93.3517
97.6603
94.409
90.2364
92.5515
93.4567
92.4823
92.1368
90.1549
97.4898
90.933
86.915
90.5955
84.4242
92.5024
90.5456
93.2325
90.4084
94.1997
91.34
90.2833
91.371
94.2372
105.158
102.014
111.094
110.323
98.965
110.292
106.049
107.947
97.3689
100.79
107.669
109.471
92.1188
90.0886
99.8478
100.877
98.1006
100.278
83.7312
101.017
87.5669
88.6774
104.275
94.6299
98.3071
100.712
100.7
106.102
106.905
94.6329
96.8456
94.8971
105.944
91.2646
109.45
111.119
106.717
112.005
111.697
110.076
103.816
110.063
108.605
112.963
111.605
108.487
111.491
112.513
117.98
116.072
114.537
113.951
104.093
110.246
109.883
115.431
111.997
107.547
107.663
104.664
95.1137
94.1037
99.1951
94.663
102.199
91.2929
98.6604
96.3274
96.7523
97.8336
91.0288
90.7716
88.5737
90.1022
83.1509
84.9969
84.9695
86.5589
91.2218
83.8277
90.0772
89.3611
88.0375
85.4963
89.5814
93.3813
83.7483
85.4936
86.3733
87.6637
84.88
87.1654
86.3754
84.4938
89.3339
98.9065
82.828
90.4368
94.4961
88.8855
84.2972
88.7576
82.7474
93.9162
92.6573
105.118
107.027
107.744
112.234
97.2014
93.1529
95.07
88.8745
88.9998
84.7193
90.9079
91.2996
88.7101
91.2443
89.5164
86.3742
89.9421
82.7287
78.1132
84.6417
82.2027
85.7741
88.1962
83.6125
82.8515
80.4501
79.5289
85.8418
84.3926
83.8384
79.3053
85.7106
79.7775
88.553
87.3184
85.3037
88.1081
85.3587
85.6365
83.2871
85.4657
85.0277
84.2801
83.024
82.6346
83.8783
84.1792
79.3972
82.9054
77.3294
78.2163
81.5265
86.1251
84.2535
83.7122
81.8581
79.1003
77.2709
82.2875
79.945
83.6095
86.8807
90.5141
81.8943
86.6805
85.594
83.3237
82.2947
83.8434
76.8094
80.8868
83.43
77.4572
84.883
86.5299
83.0146
84.7542
84.0209
76.6344
81.3664
78.9023
76.5616
80.0499
82.5339
74.6731
81.917
80.648
81.8549
84.0642
85.5611
85.593
85.0104
89.4184
83.867
79.4596
87.3372
80.734
83.2642
85.9481
87.5803
82.2975
89.6147
83.4592
87.9237
84.8908
78.9192
87.9707
96.4392
105.94
106.02
107.452
103.344
100.637
103.022
106.853
103.927
108.889
103.602
101.536
106.962
102.413
109.56
111.175
109.02
101.275
99.5203
103.194
104.735
99.5173
97.1577
99.4016
95.7526
102.92
99.2701
102.289
95.0269
99.6504
99.8031
104.694
99.6503
103.731
99.6413
96.6301
94.3139
100.374
96.3013
99.4299
101.616
101.375
99.7483
100.2
96.8971
101.666
97.8681
110.613
112.216
110.765
114.407
114.268
113.6
116.738
112.288
108.266
114.303
111.11
108.168
103.874
105.569
111.611
108.065
115.414
115.184
110.968
100.36
112.212
110.887
114.461
111.166
115.495
117.484
120.842
121.082
120.79
113.945
121.235
119.863
108.916
112.438
108.221
115.941
112.746
118.752
111.703
114.881
102.564
115.701
113.665
116.011
119.956
115.695
116.175
120.669
119.835
112.797
109.463
106.913
106.551
114.788
113.519
109.807
107.647
117.259
113.561
106.67
118.036
116.795
111.032
114.313
119.838
117.38
117.972
112.535
108.107
108.873
117.579
113.989
114.877
115.084
117.139
108.335
113.726
113.045
107.928
107.644
110.567
108.916
106.176
114.334
107.64
106.733
106.349
108.122
106.276
98.4759
102.706
96.7983
82.0445
89.6522
93.6498
94.3513
109.322
110.126
111.64
106.855
107.878
106.651
107.042
113.179
111.67
110.422
107.01
114.538
106.447
99.054
91.3979
86.6296
92.723
95.9884
87.4526
98.7324
91.6185
97.0978
107.709
105.73
110.078
104.673
108.61
105.048
110.458
100.226
99.763
96.1068
100.538
83.8021
90.3141
87.3736
80.4309
81.3883
90.2604
99.6588
102.22
113.038
112.487
111.857
114.85
103.545
109.289
112.285
107.18
92.0374
88.3424
94.8604
87.5161
85.7294
80.8137
88.3195
99.3415
89.7524
104.195
114.336
114.736
112.846
106.401
104.49
111.139
99.6103
90.6797
89.392
84.1471
80.3758
80.2314
87.089
89.2314
92.1481
94.0057
97.577
