-40.9416
-53.6389
-64.4844
-54.8557
-35.8488
-40.1309
-30.504
-34.3242
-16.9497
-27.0254
-34.9432
-35.6656
-28.0209
-23.8266
-22.8276
-26.2887
-32.5239
-20.8608
-21.6924
-7.42034
-20.3337
-15.3316
-13.1181
-16.3143
-18.3077
-18.3852
-20.9025
-16.8231
-21.0514
-16.8844
-22.0167
-23.8407
-27.7933
-32.152
-48.6197
-48.409
-49.3803
-50.1583
-58.9271
-59.8197
-69.3035
-74.1799
-72.5229
-72.1065
-61.8779
-59.8249
-43.9616
-56.8507
-61.5176
-62.5385
-44.9606
-53.1168
-45.3575
-41.1292
-48.1766
-46.7893
-46.5871
-48.9621
-42.0912
-37.0555
-28.6292
-31.2515
-29.8519
-33.7997
-31.6063
-29.1754
-34.6209
-36.403
-40.386
-38.1908
-44.8553
-46.2251
-45.9786
-45.8717
-42.6492
-45.7371
-48.2871
-58.2771
-52.9648
-51.0496
-57.5233
-55.3874
-46.5448
-45.3682
-42.8685
-51.0627
-47.3228
-48.372
-51.7537
-45.7601
-46.6689
-45.683
-49.5614
-60.8064
-62.1374
-58.189
-53.55
-54.7424
-42.5782
-25.6912
-34.6779
-35.7675
-38.1098
-47.1868
-42.9615
-25.7408
-31.0343
-29.4065
-34.0785
-36.1013
-37.7901
-38.0213
-42.5266
-45.1986
-36.8272
-43.1429
-40.797
-30.5136
-37.4766
-38.3401
-35.7836
-39.0258
-44.3313
-40.5219
-36.6082
-31.3093
-36.1723
-42.6551
-32.5299
-40.177
-39.6026
-35.3446
-43.2768
-42.8639
-41.2683
-34.9069
-38.4597
-39.3542
-35.5293
-43.5495
-36.8269
-40.0939
-38.3991
-39.9702
-35.5212
-36.9321
-42.0569
-38.4637
-42.4166
-40.9884
-50.0208
-51.6834
-44.8648
-45.7201
-52.1745
-47.9849
-44.2658
-44.9163
-44.5782
-38.402
-46.512
-38.3369
-40.8458
-37.2183
-35.9042
-41.2491
-41.3212
-42.1374
-41.136
-44.4825
-43.3231
-42.8651
-39.8412
-36.6606
-40.6668
-39.1942
-45.0471
-39.4747
-35.3798
-46.8084
-39.1891
-42.6247
-32.4326
-34.7394
-29.5739
-38.9326
-40.8055
-46.4735
-44.7811
-40.0357
-30.077
-37.8569
-35.2823
-37.7388
-43.671
-48.4661
-39.7855
-44.2467
-49.4775
-54.9869
-49.4776
-48.7879
-44.2405
-48.9939
-46.3505
-52.3926
-38.6499
-40.4167
-41.6941
-28.1264
-33.1603
-31.7633
-36.5105
-37.5144
-34.4817
-46.6958
-48.9185
-40.4738
-34.1034
-27.0077
-15.3388
-20.0319
-26.081
-32.1139
-25.1651
-31.7662
-24.0194
-22.0328
-17.2437
-20.1217
-18.3276
-14.887
-19.6109
-25.682
-15.0437
-14.7676
-24.9897
-25.1554
-24.1884
-24.5624
-22.1085
-22.5008
-19.7628
-19.1101
-23.6908
-27.9577
-27.3226
-35.3876
-36.3659
-39.1942
-39.7212
-38.0142
-38.1155
-33.3973
-31.3768
-31.1773
-31.0753
-30.9468
-33.3492
-31.8414
-37.3863
-34.4173
-29.0801
-42.2715
-42.9724
-47.229
-46.9748
-46.5657
-47.7997
-37.6952
-30.5432
-34.7837
-36.3144
-36.4715
-27.6884
-47.7354
-46.43
-54.2567
-58.7097
-57.2237
-55.2225
-52.5126
-59.0119
-57.0583
-54.0496
-50.4651
-52.5989
-49.0566
-46.0985
-45.9006
-47.4905
-54.4072
-50.6846
-56.3428
-54.505
-57.7604
-66.2671
-57.628
-49.885
-46.6682
-47.4325
-53.5289
-44.0578
-44.8759
-45.6705
-49.1532
-52.3439
-55.0436
-54.1946
-55.2473
-51.2991
-51.6428
-42.69
-45.5608
-39.0046
-50.0112
-48.772
-54.2903
-52.1949
-50.3118
-51.0662
-50.6177
-55.9248
-56.346
-57.4389
-58.7922
-55.9486
-58.3667
-59.9757
-57.5968
-58.7924
-63.1735
-59.9156
-58.9619
-65.3412
-62.8512
-67.2563
-63.4738
-58.744
-61.5626
-59.9301
-63.3544
-62.3686
-60.7108
-63.2122
-54.6246
-54.8548
-53.5584
-64.0826
-57.6666
-62.559
-55.6226
-64.5954
-54.2914
-61.1273
-58.045
-60.3866
-66.0771
-64.1833
-68.2068
-67.079
-66.5128
-69.9326
-67.754
-58.4621
-61.7662
-66.7194
-63.9877
-64.2265
-64.1813
-62.5043
-70.4195
-71.9149
-71.0796
-65.7912
-65.6099
-68.079
-68.4021
-64.0594
-62.7936
-64.5365
-63.4048
-66.0414
-72.3745
-64.0987
-68.0719
-68.4643
-67.2937
-66.327
-67.1391
-82.1773
-77.3433
-70.444
-78.0076
-53.4903
