93.7558
98.9955
91.47
73.8531
80.1632
102.016
112.199
107.175
109.624
115.031
111.528
114.555
109.679
105.024
97.2194
95.2441
97.0359
95.3985
94.2716
99.373
102.637
97.4392
102.017
93.5393
99.623
95.2717
94.6796
92.4148
89.5696
84.8257
94.7187
95.1611
90.3993
92.0356
99.9855
96.7548
93.3726
86.4871
89.2311
77.3075
94.4376
92.9394
101.199
88.2224
91.0773
90.7904
96.7596
103.051
107.495
94.3785
90.4126
103.81
94.5373
98.9136
92.4215
89.9366
89.1368
87.2158
88.2984
84.1686
85.586
83.235
76.8586
77.7398
85.7373
92.1333
91.4546
91.8047
96.5894
100.181
105.611
102.9
103.241
104.798
99.1369
102.81
100.886
100.932
104.508
102.795
104.174
108.407
98.3119
109.621
101.181
111.234
103.119
107.923
105.125
97.5576
102.872
105.774
100.436
97.5932
105.019
103.51
100.333
95.4062
96.2774
88.1628
91.5152
93.9382
99.9671
91.2365
83.1299
72.2247
63.8165
79.1442
80.9068
75.1395
84.704
74.7699
76.7921
73.6791
74.927
79.7353
76.2266
82.6322
71.2015
82.5892
75.9978
82.0365
78.255
84.3432
82.625
86.3418
83.6939
80.9982
81.0369
86.3493
83.774
87.8508
92.295
85.8337
85.6854
89.7726
90.5481
88.4682
85.8175
91.3126
92.4304
90.8289
89.926
92.517
95.3685
94.9707
88.9938
83.2647
92.2979
91.6308
88.7264
85.7905
87.6278
94.5846
98.9502
94.5389
95.7587
89.4904
84.8725
90.0435
87.3599
87.8414
85.7424
81.8252
78.2935
77.1897
74.5832
78.0645
80.7099
85.1323
83.3876
87.0533
82.7971
91.3969
87.5894
87.7443
89.3154
88.8056
89.9429
84.9982
84.7162
79.4118
86.6412
84.2333
78.0426
76.3531
84.2485
84.1865
86.6944
81.5148
86.3446
84.7475
81.9654
84.6932
82.7633
79.0088
82.5972
76.1851
85.5543
95.4669
94.461
100.055
101.149
86.3316
99.9048
90.7829
93.3524
85.5768
86.4056
82.0932
82.9452
76.8684
77.2649
83.5564
91.8395
91.1679
93.1149
81.245
73.3961
68.0733
63.4822
74.3213
72.7723
72.4272
73.8547
73.9215
70.7605
65.722
67.4776
73.5146
70.2626
66.6033
66.5391
76.3509
67.0978
74.0183
70.6629
75.9584
74.3887
70.5041
67.5429
66.3936
63.5768
69.8895
72.0125
68.6537
68.0841
74.0636
74.4606
77.011
78.7986
79.9876
80.5947
77.2827
73.8671
68.1469
64.7202
65.2932
69.5297
71.2499
72.3124
74.8195
72.6665
71.0488
81.3916
83.5462
95.3991
100.57
93.6065
82.4726
77.8341
76.0275
72.4017
88.5749
87.1116
91.7582
93.1438
90.0584
79.4473
79.4861
70.5683
80.0782
86.3476
87.9276
97.6783
91.5953
89.9374
87.3873
88.3381
87.1754
90.8879
95.4676
95.0197
99.4797
103.389
109.022
110.829
106.583
104.942
103.749
105.362
108.199
109.705
107.316
105.365
106.486
112.419
114.355
113.267
117.697
106.726
105.491
105.563
100.262
101.31
98.2525
98.4949
93.3586
90.6119
98.5713
98.1881
98.5353
102.135
108.209
107.254
110.629
113.127
108.959
104.185
102.04
102.632
94.4374
91.7263
92.0088
97.1433
104.359
102.344
106.905
103.508
105.954
105.778
111.336
107.568
100.69
99.1093
96.2006
95.5995
101.929
96.3646
95.6642
100.143
109.813
114.471
114.635
109.002
114.662
111.52
113.636
108.171
111.39
104.272
107.022
115.703
110.642
110.859
111.04
107.846
110.585
104.717
107.122
116.19
112.856
112.156
112.594
113.656
111.978
108.016
108.444
111.148
109.001
109.83
110.026
108.716
110.983
115.107
113.231
109.55
113.327
113.143
107.742
112.312
109.084
101.615
108.705
90.8823
