-2.39426
9.28021
-8.39188
-38.5388
-35.0402
-20.6146
-16.7398
-3.19761
-14.0116
-19.5999
-21.1346
-29.5677
-31.6039
-37.258
-38.4907
-35.0607
-35.673
-36.0321
-32.8956
-33.3757
-28.1067
-30.3294
-28.6412
-31.2164
-21.3408
-29.2334
-32.226
-28.3212
-25.9121
-28.2833
-27.3324
-42.1031
-39.3581
-45.7532
-19.73
-16.2686
-9.79772
-25.4944
-6.81512
-4.28413
-0.975502
-3.93233
-2.66598
12.4223
3.267
-2.83921
-6.50941
9.90156
-0.820998
-7.39187
-1.76682
-11.827
-18.7332
2.81568
0.0348621
1.03542
-5.0278
-9.33646
-1.4261
-2.66178
-4.50868
4.79167
5.02957
12.7632
4.97628
-0.941314
-2.24548
-3.96233
1.72845
-0.254973
2.92688
7.18521
4.25564
2.39627
-0.591698
-0.95015
-5.69669
-4.46004
-10.5719
-4.78958
-3.95679
-5.67802
-11.6516
-4.5941
-10.5019
-6.09919
-5.58455
-4.94922
-5.25164
-14.3793
-17.9933
-16.011
-19.6344
-18.142
-14.5891
-12.3277
-21.3729
-7.54525
-12.4512
5.71512
-6.58471
-2.93476
0.236892
-10.506
0.784263
-3.05906
-18.5417
-1.70263
2.01986
3.21223
6.16102
3.12911
8.95637
5.37554
5.53369
5.50613
16.1542
21.5677
15.5016
8.14231
10.9783
10.1956
9.24926
1.98036
0.601822
1.57021
2.23845
-2.90101
5.21736
4.03458
4.48918
2.03974
3.0571
1.73433
3.36493
1.4799
0.0302717
0.939314
-0.699266
2.69492
6.7916
7.33197
17.031
5.65416
3.41134
10.6017
8.78785
9.33854
10.8798
14.7706
14.3623
8.26318
15.2405
11.9662
13.509
8.90091
7.82521
9.13422
12.6134
9.33831
6.46532
-1.28745
5.31658
1.82423
6.03035
13.0481
11.3492
12.9147
19.9053
19.839
18.3375
22.8357
24.5093
21.118
21.6187
22.2844
21.6253
21.0895
28.3621
22.1841
18.141
21.4646
10.816
18.0578
14.8254
11.1719
13.1248
15.8347
9.62943
4.95656
3.38617
7.55737
-2.75797
1.3573
3.35383
-4.5638
-0.672567
6.39393
5.73395
8.73685
4.15767
10.8604
0.00959813
6.60432
5.05351
5.45614
12.1527
4.48772
-12.7216
-14.1407
-0.546459
-6.15472
-6.70901
0.524639
8.93777
1.72072
19.8651
5.84024
5.49313
-1.52643
-7.27325
5.60822
16.9239
22.7937
12.5688
12.9061
17.0112
15.5075
6.98067
8.26511
15.0681
23.049
19.5261
18.7399
19.0031
18.5358
15.6367
18.4622
20.065
18.5936
16.3304
15.6554
14.4637
4.69052
11.0654
15.3584
17.457
14.1811
17.7176
16.1071
17.5446
18.8838
16.9696
16.0195
7.26418
13.8523
10.7835
13.0636
14.2807
16.8
14.1154
16.2958
22.9464
10.7097
13.6
14.3918
10.5097
6.86723
9.44776
8.83061
-1.06986
8.93447
4.70164
14.762
-7.92287
-6.2594
2.53389
13.7268
15.6037
18.2337
22.2912
20.2238
19.1716
22.1645
16.6432
16.0869
17.4998
19.4632
25.3448
16.0375
10.877
18.8542
19.2429
23.8415
30.6986
32.7544
33.5423
34.0539
28.9646
21.4905
18.484
22.0889
17.0435
24.1931
24.7363
23.5583
28.1174
33.1289
30.3475
26.867
29.442
23.5458
20.9998
20.5729
21.8668
20.2665
22.1557
19.303
18.9702
17.6377
21.6989
18.8235
20.1835
26.0953
29.269
29.2451
32.2064
34.0098
22.194
16.2532
15.0738
16.606
24.3645
23.8751
26.888
30.726
32.1913
32.8797
31.0498
31.1726
28.2096
31.4819
33.4524
26.4053
27.2601
28.6205
22.1317
29.1944
26.0889
25.9802
26.4071
31.0709
32.2107
36.167
27.5544
28.2373
25.8542
29.1356
28.7077
33.7422
26.7789
34.5264
36.2694
37.1913
32.2938
29.635
27.4255
31.4635
25.1599
22.6445
20.1939
18.3307
20.3054
24.5203
18.9596
24.9193
25.0254
25.2586
26.2686
28.8006
26.6573
29.9249
29.7043
29.1008
22.1417
27.5795
23.8621
23.9221
18.253
18.7344
18.2369
18.8307
15.4412
10.3878
-7.07471
