1.85399
30.9878
29.1827
28.7856
41.4057
42.8379
31.3822
21.4758
-3.0068
-10.7555
-5.01771
0.781443
-0.132643
2.3449
-4.47535
-7.36099
-11.5491
-9.68498
-12.4443
1.55932
10.0503
11.8109
5.60325
5.35319
-1.74066
12.3732
11.9363
14.5216
18.3769
12.6367
11.1399
8.22583
18.4173
24.3661
34.7543
19.4494
15.0542
11.6151
12.6145
28.9009
28.0912
25.6189
30.1096
32.9669
39.7178
41.7736
45.8811
41.6216
47.369
46.8013
48.1087
42.5549
45.6671
45.1539
48.8883
40.1732
36.1323
44.101
42.4536
45.018
42.9668
42.874
46.9847
44.9902
49.4122
40.5902
33.3515
39.8779
37.4909
42.9681
42.075
34.6209
44.471
41.3488
44.4726
38.6855
39.6432
41.024
41.1739
40.2719
43.5659
44.4411
49.6487
37.9922
40.7235
44.5536
39.1661
42.1321
47.2366
35.5251
37.1337
37.305
39.918
35.2094
40.9606
42.2264
43.317
43.8462
37.2239
39.6962
42.1496
43.9343
43.0067
38.2221
40.8924
34.3602
31.8274
37.8536
33.4138
36.8982
34.0656
29.9508
28.6748
21.5543
23.4918
30.7062
25.5928
27.663
33.6056
36.6741
39.1837
28.6186
38.7033
38.9429
39.124
33.9335
32.2057
33.6947
30.9433
32.7326
31.2711
30.7914
24.7863
35.1546
33.8993
33.1415
28.8266
32.7481
34.9935
38.209
36.2521
25.593
33.7748
44.2489
56.53
48.0867
29.4434
31.3993
30.7098
22.894
27.7031
18.6269
20.6701
19.7939
20.5635
19.4348
15.353
24.1474
21.6965
24.4244
22.036
14.4144
19.293
21.2611
20.171
21.7754
16.7263
12.2878
18.9065
23.5872
25.6765
20.3044
17.1716
16.1215
19.9202
17.3475
24.8376
16.4666
19.1844
23.1473
12.9553
18.4077
15.0622
12.8872
11.6496
12.741
21.216
18.1167
12.8874
12.396
17.7947
21.2329
17.7355
18.1927
15.4721
10.5559
21.8746
25.9275
32.5463
33.7752
30.8263
33.8551
40.2657
32.3905
43.0335
27.6823
35.5505
31.6826
32.1339
37.6763
41.22
40.5858
45.2929
41.6044
40.4624
35.8785
34.8604
37.2043
32.5754
35.6707
33.0143
32.7244
29.0554
31.0399
33.7247
29.8794
28.725
36.9733
38.2314
34.8186
37.3645
32.2346
25.9778
16.5893
6.13661
1.41201
8.17733
8.69941
8.2175
2.23891
9.63631
14.0515
19.2704
20.2809
18.1488
19.0163
22.0396
24.268
20.9981
14.4917
21.6346
24.7097
18.8943
21.1571
22.4963
17.6034
18.9731
17.4534
24.0493
23.6573
28.5898
27.013
19.0747
34.3045
18.4949
22.4124
18.8572
16.5917
17.545
18.7721
18.3132
20.4277
28.9742
26.5739
24.8058
27.2057
29.8198
31.7701
30.2286
31.4293
26.751
26.0509
25.2494
25.2859
16.1866
17.5226
31.7634
45.256
27.9866
31.6059
38.6083
39.1141
34.5117
24.8546
26.2158
22.1958
27.883
17.2647
15.8943
17.4586
8.67386
29.1907
27.9803
21.7182
17.639
15.4653
19.3891
13.9685
23.0177
32.3968
29.7176
26.4717
22.6901
23.9055
27.8531
13.3009
19.8037
20.2672
15.075
18.7983
10.2931
14.5699
15.7786
11.3107
11.2984
11.0715
16.0504
16.5626
27.916
28.4762
22.7321
24.6034
29.734
20.9426
21.5839
20.8638
12.9083
12.3107
21.1994
22.7996
16.1418
21.7703
25.3644
29.9669
17.7981
21.4674
24.3342
24.0667
22.0498
17.752
12.6584
18.34
24.4096
21.7808
30.2585
22.6753
28.0881
24.5175
25.6592
26.8082
32.0928
30.2851
33.2904
28.6986
26.9766
28.7554
23.4568
27.3769
18.4578
30.1444
29.5765
19.4217
21.3151
16.109
14.213
16.9509
11.7158
16.5162
24.559
21.7097
12.2071
6.36138
5.07974
10.1578
9.7901
26.6114
21.4765
21.4879
3.12023
6.00673
-2.99126
-4.8507
-2.76175
2.12995
4.16768
12.971
9.43341
4.89643
0.0736888
-4.25489
-4.36849
-5.42989
5.14753
23.3534
16.9549
7.78631
13.9602
18.4312
32.9004
28.6494
34.7748
34.2665
39.2159
31.1521
30.0991
30.8503
27.4287
21.31
25.1567
21.6571
10.3677
14.6352
13.955
11.7587
5.04307
9.07687
16.6514
26.7241
26.065
26.9608
27.1805
22.7743
26.8817
23.8895
26.2712
25.5482
26.9245
22.8401
27.3262
25.4969
18.4972
17.8303
16.7961
21.2805
22.3245
16.227
18.8792
20.2098
16.4538
16.4578
19.2044
14.7141
21.3103
21.3641
12.5555
21.465
17.6474
18.6052
21.3124
15.3166
15.2088
16.9907
19.6613
18.8402
12.3413
10.0271
11.7252
7.0308
16.0663
18.6909
19.0223
18.9994
14.5203
16.7742
9.10517
3.08481
0.67164
6.46022
2.86162
-4.12943
-7.52774
-1.5074
-3.95092
-6.47684
-9.30632
0.690822
2.17111
0.169194
-8.36443
-5.43273
-13.9204
-8.16842
4.44894
14.8272
19.5016
16.3845
12.3405
16.6257
17.1417
8.68984
15.424
13.892
10.2432
26.2472
9.52319
11.1919
12.7654
9.42078
10.1961
12.9762
9.34892
5.67435
6.23736
6.06193
11.3435
10.6337
6.64514
3.88424
6.96405
6.28875
8.71871
5.64339
4.78877
9.53191
6.35012
7.87426
5.36106
8.34363
9.22435
8.6175
10.9884
9.50981
11.769
14.3312
10.3084
9.57437
16.7745
12.4997
