-42.7877
-34.3542
-36.7784
-30.0857
-31.1627
-31.2444
-25.6754
-23.145
-52.6277
-35.3745
-48.251
-43.6742
-52.7677
-54.2368
-46.4455
-41.6463
-36.0848
-31.8855
-24.2215
-19.2117
-32.9554
-29.606
-26.2534
-27.8028
-27.0583
-16.4914
-26.8775
-27.0872
-25.1636
-22.6437
-23.5987
-32.4416
-33.8728
-34.3517
-37.3997
-45.9787
-40.997
-47.921
-51.4056
-52.1145
-56.772
-54.1739
-55.6558
-51.9568
-45.694
-56.0552
-60.6522
-61.1103
-60.7377
-54.6055
-53.7621
-49.3159
-46.5148
-45.6411
-43.778
-44.9447
-44.7303
-46.5844
-46.7863
-48.5367
-48.9204
-48.388
-57.2571
-54.5136
-47.2299
-53.0056
-53.7589
-54.558
-60.674
-69.4287
-51.4561
-52.5739
-52.3571
-47.5705
-60.417
-56.9494
-51.4164
-48.5405
-46.2536
-44.6593
-42.4266
-44.5121
-42.2552
-43.6429
-49.1788
-46.8495
-54.1606
-39.5494
-42.2918
-40.2951
-39.1036
-41.508
-41.3585
-38.5685
-37.0279
-38.4473
-37.3893
-41.8029
-47.1797
-48.7013
-45.5654
-51.9991
-50.9586
-64.9133
-53.4386
-43.188
-28.5808
-40.6649
-43.0413
-46.2166
-52.1823
-43.3332
-40.9681
-34.6181
-35.5729
-44.3163
-30.8089
-42.798
-44.0249
-44.3135
-45.0625
-55.4402
-35.3978
-44.5957
-59.6699
-32.3838
-42.2323
-31.8054
-36.5845
-49.5589
-45.6526
-35.9023
-33.408
-31.9207
-34.5855
-38.8012
-42.1832
-37.7283
-44.6584
-46.2208
-47.7727
-48.3676
-51.4789
-52.6646
-49.5214
-50.2626
-49.3093
-48.7417
-54.6395
-57.5296
-54.4627
-58.3246
-57.1501
-57.2852
-55.8726
-52.0452
-54.5243
-56.8597
-59.9199
-55.7839
-53.3509
-52.9257
-52.8306
-57.7371
-58.965
-56.3396
-57.6643
-56.8992
-52.2792
-57.5646
-54.6392
-54.8238
-53.668
-54.9283
-57.3226
-59.4864
-56.7429
-49.4186
-61.1568
-55.9394
-55.6531
-50.7239
-51.5097
-58.051
-59.13
-50.8378
-58.0013
-52.6729
-56.0848
-47.7177
-52.0552
-50.8377
-48.1017
-50.6874
-54.9722
-52.5757
-55.6393
-55.3562
-59.538
-58.6421
-57.3638
-55.7015
-52.7268
-55.4285
-57.2551
-52.6463
-53.6767
-53.7059
-55.0132
-55.0337
-57.7115
-55.6852
-57.7782
-52.9598
-56.641
-57.0357
-58.0677
-58.7901
-55.4157
-55.5922
-56.4698
-58.4872
-58.9063
-56.9247
-57.0984
-59.3714
-56.2151
-54.7971
-53.6199
-51.5535
-49.7457
-55.2323
-55.0253
-56.1552
-53.3024
-55.6307
-52.9855
-53.4457
-53.9545
-55.0516
-54.9049
-51.3303
-53.6186
-53.0837
-50.2868
-52.1507
-49.261
-49.7793
-50.7481
-46.4061
-47.2541
-47.4396
-44.3214
-43.83
-45.8069
-40.5255
-42.2325
-42.5729
-48.338
-55.1057
-59.463
-65.7604
-45.6393
-57.3625
-69.987
-65.6708
-62.2337
-69.0312
-64.7113
-65.003
-61.707
-69.7061
-60.6087
-55.1645
-50.4512
-54.2775
-45.9928
-45.4554
-48.421
-49.2578
-43.9991
-42.0668
-37.9562
-47.7078
-33.9195
-41.8271
-41.4877
-41.9886
-47.477
-50.4022
-43.858
-47.9175
-44.1443
-43.8156
-42.4389
-45.0889
-47.3051
-45.8822
-49.4142
-42.0841
-45.2771
-39.3426
-47.4264
-47.8786
-46.8094
-46.4429
-39.3598
-37.8192
-34.6007
-34.0761
-38.4096
-35.9068
-43.3279
-44.8408
-49.3883
-47.0428
-44.6697
-45.1109
-46.9827
-47.1986
-51.6922
-52.6202
-48.9857
-47.5635
-49.0336
-45.9759
-44.53
-42.2911
-49.2595
-40.2831
-41.7883
-44.2257
-52.3586
-46.1098
-47.5754
-43.6813
-46.2516
-45.3815
-45.2294
-47.1408
-40.7812
-44.0275
-40.5431
-33.224
-34.273
-36.4325
-36.5602
-39.3775
-35.856
-34.934
-36.3895
-33.705
-33.9156
-36.4367
-45.9823
-52.5997
-39.5405
-43.014
-46.688
-50.0622
-46.5088
-43.4837
-45.5775
-38.662
-37.9076
-37.1385
-37.3314
-40.3576
-42.8195
-41.827
-40.4446
-43.5911
-42.7264
-47.3827
-54.3231
-50.325
-45.8936
-46.948
-47.978
-52.7118
-51.8228
-48.4547
-43.3912
-40.996
-40.676
-43.4455
-51.1772
-49.3443
-51.3583
-49.2534
-47.2691
-45.3608
-44.2992
-42.9989
-45.4149
-43.2962
-45.01
-37.1844
-38.5304
-28.9155
-25.7973
-28.5719
-27.4843
-31.8497
-31.8556
-30.0672
-28.4294
-32.5219
-28.3957
-30.6802
-28.6876
-27.5382
-34.2278
-37.4138
-38.5152
-46.3389
-38.1699
-45.0244
-41.1855
-44.6024
-41.3399
-44.6625
-40.0534
-43.4486
-42.5787
-42.2231
-50.1279
-48.0329
-35.708
-40.0779
-41.0841
-34.2402
-34.983
-46.3363
-35.2032
-29.6304
-45.7746
-45.0635
-48.9398
-54.9431
-49.4579
-46.7557
-38.069
-40.4196
-39.2154
-34.5039
-22.5276
-29.7226
-21.2363
-41.173
-34.7167
-32.2688
-36.2649
-37.0806
-31.6575
-29.5127
-42.835
-32.3511
-36.8219
-36.6408
-39.933
-42.1732
-44.031
-43.6528
-44.1955
-37.3566
-38.0597
-42.7768
-47.5252
-36.1857
-35.9289
-40.6903
-34.7056
-34.1201
-49.8171
-44.9109
-39.2026
-44.3835
-37.8543
-43.4151
-41.8112
-44.1141
-35.7
-43.0219
-47.6022
-42.7173
-33.379
-50.3623
-32.3303
-34.3475
-34.0169
-28.7739
-38.6838
-40.6576
-36.3271
-36.3661
-36.2475
-42.5154
-40.5855
-42.0673
-46.5944
-46.4777
-44.7377
-59.3089
-62.204
-53.8272
-48.2132
-35.2735
-42.0924
-38.7532
-43.217
-39.0629
-44.7515
-46.3953
-46.4092
-30.1775
-38.7517
-33.9707
-31.4431
-34.2932
-32.4045
-28.5297
-38.8047
-37.9883
-45.5161
-45.0922
-45.9132
-40.9934
-41.3923
-40.4655
-43.4644
-38.7856
-42.1577
-44.8017
-49.0233
-42.7093
-44.525
-40.2066
-43.3244
-42.4723
-45.6002
-42.9974
-41.6328
-39.7749
-36.6928
-36.5978
-39.4043
-36.3368
-40.8006
-42.708
-51.2482
-49.436
-52.4301
-48.152
-41.512
-43.2503
-45.6272
-38.9129
-48.7447
-51.5255
-46.7359
-54.8141
-50.9323
-54.1424
-49.4256
-46.1386
-46.6858
-43.9064
-41.2975
-43.7356
-45.2354
-52.4579
-47.7563
-49.4069
-48.0695
-48.0775
-46.8066
-36.6476
-42.6188
-55.7138
-35.4315
-42.7114
-38.5514
-33.351
-26.2564
-27.6648
-25.4722
-29.0817
-33.0246
-42.4644
-37.6786
-46.7456
-35.3957
-35.9283
-40.566
-37.281
-38.5204
-31.7073
-33.5022
-31.0226
-34.2156
-34.5682
-27.7431
-24.5095
-28.3485
-26.6579
-28.6692
-21.0049
-26.4934
-30.1011
-26.851
-25.2595
-28.7978
-22.6244
-25.1603
-26.5402
-24.553
-22.0536
-21.2381
-28.3372
-26.2563
-22.4285
-22.3985
-23.6252
-26.0598
-34.6259
-34.5757
-29.5946
-29.5453
-32.2424
-35.1483
-33.9412
-34.9815
-36.8794
-33.7637
-32.0092
-34.5561
-31.2832
-30.1712
-32.4414
-33.2028
-31.962
-35.977
-31.0201
-29.0872
-30.01
-37.2598
-37.2296
-40.1557
-36.9521
-28.5087
-33.3203
-30.5212
-35.9433
-33.6786
-33.5592
-31.6985
-26.1422
-35.6583
-30.6094
-29.561
-28.0982
-31.6346
-28.8751
-33.9519
-33.2043
-33.5431
-29.4527
-35.8281
-32.7976
-21.6926
-26.8199
-35.2693
-37.311
-29.5995
-30.2792
-21.0268
-24.9833
-25.1773
-24.6361
-27.7546
-27.5863
-30.7158
-25.1351
-28.2332
-26.1535
-35.345
-33.745
-35.2176
-37.0297
-44.8506
-56.9066
-64.7888
-59.0522
-64.2426
-66.9441
-66.9814
-63.4926
-65.8373
-63.1634
-63.7435
-58.8675
-56.1931
-49.8429
-45.8056
-32.2031
-29.2307
-21.2905
-25.733
-29.7568
-22.5356
-27.0608
-25.1748
-18.7479
-8.43041
-4.22814
-17.683
-17.764
-20.1139
-16.4865
-15.0822
-14.8759
-14.9259
-9.79544
-9.28326
-5.94392
-16.4243
-20.0907
-26.8376
-28.7109
-25.5598
-28.1557
-30.9671
-35.1249
-32.8061
-27.2101
-34.01
-35.1383
-31.0643
-34.1462
-31.9702
-37.9189
-56.5618
-49.0596
-51.2935
-57.0558
-56.2504
-56.4126
-59.9262
-64.4275
-71.0038
-48.1317
-57.7379
-56.7104
-54.0639
-61.1226
-57.342
-59.9664
-53.8481
-55.513
-54.932
-53.1709
-53.181
-55.5392
-57.3234
-52.9157
-56.0073
-55.2552
-51.4182
-52.4715
-57.0197
-57.313
-58.7005
-56.2702
-56.5482
-51.724
-51.8381
-54.1021
-51.3335
-52.3864
-52.8945
-51.7997
-48.0444
-49.6257
-49.9274
-52.7394
-48.3633
-54.0141
-54.1829
-55.3496
-58.5291
-55.0245
-50.9002
-53.1848
-52.0825
-52.039
-51.9463
-53.9825
-55.0987
-55.3239
-55.1664
-51.9036
-52.8776
-51.9628
-54.2233
-55.9505
-54.8702
-57.4392
-55.7492
-56.4151
-52.8432
-52.8774
-40.0623
-64.1555
-62.6279
-60.0327
-53.928
-62.8009
-59.3822
-50.861
-56.6198
-52.4524
-57.6979
-50.0533
-47.8851
-43.5013
-44.5277
-42.1888
-40.7311
-43.2623
-40.9589
-45.935
-53.7628
-52.6578
-48.3761
-51.1354
-55.4566
-58.2447
-55.952
-62.3643
-47.9064
-43.4369
-41.3407
-44.7625
-45.4156
-46.1795
-52.4276
-56.8229
-58.8195
-60.0663
-57.5425
-59.1939
-57.4166
-52.2597
-54.6955
-55.5279
-51.2758
-46.7071
-43.9293
-34.8583
-29.6299
-29.0404
-32.571
-42.3467
-41.9439
-51.3773
-53.4981
-52.5573
-51.8569
-55.4281
-55.2841
-57.2275
-49.4133
-46.8725
-42.8694
-37.961
-42.1844
-41.4878
-43.7618
-44.4738
-49.9197
-54.1559
-56.6406
-57.0457
-58.1753
-56.9944
-58.7874
-59.043
-59.6072
-47.0426
-45.055
-53.9785
-46.5677
-42.1552
-46.7046
-50.1533
-56.0128
-54.2468
-56.0698
-55.0251
-55.6417
-47.2583
-45.1924
-43.7123
-35.8029
-38.3741
-35.6865
-38.1555
-35.8079
-34.7472
-35.4503
-46.4031
-50.3176
-49.0129
-52.4734
-51.394
-51.9674
-57.374
-51.8938
-48.4545
-40.1937
-41.8692
-40.5089
-44.7384
-53.0819
-48.0573
-44.3706
-51.4944
-38.1739
-51.6766
-44.6039
-48.7423
-51.9934
-54.9999
-48.3974
-44.6173
-35.767
-34.5005
-33.8537
-38.9827
-39.4031
-41.1915
-41.8891
-39.2054
-40.6155
-41.4433
-49.256
-49.3588
-51.9167
-52.3452
-49.823
-52.2817
-53.2361
-48.9639
-46.156
-51.5559
-46.9324
-50.4872
-41.9223
-41.4971
-42.9131
-37.6281
-37.5002
-37.5171
-34.2888
-39.0073
-36.443
-42.1611
-41.2705
-41.7029
-42.4784
-41.6566
-34.9891
-45.7084
-43.138
-45.2627
-39.9907
-49.1422
-42.8046
-53.9193
-49.6652
-49.6707
-54.6277
-56.9509
-62.9576
-56.4831
-51.2876
-54.569
-57.2676
-62.9276
-55.5105
-59.2067
-52.0459
-56.5163
-56.7247
-56.5603
-54.4032
-49.9353
-52.0312
-53.3428
-55.2663
-51.7116
-49.69
-51.8992
-51.6811
-52.3071
-50.242
-51.5804
-46.551
-48.7319
-47.8703
-49.0541
-47.476
-47.6674
-48.9788
-48.5478
-49.3084
-48.011
-49.0919
-44.9357
-46.2115
-49.7627
-46.8659
-47.6248
-45.663
-50.5742
-50.931
-51.3663
-48.1841
-43.4794
-48.866
-49.7834
-49.8839
-42.7939
-51.4613
-47.8282
-55.2465
-53.1033
-56.1676
-53.209
-57.3178
-50.8931
-57.1894
-52.8351
-59.9315
-56.8447
-46.072
-42.3765
-46.2568
-49.9792
-50.5866
-59.4847
-52.0753
-61.9371
-55.3085
-57.6411
-59.0341
-61.1673
-59.4849
-59.5346
-61.5478
-63.0387
-64.0251
-59.7017
-58.8219
-57.1104
-56.7548
-58.9904
-59.4362
-59.3699
-57.4163
-62.523
-61.333
-64.3992
-67.9489
-64.4333
-62.308
-64.0356
-61.3435
-62.3758
-60.2712
-58.9661
-61.1173
-61.6675
-58.8616
-59.4051
-58.3773
-56.4675
-55.7879
-61.4487
-61.8892
-65.2184
-60.0561
-59.5766
-58.8137
-61.5551
-56.1215
-59.0159
-58.1057
-52.2389
