-28.4034
-41.949
-45.3443
-27.8392
-27.9176
-31.2045
-24.2777
-28.233
-29.5771
-22.6979
-16.5358
-24.5283
-26.3618
-19.9723
-20.169
-21.5829
-16.6084
-24.5809
-19.0242
-35.1125
-26.5741
-33.5282
-41.1921
-26.6747
-38.9026
-37.6684
-37.4701
-28.6851
-17.772
-17.0185
-18.8858
-22.2748
-19.8564
-29.0172
-28.8712
-20.8331
-25.1496
-26.7551
-21.1261
-21.5843
-25.5202
-20.7831
-27.1839
-25.2613
-38.7826
-23.0049
-15.7097
-24.856
-35.8677
-41.629
-36.5789
-29.0293
-36.9087
-35.4027
-29.9702
-31.36
-36.5812
-28.2927
-43.7342
-42.3653
-42.8538
-39.2321
-35.4366
-37.5171
-34.2905
-32.8914
-33.6977
-39.0237
-35.4154
-34.3046
-41.5256
-35.8702
-31.8667
-40.3598
-34.8117
-30.5463
-31.7302
-40.68
-41.8737
-44.5505
-39.04
-41.3229
-41.0369
-41.1055
-45.2966
-46.2185
-47.5959
-43.6607
-42.1027
-43.9643
-44.1769
-44.7583
-46.4309
-38.7903
-40.3502
-44.6072
-40.3251
-42.6517
-38.3007
-40.3444
-36.1364
-34.2035
-35.7685
-40.3755
-41.7843
-41.2456
-42.1021
-48.0265
-45.5011
-45.7148
-43.7916
-42.8332
-48.6345
-40.9819
-39.1756
-37.1414
-27.8742
-16.4156
-13.9885
-13.8214
-19.2043
-14.7741
-19.6938
-17.1361
-16.5545
-18.6417
-30.2154
-31.623
-32.1673
-31.2782
-32.6083
-28.645
-30.335
-31.4892
-28.1752
-35.6018
-26.0873
-31.6463
-31.118
-28.8906
-30.4212
-37.1286
-35.5188
-26.5218
-35.8348
-23.0727
-36.5834
-39.1965
-26.6989
-25.5937
-22.3911
-28.6683
-31.9688
-27.2824
-30.2203
-18.0835
-28.0777
-23.4216
-21.0998
-32.527
-31.4743
-24.6014
-24.2614
-23.397
-28.5407
-31.4052
-24.3242
-25.0367
-33.886
-36.6893
-36.0324
-22.0257
-16.9686
-32.5929
-25.0071
-34.9641
-33.4644
-33.2904
-13.6517
-23.6525
-13.3983
-21.5416
-21.1188
-23.6195
-28.643
-33.8495
-21.8282
-36.1399
-42.0815
-38.2184
-24.051
-30.6398
-31.2596
-25.9313
-29.3424
-24.8834
-26.088
-26.9613
-23.03
-29.0236
-25.0313
-26.3518
-26.1235
-28.3883
-18.9993
-33.4037
-27.2243
-24.2801
-34.908
-27.3086
-27.4223
-30.0352
-30.6053
-31.0374
-28.8884
-28.1937
-32.8937
-22.7868
-34.2229
-24.3916
-33.5584
-44.655
-28.6147
-25.8436
-23.5047
-20.7449
-31.6618
-37.1372
-24.8749
-14.0489
-31.7399
-31.1192
-36.2775
-22.2635
-23.8382
-26.4454
-28.1588
-24.8518
-19.2064
-29.8441
-33.2141
-37.8322
-43.7046
-27.5771
-28.3746
-30.7019
-28.8803
-25.8153
-25.2219
-18.6365
-23.9193
-30.8205
-14.4677
-22.0241
-19.0136
-13.3987
-26.7416
-23.8949
-18.7344
-38.4458
-28.7087
-32.1817
-34.9286
-33.1199
-32.5794
-35.3316
-35.7106
-23.9277
-17.914
-17.2119
-28.6538
-25.9601
-25.6281
-24.4666
-20.2947
-21.1679
-25.7983
-18.6738
-13.2837
-28.0814
-27.0102
-24.0447
-23.9072
-20.4223
-34.0989
-25.6713
-14.9769
-30.0217
-29.847
-40.5876
-38.1005
-31.6866
-36.709
-41.7278
-27.0359
-36.3144
-35.1983
-36.3376
-37.8354
-42.3395
-42.6618
-37.5656
-38.541
-37.5153
-33.8593
-31.5144
-35.6975
-37.7801
-31.0301
-41.2038
-43.9356
-34.463
-32.2292
-37.8769
-34.1866
-25.4996
-36.9707
-41.2973
-43.8752
-44.114
-40.4848
-45.4057
-40.3385
-37.9921
-50.5017
-49.4621
-43.1449
-44.5846
-44.2418
-43.7653
-47.999
-44.3076
-44.7809
-37.8174
-40.9277
-45.6754
-42.2832
-41.326
-41.0514
-39.7951
-35.0639
-37.9311
-34.2747
-44.374
-42.5203
-42.0628
-46.9666
-56.0837
-51.7139
-50.6583
-45.2534
-46.3612
-52.9454
-42.0589
-40.3768
-32.1814
-24.8314
-21.335
-27.7344
-29.4871
-21.409
-27.7201
-23.2955
-17.3227
-25.7917
-27.3783
-42.2171
-29.0137
-37.9101
-32.4444
-32.117
-33.7261
-28.8269
-27.4036
-33.5161
-34.0243
-29.3296
-26.8402
-30.4831
-21.0219
-31.9316
-43.481
-36.6425
-31.9528
-30.9685
-20.2225
-37.9734
-34.5769
-30.0743
-23.9635
-26.3012
-29.1109
-33.834
-25.0112
-35.0368
-16.9185
-24.3341
-27.5456
-14.7405
-29.9257
-28.4892
-23.6098
-23.3762
-21.908
-32.4386
-22.442
-26.9867
-22.2356
-31.6141
-37.3258
-30.4147
-23.2765
-17.7593
-30.9211
-30.231
-36.6032
-34.8268
-28.4685
-21.7964
-34.2365
-12.7973
-25.7812
-21.9311
-26.5562
-29.649
-30.0558
-23.6995
-44.9804
-39.7979
-35.2142
-21.7316
-30.729
-25.1043
-28.4714
-26.9696
-16.7379
-29.6413
-23.5027
-25.5852
-29.4268
-30.5305
-20.2882
-31.3448
-36.258
-16.9577
-31.5685
-25.7075
-24.974
-30.9375
-31.9318
-25.1694
-31.8297
-29.6789
-35.4197
-20.3257
-24.3432
-35.1847
-27.1368
-34.654
-35.8566
-27.3485
-36.2197
-31.3423
-22.3376
-18.9242
-21.1484
-36.2153
-31.4449
-19.9645
-20.5408
-32.6585
-25.9138
-37.1979
-22.4271
-23.5952
-26.531
-27.6307
-23.2417
-21.9291
-31.6575
-39.5071
-39.5593
-38.5779
-22.6149
-31.4803
-27.5164
-33.5805
-27.2576
-23.1186
-23.1779
-25.6422
-32.7814
-14.9774
-21.7607
-20.0655
-11.3606
-24.4682
-21.4353
-20.5393
-31.38
-31.7991
-32.2704
-36.7835
-37.1102
-34.3495
-32.8523
-28.852
-17.3707
-14.2327
-15.6119
-29.3271
-28.8756
-32.418
-29.1248
-23.2542
-21.2052
-24.8608
-20.27
-18.1815
-28.0315
-27.6641
-21.1795
-29.6044
-28.3335
-26.1104
-25.8891
-17.8952
-34.2573
-28.4431
-35.4001
-40.4037
-31.2455
-37.4966
-42.635
-28.4758
-35.7597
-32.9066
-39.8138
