15.7621
5.087
12.3053
20.0618
14.3668
10.5632
11.0203
8.97717
13.4802
13.0867
16.4383
22.4906
21.6916
20.1929
21.7577
12.8289
5.9561
17.3773
23.482
28.7093
29.205
25.4763
23.2547
19.7436
16.8118
19.2546
15.8963
23.8334
22.9955
21.5386
21.6076
21.6469
18.641
14.0406
23.6257
23.3933
23.5886
19.5222
21.6571
17.0566
19.9285
19.319
27.5034
23.5017
28.9331
19.7787
25.5667
19.2943
19.9579
22.9767
29.9635
25.605
21.4325
19.9753
24.1418
20.5552
20.4318
28.1246
24.2316
26.0367
20.6325
30.4645
18.8665
23.0382
24.3412
22.998
23.8049
23.1266
13.4991
13.4859
13.7335
18.1311
27.7187
20.2397
20.2915
23.9755
19.9908
19.7027
29.1618
25.5196
23.9042
25.4271
18.704
27.2422
23.3042
19.0726
18.3055
22.8359
19.0706
23.5468
15.3899
20.0199
18.7952
25.3003
22.9177
21.3147
14.5553
19.4172
27.295
26.4291
30.1932
25.3093
27.9402
38.5001
32.8811
34.4822
34.9174
36.6387
37.4572
44.8695
39.5929
39.1203
44.9221
36.0224
35.9546
34.088
32.995
34.539
35.4208
32.6207
38.0842
35.359
34.4985
35.978
45.8227
35.7973
43.2648
40.7795
38.0749
37.0819
39.4051
43.5121
37.568
35.252
33.8511
37.0662
35.2553
38.5603
38.2229
44.0639
35.7984
40.5825
36.5239
34.068
35.947
33.444
34.2506
31.2704
31.2064
33.613
31.3392
31.5967
37.3816
34.0119
35.0125
32.6779
31.0898
35.6304
36.4025
35.5504
36.0084
37.5092
41.2614
45.7978
38.9689
44.5828
33.1944
37.2252
38.4934
21.66
26.8507
17.4194
17.3791
12.5128
13.2129
29.1705
32.9175
36.3797
39.7877
34.1525
36.0517
34.2194
27.5644
29.8441
36.2953
30.9047
34.5891
33.135
34.534
33.0371
29.4331
32.386
32.5839
39.2224
31.9454
36.2267
30.9499
41.6888
36.6755
40.6734
39.4252
45.6184
38.6105
37.7225
37.9224
39.1551
39.2441
30.476
35.0416
35.4963
11.7376
15.6512
19.1376
