-115.366
-171.547
-173.495
-167.037
-169.337
-158.92
-150.213
-139.11
-125.096
-138.807
-136.586
-132.417
-151.619
-158.935
-165.266
-164.6
-162.492
-161.804
-167.371
-171.235
-158.766
-163.217
-168.666
-169.296
-170.613
-163.693
-161.539
-157.331
-150.181
-144.942
-142.974
-136.902
-136.331
-134.548
-119.263
-90.6987
-86.5544
-102.032
-116.821
-109.025
-117.239
-123.759
-126.051
-117.674
-118.69
-116.456
-130.971
-106.406
-113.594
-109.221
-86.9763
-82.7367
-94.6746
-95.7504
-86.0441
-77.174
-65.6706
-69.455
-71.7326
-87.075
-81.3698
-87.1582
-88.058
-94.5734
-106.202
-121.725
-132.326
-139.488
-140.279
-141.654
-141.77
-144.035
-143.485
-148.056
-149.494
-152.53
-138.893
-134.308
-138.42
-132.099
-128.434
-129.422
-132.276
-125.416
-134.712
-133.425
-133.499
-139.973
-146.984
-134.047
-110.119
-97.8127
-61.1766
-52.5992
-35.9087
-44.2027
-46.1575
-47.2647
-40.6924
-104.356
-83.1654
-85.2327
-88.5824
-97.6273
-121.283
-113.897
-129.535
-119.109
-118.096
-120.275
-124.588
-138.659
-134.06
-129.434
-131.635
-124.84
-120.241
-125.71
-126.004
-127.942
-131.351
-127.375
-131.195
-125.618
-133.461
-132.165
-131.911
-132.216
-129.39
-132.309
-127.194
-128.441
-123.426
-122.197
-135.76
-129.282
-127.979
-139.372
-139.822
-143.44
-139.759
-132.91
-131.005
-132.777
-138.065
-143.691
-146.862
-141.316
-135.389
-139.074
-133.83
-139.567
-139.003
-133.193
-133.115
-133.976
-131.047
-129.634
-136.151
-141.305
-137.199
-138.228
-144.091
-142.082
-134.745
-128.286
-131.993
-122.062
-129.353
-125.175
-125.038
-129.658
-130.28
-135.54
-124.931
-117.849
-122.457
-120.175
-127.967
-119.756
-119.142
-114.104
-117.176
-115.152
-108.61
-103.331
-102.433
-99.4814
-96.4353
-101.03
-95.5006
-98.5894
-95.0829
-84.9904
-75.8229
-68.597
-75.0648
-67.9313
-67.4509
-62.0141
-76.5711
-72.4155
-70.0622
-74.8202
-75.5306
-85.7891
-78.0219
-67.6205
-85.3968
-83.8855
-82.4171
-85.4581
-78.2556
-73.6286
-70.6336
-152.467
-130.862
-125.054
-120.754
-121.399
-111.304
-111.673
-119.465
-112.104
-112.519
-114.263
-111.614
-111.025
-118.776
-116.006
-107.181
-110.769
-116.523
-112.494
-119.246
-128.752
-122.156
-127.989
-118.358
-121.03
-120.474
-126.678
-126.024
-128.532
-123.244
-127.529
-130.769
-130.784
-130.012
-140.756
-139.529
-139.107
-140.863
-134.598
-124.103
-122.974
-122.091
-122.649
-119.486
-119.927
-119.584
-113.927
-118.206
-123.827
-122.331
-120.351
-112.588
-106.009
-101.069
-109.059
-97.2818
-98.412
-109.306
-118.686
-102.664
-101.711
-117.564
-120.167
-127.802
-125.965
-126.929
-116.427
-108.881
-113.99
-121.04
-109.566
-105.364
-103.717
-100.129
-107.169
-102.952
-101.657
-97.5844
-97.9652
-94.5702
-85.8342
-83.6447
-92.0286
-88.778
-84.7832
-96.4614
-93.488
-95.0702
-94.2979
-99.2619
-96.3607
-96.9507
-101.829
-111.381
-111.424
-108.159
-108.214
-113.009
-113.534
-116.444
-122.473
-110.52
-110.336
-116.593
-118.231
-107.782
-107.35
-112.838
-102.753
-96.3702
-98.9102
-96.4618
-101.18
-103.865
-99.6237
-101.927
-104.609
-110.181
-102.864
-103.355
-90.9023
-98.3998
-91.3902
-93.6533
-98.1166
-97.3564
-96.9167
-92.1756
-99.9671
-99.8673
-103.128
-108.218
-102.461
-100.663
-98.0003
-97.1367
-95.4552
-104.066
-101.199
-93.2584
-98.5487
-93.0138
-99.7069
-105.47
-102.349
-98.082
-96.5368
-88.5717
-91.6921
-98.3549
-99.3143
-96.7837
-92.6422
-95.4513
-98.5078
-96.3449
-102.735
-99.8982
-103.859
-100.859
-100.877
-103.478
-102.852
-104.016
-100.33
-104.61
-102.769
-100.589
-104.243
-101.176
-110.827
-102.965
-106.401
-110.965
-105.078
-113.093
-108.749
-104.902
-91.0586
-92.4788
