8.29631
24.0604
27.8704
37.4777
41.9086
24.0355
36.7706
35.2541
33.6452
30.8587
24.9336
33.9728
32.8594
17.0993
21.9261
21.2142
27.7459
33.494
33.7047
47.3576
40.2097
51.0192
41.0417
45.9752
44.4132
35.9028
31.0665
36.0893
29.0981
36.3612
28.0701
26.1767
19.7539
10.9934
15.7296
13.0063
14.3706
12.1215
16.6084
2.61983
12.7686
8.7583
4.26959
9.418
16.6506
-1.26869
0.742423
7.92487
8.50019
10.9317
10.1744
13.4243
18.1263
15.0954
6.6997
16.2171
22.686
15.2257
12.6816
8.8826
11.871
12.1141
8.28664
0.909325
7.06504
26.6935
15.5968
16.2437
16.8931
16.6111
25.5695
13.0734
11.5947
5.59721
10.9864
0.853266
16.701
26.4198
8.46706
13.6267
13.0243
16.476
13.5246
5.1213
17.0039
21.1062
20.0379
12.9933
14.8221
22.015
0.338399
18.0237
7.4874
5.69784
12.5929
14.6107
13.4319
20.2705
18.1848
3.49375
3.6759
15.4912
10.2501
-2.77885
5.4181
16.4079
21.8227
20.9807
10.0999
13.1757
15.399
3.0781
17.0276
12.2566
19.199
14.8499
25.8593
13.3028
18.9158
21.5554
13.8047
12.5251
19.6234
17.7496
14.2676
6.33591
6.52542
11.2154
11.6699
18.8056
13.6883
14.0413
26.1633
18.783
17.7805
27.0215
10.3154
16.8083
24.7594
34.5252
33.3264
34.9203
26.9872
33.371
28.901
24.669
26.2653
19.3312
36.9425
26.1386
15.5525
22.6661
22.9205
29.3974
34.9666
36.0367
46.5132
49.806
46.9861
42.3058
36.6669
45.7526
26.7322
38.6701
35.6004
30.7201
36.5295
26.8293
23.6723
14.259
10.6129
22.6097
14.0977
10.4046
17.1693
13.2057
4.50381
10.3723
4.94982
4.22069
18.4554
6.76172
-3.35489
4.27398
4.33715
7.49577
5.96273
11.5129
15.8736
12.0673
19.3148
12.6991
9.36775
21.6346
15.7465
18.3625
7.06162
8.85753
10.0465
7.1923
-0.0785763
12.0474
21.4926
7.64729
12.8141
17.294
9.69297
24.7995
11.8108
10.819
1.54767
6.50746
7.57145
17.3257
18.1114
8.86515
18.5129
12.3387
6.35279
16.6127
12.8685
28.0168
15.7353
20.5495
14.5927
14.9847
14.046
6.5364
10.6111
7.2748
6.16313
17.8293
15.7294
17.2433
15.5371
12.8666
1.41039
4.04118
13.1041
5.47146
1.47077
13.8103
23.1399
26.0191
20.3815
4.16915
19.1905
14.4862
2.94143
19.4542
13.3923
14.5707
14.6085
19.2639
13.0923
17.2808
20.6261
13.4492
11.3002
22.2967
11.4513
10.6102
6.76431
8.52167
15.478
12.5797
20.8388
4.9856
20.7804
21.8296
19.2864
15.9482
22.6889
11.8118
24.0077
25.4448
44.0723
34.4265
25.4307
31.629
32.0561
29.0942
31.1257
26.1898
18.2699
34.331
18.7438
12.0547
19.5849
23.3833
37.6999
36.1934
37.3731
45.4375
53.4204
46.2493
46.0949
33.721
39.6946
18.954
42.6265
33.5983
28.8197
28.5193
25.9915
18.6912
9.0336
10.1452
20.7294
15.017
15.916
11.5942
8.36981
11.2099
4.81388
8.99053
-0.848977
21.9677
8.13064
1.03493
9.09793
3.59256
3.97013
8.6004
8.48984
17.1866
11.2851
17.021
25.4537
4.71481
21.6835
14.4101
14.2276
9.6032
4.4235
8.00896
1.24332
2.20935
19.4849
19.1144
6.94461
17.6485
19.996
11.6357
22.2287
6.12099
7.97371
2.37329
9.3562
10.5659
18.1809
25.1814
14.7817
19.8948
12.2606
5.12514
16.2235
21.407
31.8128
15.6048
22.1368
18.332
22.9846
7.66315
10.6043
8.5603
9.45024
3.67568
17.907
16.9783
21.5967
17.6104
16.5878
7.95818
5.03649
16.8463
-1.47166
6.76682
17.3871
21.4624
23.4482
9.20709
6.3007
19.0334
15.9503
2.64823
14.9482
17.1269
15.1915
16.1688
10.5669
14.1565
13.3806
18.6424
12.5106
7.58942
24.9471
9.74298
5.39624
7.94295
7.57894
16.1936
14.143
21.216
-2.31537
22.8907
21.4707
23.8555
15.0512
21.8541
4.50731
23.3701
25.5319
41.4537
40.7692
18.5649
35.7388
35.8472
28.3629
35.6763
30.7027
20.2379
35.8174
13.3553
18.5145
23.9175
25.6157
33.6879
30.2126
42.1893
43.2657
51.6228
47.271
46.7579
41.9457
34.7991
20.8286
35.0414
30.2687
29.7176
25.2681
27.1715
16.9276
11.8275
13.4349
14.0336
12.2883
15.6668
13.572
0.467663
10.2437
5.93938
5.28832
3.88268
25.3723
2.57167
3.58146
8.11672
6.04218
6.34535
10.3707
7.28735
17.7916
10.399
11.282
26.0052
11.3573
19.015
13.8532
9.18079
12.328
7.87333
8.25978
-3.05997
8.3358
22.7146
16.5244
14.9622
21.1661
20.5277
18.4817
18.1878
15.6439
8.93149
10.7512
5.96785
18.6922
15.2707
