-15.4252
-7.40346
-14.96
-10.7752
-8.7619
-13.5105
-12.7845
-2.55777
-7.23344
-13.0488
-10.5456
-10.5156
0.0923352
-9.72686
-14.4985
-2.57864
3.90937
4.36031
-2.502
-5.72742
-4.61494
-0.85052
-1.44874
-5.34081
1.89743
-3.94818
-3.89275
-5.08979
-7.31628
-0.235402
-13.2975
-14.768
-27.6949
-39.7925
-37.1964
-20.2085
-29.3916
-29.412
-25.2085
-11.6603
-19.3254
-33.708
-29.3416
-16.2774
-22.4983
-22.6688
-29.2399
-9.1317
-14.4171
-10.2514
-29.8586
-11.1429
-10.778
-23.5511
-14.4627
-12.7529
-7.97009
-6.53795
-11.7027
-11.7063
-6.19753
-7.27255
-7.41272
-3.19824
0.977648
-6.64606
-16.0153
-25.7327
-35.8116
-39.9764
-39.3573
-38.0588
-35.9978
-40.5713
-35.2689
-41.0951
-38.3086
-23.3904
-43.3017
-35.4817
-32.4611
-32.9278
-34.9824
-37.6202
-36.2894
-32.7095
-41.0289
-45.7977
-48.65
-35.6025
-27.7136
-29.8381
-19.896
-22.0234
-13.5468
-17.163
-23.1055
-29.8895
-37.8962
-27.3297
-31.384
-31.6609
-25.4741
-14.604
-26.2216
-17.7924
-17.4642
-7.43518
-12.0874
-8.56312
0.597377
-5.45705
-5.74266
-9.09514
-3.25013
-7.19736
1.13987
-6.08828
-1.37547
1.3121
0.548095
3.59962
5.66113
-2.05436
-4.4893
0.369619
-3.46602
-1.59486
-2.15672
-6.42482
-4.5631
-3.31652
-3.99099
1.25486
4.37118
-5.89757
-7.72042
-3.65667
-1.36617
0.22379
-14.4044
-8.50815
-6.02632
-3.8935
-6.08173
-7.45584
-8.17581
-6.99508
-7.44423
-10.2985
-4.0203
-8.33466
-10.8315
-14.5664
-8.75471
-9.1712
-10.3543
-7.21421
-9.34051
-11.2137
-10.0234
-8.74192
-6.01584
-12.4239
-4.31575
-0.820062
-1.33663
4.27089
-1.97008
-6.24113
-1.59099
-0.683763
3.23505
-0.868591
1.05283
5.9809
3.83724
-2.18567
2.22951
-0.738441
4.36461
2.71344
-3.33265
10.1258
14.4818
8.82648
9.74989
3.39682
0.658768
-3.73096
-0.0914954
0.515781
4.90068
10.1232
10.5715
14.0407
0.888425
2.08432
9.49194
14.6811
11.8989
3.69539
4.26052
-0.64939
-7.17982
8.75518
2.41114
3.40855
-3.71089
-8.60194
-8.71644
-7.09727
0.487523
-2.10787
-0.874363
-20.8301
-7.3365
1.45393
3.42997
-0.481632
-5.88006
-2.58664
-4.01735
-1.64674
-10.518
-0.744428
-7.20921
-7.21582
-7.58412
-5.58904
-7.95302
-15.7002
-9.87954
0.221363
-20.6443
-13.9795
-20.7641
-17.992
-17.1709
-15.7385
-8.63549
-9.75537
-3.52385
-9.45992
-3.71872
-12.6166
-18.3303
-11.1441
-16.5504
-15.4504
-15.1504
-16.7026
-21.4112
-20.9466
-14.0386
-16.6537
-14.2987
-16.6095
-17.9229
-20.4339
-21.2507
-16.6711
-13.7881
-29.2289
-28.9901
-31.7264
-23.8009
-17.9658
-10.3518
-16.5871
-15.8576
-7.39287
3.3984
-1.46712
1.32442
5.44858
-21.951
-28.2569
-36.6147
-35.4149
-32.8617
-40.131
-38.0013
-41.785
-43.7218
-40.0203
-38.9574
-36.7692
-36.8659
-40.9697
-37.4642
-33.727
-35.0569
-27.7686
-27.2949
-23.6924
-25.1729
-24.0082
-30.1779
-26.1694
-26.1556
-21.9015
-24.5015
-25.5139
-23.2412
-25.79
-20.6318
-20.2822
-20.5569
-20.1703
-27.7428
-30.712
-28.1078
-23.7079
-19.3587
-19.6016
-24.6343
-19.922
-25.9326
-24.3112
-23.3075
-24.4777
-30.288
-27.0858
-25.4527
-30.4777
-26.6004
-25.9116
-28.2397
-33.5792
-35.0749
-32.3069
-33.3032
-34.1105
-28.8054
-22.2742
-22.8103
-21.6941
-22.7885
-28.7267
-24.786
-21.1092
-19.7404
-29.7431
-20.6066
-20.0598
-33.6264
-23.2239
-19.1506
-20.8445
-16.5192
-22.1986
-16.8027
-17.907
-17.8409
-17.3712
-19.2271
-17.1998
-14.144
-11.3511
-19.1134
-16.1702
-12.7263
-13.4398
-15.2169
-18.6767
-16.1171
-18.9969
-17.9747
-16.8989
-19.702
-22.6178
-23.2765
-19.167
-25.2691
-25.6001
-16.8061
-20.1669
-24.8633
-26.5274
-20.8461
-16.5242
-19.2202
-21.9218
-27.6733
-19.058
-20.9067
-26.1453
-31.1012
-27.5191
-26.9818
-21.2965
-26.817
-25.4148
-30.2637
