-14.5649
-1.67602
-10.3341
-17.7773
-12.1387
-9.53522
-14.6195
-3.73551
-2.03766
-4.2473
-8.30648
-17.8239
-6.07365
-16.991
-2.65324
-9.25551
-8.78913
-4.38985
1.36516
7.29745
-8.27522
7.31411
1.67576
-1.47529
-0.573799
-1.28448
-6.27556
-9.14601
-16.3834
-16.2702
-13.4065
-2.28949
-9.59962
-7.34838
-2.71478
-2.79251
-14.6956
-22.6597
-26.1219
-37.4507
-35.0123
-45.497
-35.7792
-27.1871
-29.4371
-31.6349
-35.2374
-26.714
-33.3616
-27.4273
-36.8571
-37.5738
-30.7767
-27.4331
-26.4942
-32.391
-36.0073
-33.2677
-30.2217
-34.8545
-33.9773
-36.5219
-42.2274
-39.5789
-38.7201
-31.1769
-28.8524
-25.4508
-26.8925
-27.0775
-28.5404
-28.5164
-29.589
-33.4876
-32.762
-38.3053
-34.6585
-38.261
-41.2711
-37.7552
-37.1615
-19.5197
-12.3508
-8.78978
0.574568
-6.92779
-3.92579
-6.07945
-12.6283
-10.201
-10.2261
-5.09146
-13.6623
-0.457657
-18.5195
-36.1697
-34.6182
-30.107
-28.6481
-32.7114
-32.9509
-34.973
-34.4442
-28.6576
-28.1851
-27.517
-28.3885
-27.883
-23.1947
-30.8618
-27.1801
-28.2527
-23.0987
-22.6695
-23.0096
-31.1772
-31.2593
-25.6538
-27.0221
-28.1042
-31.0678
-27.2434
-30.94
-26.2049
-31.3114
-36.511
-44.3257
-50.7411
-54.127
-43.6992
-31.8663
-12.372
-7.977
-5.79926
-17.6781
-24.4143
-9.62534
-8.61504
-8.42455
4.26011
-17.5615
-5.73866
-11.3695
-10.0655
-12.1728
-9.74357
-14.3818
4.71795
-4.29647
-0.119576
0.258221
-3.73484
-8.40509
-17.0835
-19.8708
-11.746
-30.7421
-24.5319
-31.7216
-20.0307
-22.6127
-23.9586
-21.55
-22.6103
-22.3
-24.3184
-24.056
-27.2271
-20.1919
-20.9383
-24.7961
-22.0703
-21.7055
-21.3709
-26.3314
-20.2561
-23.179
-14.87
-15.3658
-31.6038
-27.883
-30.2202
-24.6415
-22.3314
-30.9898
-25.5091
-21.409
-21.831
-22.2936
-29.3572
-23.9928
-21.0611
-19.9428
-27.9278
-29.2751
-30.5716
-25.4542
-29.7005
-26.9497
-27.9427
-27.7496
-33.0694
-29.4789
-32.7379
-31.3721
-39.6095
-31.4148
-31.914
-37.1972
-34.6755
-42.5783
-28.8765
-31.052
-34.1639
-32.536
-39.3851
-32.6136
-27.1127
-32.657
-26.8418
-37.0907
-30.6784
-35.4946
-19.4957
-26.156
-33.6328
-29.7622
-30.8771
-21.1819
-31.2619
-27.7065
-36.8472
-32.2367
-20.1675
-19.638
-23.3514
-14.9124
-16.6634
-18.0793
-23.7142
-16.612
-18.4482
-22.9247
-27.6949
-32.7409
-30.0469
-23.3576
-28.4698
-29.0422
-25.345
-23.7637
-27.0295
-38.767
-36.3212
-33.1759
-25.6239
-20.7944
-20.4136
-9.90914
-7.61059
-11.1017
-0.146698
-18.4962
-12.1401
-5.58467
0.121723
1.98332
-23.9725
-17.7319
-11.3286
-17.817
-37.6644
-36.8225
-49.7206
-49.1311
-55.693
-59.7302
-55.7434
-55.9293
-55.8905
-55.9378
-52.4338
-50.228
-56.3283
-44.4994
-47.6378
-48.1748
-44.3966
-54.2852
-51.0227
-48.17
-55.1786
-52.7294
-51.7346
-55.6394
-57.6405
-57.3905
-56.1342
-59.2791
-54.9287
-57.0371
-52.4686
-60.4879
-54.7541
-59.3384
-53.0356
-52.8233
-60.4456
-56.8224
-49.6441
-54.4726
-52.0765
-49.8944
-53.2643
-48.8176
-47.1778
-50.2052
-53.0318
-57.8003
-58.613
-60.2623
-52.4645
-55.1065
-51.0666
-57.5488
-46.6018
-52.7526
-47.7249
-54.8548
-53.132
-48.7861
-43.316
-39.3198
-40.5252
-41.212
-37.3461
-38.0362
-33.2136
-31.9652
-33.1664
-38.011
-43.2784
-40.9301
-48.8643
-44.4238
-44.8178
-19.7358
8.86101
13.3613
7.02778
-0.395121
4.63923
5.58867
2.67865
-0.580024
-4.45902
-5.53948
-10.6164
-8.50011
-0.783492
0.760393
-8.77011
-15.9896
-3.61241
-14.1378
-15.8409
-19.9076
-12.5938
-16.2283
-25.6583
-14.1089
-13.1916
-18.9316
-4.79074
-16.2058
-15.9726
1.22869
-11.6042
-8.08615
-13.2909
-11.7594
-12.4984
-6.76922
-10.647
-10.2941
-14.9282
-5.84646
-11.4179
-12.5939
-11.3732
-9.28246
-23.1743
-21.1387
-16.9982
-16.8082
-20.1331
-12.9699
-15.4492
-14.9703
-19.4443
-18.7254
-17.7256
-16.4142
-9.9691
-11.3888
-12.524
-9.8743
-0.896201
-9.74731
-9.45705
-8.89801
-13.3022
-6.05988
-10.0338
-9.32971
-12.3439
-9.82581
-12.0396
-13.9417
-7.8765
-13.4258
-15.102
-11.8436
-11.8443
-12.1562
-7.62125
6.94964
12.4678
4.14459
6.35148
7.29769
8.73258
11.775
14.6005
12.4215
16.9209
5.62611
7.77722
-5.55265
-10.4478
-2.43955
7.81257
11.0472
0.503187
0.364035
3.98154
11.7341
2.54741
-6.28847
-23.1861
-25.6022
-24.8829
-18.1637
-29.5728
-30.0812
-25.0924
-28.6266
-39.5557
-34.0605
-38.7037
-38.995
-31.0987
-30.2619
-22.3068
-24.6172
-24.7475
-24.9138
-19.372
-25.7253
-23.4505
-15.4256
-12.6374
-15.7137
-26.2603
-18.7169
-26.1602
-24.7572
-28.2356
-31.7895
-36.4767
-42.7962
-34.9802
-14.3799
-28.0573
-36.5178
-22.6691
-15.894
-15.436
