-51.4999
-90.5278
-68.5535
-35.0395
-37.3505
-28.0141
-26.5748
-38.4253
-30.1259
-31.5476
-31.9824
-25.6811
-21.3159
-30.704
-34.4378
-36.7795
-25.2896
-36.8272
-41.2555
-35.0772
-38.2629
-43.4174
-38.4505
-39.5796
-34.5358
-41.3699
-39.2131
-33.4885
-34.2126
-35.4857
-31.9992
-29.8335
-34.3333
-26.3659
-43.8842
-24.5196
-40.4078
-24.8469
-29.3454
-35.6873
-42.5556
-47.2614
-49.2221
-44.2023
-40.7283
-39.9985
-38.1635
-40.8513
-39.7679
-43.4507
-49.3604
-33.8927
-41.8101
-43.8715
-44.5618
-35.9911
-44.2568
-41.2847
-47.5345
-49.7485
-44.6607
-42.0119
-43.9259
-40.2018
-37.6552
-44.3736
-38.0159
-42.9223
-44.3319
-40.6331
-43.9461
-49.1557
-52.4077
-50.1985
-55.3714
-60.776
-56.3277
-59.1325
-55.7258
-53.2204
-48.209
-52.559
-58.917
-59.6154
-59.5544
-47.1722
-56.6993
-55.2234
-54.4039
-59.7325
-56.2148
-52.4548
-48.8698
-48.9135
-48.1449
-46.9138
-49.5091
-43.8152
-52.4016
-38.1305
-45.648
-44.0369
-48.6595
-44.0017
-40.9575
-45.4891
-52.7848
-51.6869
-48.0845
-54.7251
-50.7837
-46.0423
-49.9757
-52.2375
-51.6767
-51.9868
-57.3973
-47.44
-50.1048
-41.5553
-49.4234
-49.1132
-52.7641
-51.1222
-52.8088
-52.4001
-52.308
-57.8263
-55.9784
-53.8765
-54.874
-55.8688
-56.1986
-61.9783
-54.3221
-56.6394
-58.2662
-56.4526
-58.8122
-59.7851
-62.6551
-58.6047
-61.4288
-62.061
-57.7639
-61.0056
-63.8423
-58.3688
-56.7602
-55.6821
-58.0055
-60.7057
-64.7757
-64.7428
-59.3814
-57.3573
-61.7767
-62.3679
-60.5552
-59.9968
-61.3157
-57.4958
-56.7082
-66.2044
-60.3705
-60.0237
-62.2827
-57.7095
-56.4302
-60.9524
-64.5793
-58.4755
-64.6446
-56.982
-59.5094
-62.7293
-60.1485
-67.5138
-60.0069
-60.737
-56.3472
-54.0421
-50.6432
-53.5264
-54.8638
-57.35
-51.98
-61.2027
-53.8285
-60.861
-51.4092
-42.0852
-41.3685
-46.7113
-52.1442
-45.3075
-53.441
-54.2398
-55.9143
-57.0139
-49.6432
-59.185
-62.3905
-58.8237
-58.4721
-62.1005
-51.2198
-43.521
-37.9962
-27.5785
-36.3867
-44.5369
-53.6287
-56.6418
-52.2606
-63.1521
-75.5273
-73.2832
-64.8943
-50.121
-50.0709
-58.0655
-71.5042
-83.0283
-75.3297
-75.0435
-74.9208
-78.2874
-65.3466
-70.548
-77.2291
-87.1466
-83.084
-94.7031
-80.9179
-82.5057
-83.2845
-83.8806
-87.7434
-92.4715
-91.0766
-86.8308
-89.2608
-86.6043
-84.0457
-82.1062
-84.1308
-78.9325
-82.2098
-73.9101
-74.6893
-78.4796
-76.7151
-77.1626
-78.9688
-86.7391
-80.6609
-86.8379
-82.2412
-82.9984
-83.5689
-80.6485
-76.575
-75.0443
-68.3545
-68.9969
-70.1529
-78.4327
-79.2425
-69.2241
-64.6978
-69.5093
-60.2205
-52.5606
-43.9056
-52.7512
-51.3266
-60.0381
-60.218
-63.788
-62.0981
-63.5346
-62.848
-65.0709
-64.7118
-59.6693
-63.6033
-57.5214
-52.3
-55.8123
-52.6428
-56.1334
-62.9103
-59.9347
-61.5959
-55.2887
-63.5057
-52.8935
-61.1853
-64.7393
-58.8487
-63.9033
-63.3467
-59.6124
-61.4575
-61.4738
-66.7066
-64.4264
-63.3216
-53.3953
-57.4137
-59.2976
-65.5261
-59.9131
-67.6551
-60.116
-59.5191
-58.3962
-58.8302
-50.9849
-61.2736
-58.0911
-60.373
-70.1654
-59.4973
-62.0432
-65.2205
-60.7117
-56.2206
-62.3192
-60.6566
-54.641
-59.2574
-60.7853
-63.3245
-69.2311
-67.5875
-68.8513
-71.9995
-72.2919
-71.7759
-65.3516
-69.3341
-71.7119
-63.8317
-64.6294
-67.221
-62.9872
-63.1194
-63.2287
-65.7478
-71.9016
-68.951
-70.033
-69.0284
-71.5649
-70.5492
-70.8412
-66.871
-65.2121
-73.6398
-70.162
-70.4619
-76.5449
-76.4356
-70.4717
-71.0374
-73.1137
-72.4279
-73.9001
-71.8572
-73.6879
-73.1509
-69.2655
-73.1606
-75.162
-70.7302
-68.0971
-72.3394
-72.7478
-70.4214
-71.3966
-71.0156
-69.0396
-72.7304
-67.4421
-68.74
-75.1836
-78.8925
-78.0084
-77.8422
-68.4186
-70.974
-75.5906
-62.5912
