76.2969
74.4896
64.8419
79.4419
73.7172
71.9184
64.9095
76.5383
67.7994
61.4182
60.4034
47.3002
66.4546
59.8816
55.8625
48.8302
56.2269
59.3255
42.9169
54.1808
69.47
69.7914
70.7927
69.8769
73.6459
68.9365
67.9211
63.9491
63.1329
62.3917
68.8528
61.1244
63.9137
65.9026
67.2788
55.6477
53.0312
56.079
57.8962
43.1979
46.0856
37.9058
48.9395
58.5355
50.6148
50.4547
52.0697
66.7823
70.7493
61.0202
80.6286
71.0703
76.5732
66.3744
62.6766
74.0012
58.0368
59.5232
68.1561
66.1247
75.5527
68.5877
69.8512
66.4139
66.5237
59.6484
65.994
57.5511
58.5937
71.2056
65.9408
64.0849
65.659
61.6387
65.2348
65.5687
65.1507
65.2451
67.4856
69.2481
67.4352
66.9436
70.6328
72.4839
72.2352
67.1487
69.4704
69.9337
66.2652
71.2124
66.4497
71.6311
62.0888
67.4781
67.0973
69.8555
67.7601
64.7142
64.1184
69.556
60.6439
66.1171
67.0207
69.4233
73.0441
62.8747
72.2708
65.6387
63.2585
56.0168
54.8076
51.0688
45.8446
55.534
60.7911
54.9101
52.2754
53.9336
50.8017
56.0358
59.6419
71.025
57.4447
65.8204
71.4589
75.9392
74.2971
74.2761
72.0527
70.7627
71.2221
71.9267
75.4395
73.1163
68.8263
69.7613
71.3454
69.432
74.1288
72.5686
65.8004
56.8297
56.5801
54.238
62.8234
63.4964
47.7008
52.6757
60.0119
65.2848
56.8798
50.4661
53.2961
57.3917
68.739
59.9082
62.4448
69.5279
57.7239
63.3045
62.0458
64.8276
62.0453
61.328
65.7346
58.1035
59.0594
60.1045
64.2341
61.8719
56.8431
43.0958
54.8392
58.6925
63.757
47.5482
56.6814
56.542
62.1864
44.5334
41.14
45.715
62.1106
62.5536
54.9062
60.1814
57.0802
59.2313
51.4633
57.0989
51.6546
58.4296
54.0625
48.4251
55.4675
63.2796
51.2374
51.0701
52.1509
55.3865
63.6118
58.0082
48.3198
50.4846
57.5283
50.4556
55.2578
66.1223
47.1173
50.8251
49.6089
66.3079
56.3447
64.8277
60.935
57.8109
52.1003
49.0966
54.987
43.2905
61.4246
58.1223
56.9849
66.7128
61.7973
60.0605
59.9087
70.9833
55.4671
54.6273
49.2839
60.9384
56.0556
61.5524
57.6869
58.6549
64.4455
64.5005
63.7172
57.7718
76.7106
77.5587
67.6164
82.7868
71.853
65.8108
67.0766
76.7324
66.4232
68.6098
57.2207
52.83
59.1365
53.5381
52.9879
60.1426
63.1408
62.2602
42.7785
55.7706
72.6984
68.0084
73.5179
71.5931
73.4339
68.6075
66.4132
62.5389
57.3509
62.6445
63.6247
66.7348
65.3764
63.0317
60.0445
56.0026
52.0799
55.5944
54.2066
50.8597
40.0817
44.9756
46.905
59.8724
59.7401
49.1668
51.5007
68.9483
72.0472
61.0689
77.6288
65.2143
77.0716
71.4397
63.1199
73.1251
64.7894
62.9171
65.6753
66.3325
73.4184
69.0497
72.9903
74.7775
65.8618
63.2353
70.0298
60.3407
62.7098
69.5413
66.6079
62.7469
64.5454
61.7205
69.8549
67.6092
63.3976
64.7227
67.7366
67.9781
68.1916
63.4033
71.7495
75.4177
71.1039
68.2453
70.2953
70.898
69.0717
71.8662
68.7094
73.229
63.0459
67.3404
69.025
68.6482
71.0642
63.8776
69.8622
73.6948
59.9756
70.8139
68.2236
72.4466
72.9767
73.8205
72.0635
67.4245
61.6606
54.1833
59.113
54.1233
47.8703
56.5845
57.2194
56.766
53.4738
60.7388
59.5135
54.3885
68.8318
71.4787
60.3645
65.8606
71.9175
73.3768
61.7683
69.6564
71.6626
71.596
70.5512
73.4443
76.9156
71.223
71.5449
72.0528
72.6851
74.1637
76.6291
74.4751
65.8341
64.0088
68.0228
60.7142
59.0606
55.0613
47.2611
52.3396
59.5906
65.9389
54.1587
54.5509
58.4798
54.4861
60.0838
63.6074
58.9643
68.2631
57.046
66.6403
60.4531
62.5326
62.7481
64.9792
68.5149
57.5377
65.1065
62.1982
58.8957
62.5984
56.8616
47.4565
53.6653
62.2885
56.7025
44.5563
54.1289
57.1707
54.5554
45.8357
47.0581
54.5694
64.1397
68.0352
60.1405
54.2081
54.1759
54.5716
44.9792
58.4357
57.8968
54.6336
53.5566
48.887
57.1693
64.8041
49.0214
49.2417
49.4944
51.5625
61.8832
57.5721
50.7047
46.6828
52.9981
46.1297
62.0307
58.692
49.698
45.8809
57.3609
61.5595
57.9156
63.0736
59.9562
54.9709
49.6476
51.4263
62.6293
54.8182
61.7043
54.9628
57.9086
64.967
54.8287
59.2747
64.4711
77.9182
59.4288
46.1317
50.9215
56.0575
58.4454
56.2221
54.3473
56.9516
62.2709
64.4019
63.2584
66.0454
77.0857
76.2868
72.2477
86.8826
74.3666
65.5315
66.8086
70.2775
55.1167
64.7716
52.9054
59.2275
56.6278
50.3231
48.5855
61.4966
68.1183
56.707
44.7911
69.6585
74.8829
66.3217
72.0133
70.5166
69.6937
69.4118
68.4423
60.7756
58.1529
65.8538
63.2421
66.3328
67.7889
66.6879
59.6451
52.8922
51.5763
57.3474
52.3341
50.8131
40.3294
48.1967
45.7269
54.2514
54.1522
52.59
59.7015
67.8709
68.1268
66.7512
76.8705
62.4562
66.6946
71.8879
66.1612
68.4212
71.2099
62.1306
