-32.8797
-28.5314
-28.0568
-29.7114
-40.6956
-37.594
-29.9998
-38.8942
-43.642
-25.1446
-29.5677
-29.2856
-31.4792
-34.1178
-33.3944
-27.7725
-26.8555
-32.4103
-17.0982
-22.7743
-5.91898
-18.4852
-30.1448
-20.3784
-39.468
-39.6219
-24.7341
-27.9034
-23.4142
-14.6134
-17.2514
-12.8872
-7.68689
-8.48128
-9.54932
-4.23846
-20.4039
-23.2835
-21.5377
-22.4541
-27.8724
-16.3493
-37.2698
-36.5233
-26.741
-50.1938
-48.5368
-51.606
-36.4361
-41.5102
-34.4307
-33.2497
-34.9122
-30.4189
-38.8839
-21.0563
-31.3808
-16.8442
-21.06
-30.5463
-19.0157
-25.2061
-22.464
-38.2481
-21.3939
-25.9243
-30.1446
-28.7762
-35.4283
-36.0132
-30.4535
-31.1137
-26.8056
-33.437
-26.4724
-25.8373
-27.0192
-27.0524
-30.9835
-24.7442
-23.2442
-29.517
-23.9382
-35.3761
-35.4086
-31.4688
-33.3082
-32.9462
-23.3293
-26.2527
-25.3953
-32.0351
-41.4517
-37.9758
-27.1414
-33.0017
-30.9403
-25.3781
-29.9972
-30.902
-30.1654
-21.6758
-16.5909
-25.1508
-26.3583
-18.523
-26.9703
-19.6839
-24.6822
-22.9244
-22.2832
-25.0076
-23.9535
-23.7108
-25.6415
-11.6348
-16.0363
-12.8942
-5.87171
-7.90329
-5.80906
4.67881
8.02645
2.85912
8.93765
8.23609
10.1452
11.6324
5.0751
5.86308
15.7242
16.4829
16.9704
21.8037
8.60927
9.18142
7.52651
4.38316
11.5366
18.8413
9.0569
6.4723
6.97439
16.0765
14.4424
16.6104
5.12689
12.2774
6.64851
9.69501
5.57682
5.07683
7.63335
5.98396
3.1619
0.11166
-6.10416
-10.7775
-14.8068
-11.0816
-13.7588
-0.342453
5.47404
-10.7655
-5.06115
-22.4411
-12.9698
-23.4721
-10.256
-7.53268
-17.3474
-24.8267
-16.1585
-10.9489
-13.4659
-10.1179
-7.15837
-7.51869
-15.2179
-2.1468
-26.4779
-11.978
-28.8951
-17.3402
-10.5733
-3.53988
-12.1232
-17.3785
-7.73253
-18.4248
-22.5103
-8.64053
-16.2777
-13.3547
-18.2308
-8.81635
-9.58353
-16.9067
-18.6796
-26.8002
-14.0968
3.41716
-8.66275
-18.1767
-10.6143
7.67118
-11.2351
-11.8685
-10.3889
-16.7169
-16.1242
-16.6294
-1.47617
