-90.7496
-101.814
-100.721
-103.248
-102.867
-98.0917
-94.0556
-93.174
-83.442
-92.8764
-80.9198
-87.2253
-74.5011
-62.5106
-49.2545
-50.5029
-40.7934
-37.278
-32.0495
-47.6374
-115.461
-101.302
-96.7502
-94.1805
-95.1426
-98.3035
-99.2228
-97.0343
-93.4082
-103.24
-85.1833
-101.219
-100.979
-97.5153
-92.9374
-86.6314
-90.3229
-96.9347
-94.4957
-88.2711
-86.5374
-91.7714
-90.3197
-74.4177
-62.5062
-80.2624
-71.1941
-71.7396
-57.3868
-62.1957
-66.8127
-67.8041
-56.6549
-53.8062
-57.806
-67.1277
-95.8268
-97.3116
-102.034
-108.858
-108.449
-117.782
-114.45
-108.924
-113.373
-114.017
-116.398
-114.893
-110.327
-114.488
-114.741
-111.122
-117.063
-115.068
-121.197
-126.314
-104.564
-117.287
-110.765
-114.773
-117.674
-120.341
-124.457
-115.275
-113.006
-120.982
-117.297
-105.521
-113.175
-109.968
-117.655
-116.883
-113.602
-113.801
-117.082
-114.074
-114.639
-116.47
-113.968
-115.897
-111.165
-110.773
-112.853
-112.658
-106.318
-109.482
-100.315
-99.0673
-82.8296
-76.9373
-67.3898
-61.5777
-68.975
-85.1222
-84.7224
-94.7982
-92.9695
-92.4153
-97.2884
-87.6253
-83.9656
-94.0559
-101.607
-100.576
-101.853
-101.824
-98.3913
-95.9422
-98.2425
-104.837
-99.0406
-92.2043
-94.534
-94.324
-88.3306
-89.9235
-92.4642
-96.834
-95.8087
-99.8733
-101.285
-107.123
-100.282
-102.205
-79.8774
-75.4848
-72.3647
-57.8681
-44.747
-45.7212
-59.5428
-47.0067
-48.3005
-44.2104
-41.2618
-45.2873
-41.8171
-46.7014
-39.3858
-33.4031
-37.2574
-35.708
-33.5503
-44.6733
-37.9695
-50.4387
-25.5167
-45.1219
-36.3932
-32.8725
-44.1765
-41.4627
-46.6552
-42.3858
-43.7404
-27.148
-37.9909
-44.3429
-30.6596
-30.6234
-40.7478
-39.611
-45.9319
-34.413
-44.4922
-47.0961
-40.8266
-48.2871
-48.0316
-42.9932
-39.8704
-39.5702
-43.6047
-36.4527
-36.1972
-45.7894
-44.5205
-49.754
-36.7741
-37.7176
-25.9571
-42.4636
-39.2728
-37.8013
-34.817
-38.5546
-35.6731
-44.419
-38.6112
-40.7137
-40.1904
-42.1419
-43.5533
-29.7435
-39.4343
-38.8108
-39.9089
-35.0713
-40.6901
-31.5643
-43.7194
-40.4715
-40.0811
-36.9656
-42.7062
-41.1091
-40.725
-37.0955
-42.2232
-41.9451
-29.4172
-31.2497
-37.4413
-27.5072
-39.4266
-29.1854
-35.5421
-44.1761
-35.9267
-58.0754
-84.2767
-107.858
-100.945
-100.765
-100.799
-95.5306
-99.3304
-91.297
-84.5575
-91.1065
-86.7891
-76.8267
-75.738
-58.3239
-50.9168
-45.2844
-33.8705
-36.7544
-32.0647
-50.2245
-112.942
-104.21
-96.6351
-81.8701
-96.7361
-101.041
-105.741
-92.5487
-86.4947
-98.2625
-87.9454
-100.506
-104.156
-98.2371
-89.5304
-83.2919
-91.8411
-95.1739
-94.7754
-84.5819
-99.4174
-103.533
-85.4677
-78.1805
-64.2385
-76.2188
-80.0624
-65.4943
-64.1453
-65.747
-65.2077
-64.762
-52.2142
-56.5596
-56.6542
-79.8374
-98.1154
-95.7939
-101.687
-107.665
-116.806
-114.821
-113.259
-105.502
-116.395
-116.79
-110.938
-115.937
-109.73
-120.072
-118.894
-117.267
-113.551
-121.702
-129.909
-120.681
-112.247
-122.232
-109.444
-119.739
-118.09
-128.58
-127.515
-111.79
-120.908
-121.717
-119.492
-105.181
-114.144
-112.118
-125.019
-114.631
-114.73
-115.478
-115.222
-117.87
-117.438
-116.485
-118.084
-122.638
-116.61
-116.367
-119.459
-119.707
-107.697
-110.468
-108.635
-97.4385
-87.4732
-73.1723
-68.1006
-62.0285
-75.1128
-88.7537
-89.0331
-98.7013
-93.8061
-93.2858
-97.9653
-85.478
-89.8368
-92.9254
-101.338
-99.3241
-100.695
-96.7149
-108.974
-92.043
-94.5679
-101.686
-98.0748
-96.6277
-102.179
-93.7646
-86.6756
-84.2806
-93.2447
-97.7449
-99.1484
-110.462
-105.568
-98.4
-99.9715
-104.282
-79.0411
-72.5099
-65.6186
-63.6499
-43.9427
-43.0324
-48.709
-43.9722
-49.0556
-44.4871
-41.1636
-47.2353
-43.4026
-41.5331
-36.0324
-35.3242
-33.5047
-34.9612
-33.4386
-43.4471
-42.2465
-46.1558
-29.4107
-48.6567
-33.9531
-38.1482
-35.523
-44.4014
-45.1336
-44.124
-42.9643
-33.6065
-44.0105
-40.0053
-28.8806
-31.4593
-45.2042
-47.4408
-42.8815
-34.3379
-42.6589
-49.1532
-40.4601
-51.1964
-54.2286
-43.4759
-41.2932
-36.9278
-43.5976
-31.1865
-36.9938
-38.9539
-49.7959
-45.7438
-38.6287
-43.1997
-22.5195
-43.1836
-31.9335
-40.9219
-31.1008
-43.9017
-30.6803
-51.6354
-37.1577
-47.9651
-39.4157
-34.2705
-47.2392
-28.9657
-38.4937
-43.0893
-37.7266
-36.4966
-31.1797
-33.5452
-43.7818
-36.2511
-47.7388
-37.4803
-44.7455
-33.5475
-43.6577
-32.8768
-40.772
-38.813
-26.458
-35.5291
-31.3213
-26.3236
-43.282
-32.8766
-35.2178
-38.7561
-35.8058
-77.2107
-86.3264
-105.326
-102.902
-103.301
-98.4332
-92.3704
-103.428
-92.055
-90.1782
-90.0172
-94.4743
-72.3513
-72.0364
-58.6531
-54.3591
-42.2749
-35.1108
-34.1883
-37.5576
-86.7781
-104.747
-105.733
-96.9441
-77.1247
-92.1892
-99.013
-107.396
-92.8263
-92.1449
-95.7379
-89.7048
-98.124
-99.1293
-93.8139
-89.6785
-83.9009
-92.996
-96.6704
-98.7241
-84.715
-104.921
-101.344
-84.9122
-73.0105
-77.2041
-70.8643
-80.596
-59.1381
-68.3797
-72.7084
-65.6361
-52.5201
-48.0236
-57.7931
-62.505
-88.6436
-98.6002
-103.628
-100.458
-108.68
-118.526
-115.501
-113.468
-109.542
-120.824
-115.225
-107.706
-111.991
-105.569
-117.533
-113.524
-118.251
-110.758
-118.165
-134.037
-114.116
-115.678
-117.356
-110.961
-121.908
-119.967
-128.814
-129.763
-110.453
-120.874
-117.582
-119.492
-106.22
-114.317
-112.048
-127.125
-112.87
-114.276
-117.933
-113.268
-116.784
-119.069
-115.727
-120.376
-122.393
-114.83
-117.075
-120.843
-121.338
-109.37
-107.081
-108.03
-91.9832
-89.0012
-71.9313
-69.093
-65.4229
-78.195
-86.6722
-94.5265
-99.5724
-95.1418
-96.1292
-100.692
-89.9249
-97.007
-97.7127
-102.053
-99.5968
-102.258
-96.036
-102.395
-104.101
-97.1686
-102.876
-96.8028
-97.6266
-102.594
-90.7646
-91.0784
-83.4307
-94.9049
-97.8356
-98.8053
-112.736
-107.135
-99.3051
-102.601
-91.472
-78.3074
-71.2028
-54.0214
-62.2625
-45.817
-51.4191
-48.4554
-41.7667
-43.9912
-43.3099
-42.7605
-45.0994
-50.3019
-38.9452
-41.8706
-36.8063
-39.034
-34.1383
-37.4494
-37.8426
-46.8854
-41.7282
-34.5923
-44.1908
-32.0231
-43.6468
-38.5141
-47.8046
-45.8518
-43.5066
-39.7954
-35.1894
-46.154
-36.0966
-29.6537
-35.3436
-41.3976
-49.1989
-42.1026
-34.9298
-44.1202
-47.3725
-42.4718
-50.3002
-52.4207
-44.2745
-32.3439
-45.2664
-41.7197
-32.1745
-42.4199
-31.9166
-49.2406
-45.2825
-39.4141
-42.7512
-28.7581
-41.6373
-38.7356
-44.1496
-33.6964
-39.0767
-29.3678
-46.1568
-31.5305
-48.8541
-42.8469
-36.1897
-38.9696
-30.5494
-39.2131
-45.1314
-32.0057
-36.1772
-27.242
-35.9748
-46.6723
-34.4627
-47.2051
-43.201
-45.2542
-34.4555
-45.8077
-34.8159
-39.8433
-36.4472
-28.9462
-39.2352
-25.0885
-30.7643
-36.1008
-34.9342
-38.1213
-37.6503
-36.7696
-86.5307
-96.5617
-107.529
-104.507
-103.876
-100.281
-92.9162
-97.7045
-90.3266
-91.7035
-80.3649
-98.6977
-75.192
-68.9522
-61.1268
-51.6785
-40.681
-35.4031
-31.9835
-45.3399
-106.182
-100.401
-102.688
-95.5456
-88.1129
-90.1253
-92.5623
-105.338
-96.6889
-96.6559
-91.2752
-94.7446
-92.3221
-96.8457
-94.957
-90.5334
-87.6546
-92.3276
-98.0676
-94.2837
-83.6604
-97.139
-94.1709
-77.1677
-69.1915
-87.4354
-68.0201
-77.7173
-56.2855
-61.6718
-77.8524
-66.179
-54.4561
-46.4009
-60.4537
-61.4925
-91.6867
-91.2637
-103.198
-100.902
-106.837
-116.82
-116.362
-111.076
-110.556
-119.596
-119.088
-108.624
-110.517
-103.858
-114.439
-110.037
-119.302
-111.797
-121.583
-130.624
-108.715
-116.651
-112.468
-114.605
-127.968
-118.677
-129.641
-124.789
-110.457
-120.981
-114.235
-115.869
-110.922
-109.822
-111.067
-122.104
-112.021
-113.67
-121.91
-112.659
-113.981
-120.823
-111.813
-117.438
-117.86
-113.651
-114.418
-117.715
-115.31
-112.993
-102.514
-102.022
-87.8857
-84.5577
-73.7821
-65.7981
-67.9517
-72.394
-85.5439
-94.9604
-95.1737
-93.7293
-96.9413
-97.9658
-86.2467
-98.699
-100.524
-103.797
-99.9111
-102.581
-94.8217
-100.126
-99.3568
-100.877
-101.172
-97.3197
-95.9099
-98.5141
-88.0157
-90.3282
-87.9742
-98.6612
-97.7809
-99.062
-107.113
-107.317
-99.3272
-102.618
-86.8864
-77.1161
-76.3374
-54.4313
-55.671
-49.2775
-52.879
-49.2291
-39.7632
-42.6538
-42.0885
-39.17
-43.0977
-48.5167
-42.0745
-39.6128
-41.9113
-42.1179
-36.9809
-40.9327
-36.8559
-49.757
-30.7662
-38.739
-40.3249
-29.4822
-45.2618
-39.1281
-48.1385
-47.0339
-41.0661
-30.3364
-37.0964
-43.6589
-34.1969
-30.7232
-36.6915
-39.447
-45.6159
-40.2769
-40.7273
-45.4559
-39.5115
-46.9043
-46.4809
-44.8737
-43.8068
-34.5839
-46.0907
-41.7704
-38.5826
-46.8832
-33.7779
-51.2838
-38.3713
-40.1111
-35.2194
-35.6812
-37.0313
-41.57
-42.6558
-36.3277
-34.9928
-34.1377
-44.7168
-33.9683
-41.8494
-44.7076
-39.6361
-29.1575
-37.0852
-35.4564
-41.3268
-27.829
-37.5497
-25.5906
-40.2374
-44.7556
-33.228
-42.2831
-48.4275
-39.5651
-39.2168
-42.9265
-40.3879
-42.3659
-34.8401
-30.1466
-41.5278
-25.599
-34.2299
-30.3567
-37.2975
-41.0953
-37.0172
-42.6894
-86.9503
-101.814
-100.721
-103.248
-102.867
-98.0917
-94.0556
-93.174
-83.442
-92.8764
-80.9198
-87.2253
-74.5011
-65.5042
