-14.7362
-17.2973
-24.6027
-24.1712
-23.4047
-23.6971
-19.5365
-18.825
-12.7798
-12.7571
-23.7315
-3.7582
-11.8767
-6.01622
-9.20077
-2.27123
-13.5579
2.59297
-1.40744
-9.39932
-10.4453
-18.4409
-7.62597
-15.6148
-18.8726
-14.751
-8.40006
-15.7657
-11.8876
-12.9686
-19.7519
-22.8938
-17.7906
-16.365
-16.2396
-10.1701
-16.6366
-9.93816
-13.3236
-10.3712
-27.9077
-20.5345
-16.0999
-14.3052
-6.41546
-9.99436
-6.62248
-16.7399
1.42443
-10.4305
-9.47292
-6.19305
-9.25019
-6.59249
-11.7298
-13.7882
-17.2512
-24.7095
-28.6973
-27.8489
-27.1325
-28.9175
-31.2857
-30.7261
-27.6685
-33.6815
-27.7089
-27.7326
-22.1664
-32.5134
-34.5716
-23.8257
-23.713
-21.792
-19.6916
-32.1149
-25.1176
-23.838
-19.5388
-23.5787
-17.6966
-17.4991
-17.0684
-20.8213
-15.0766
-18.0577
-16.0117
-15.4546
-12.2726
-23.4471
-18.5609
-17.095
-26.0043
-22.1211
-27.4761
-29.7481
-26.2366
-30.3954
-32.2665
-30.0273
-34.6388
-30.4636
-28.6933
-31.5413
-29.8257
-25.4483
-22.3024
-24.1478
-17.7039
-20.8972
-31.6296
-26.286
-16.7574
-8.85771
-9.12005
-13.8354
-18.0044
-21.9792
-24.0836
-31.4832
-32.1313
-34.0159
-35.1791
-36.5774
-30.5559
-29.506
-36.9018
-38.6854
-39.6405
-34.6542
-34.8416
-33.3067
-25.6612
-28.2115
-30.5334
-35.8721
-28.1936
-25.5367
-28.3559
-22.7615
-23.0684
-16.4548
-15.7426
-19.4709
-16.1849
-23.1598
-4.48973
-10.0014
-21.6234
-17.3985
-10.0634
-9.48972
-9.25416
-7.32639
-21.4959
-3.38528
-8.18912
-16.9551
-6.89781
2.57449
-7.90953
-0.278107
-1.73207
-2.97311
-0.688232
0.840863
-6.47035
-7.53004
-9.99819
-16.8809
-11.1204
-21.9411
-16.3579
-12.7822
0.116466
-9.62942
-1.05446
-17.0646
-22.1847
-12.6298
-8.8202
-8.31546
-4.60425
-7.12389
-14.6693
-8.18749
-19.1257
-12.7275
3.97315
-14.3763
-1.99688
-10.4093
-10.2214
2.48419
-16.0424
-8.06504
-1.64895
11.1971
-8.40597
-1.44089
-2.19267
-7.94663
3.01383
-0.59833
-10.5789
0.730419
-0.260039
-0.820643
-2.65218
3.54037
-2.82719
-3.25349
2.90746
2.86294
-10.267
-0.441881
-9.71123
-2.19317
-2.83163
-1.12591
-11.9501
-3.97716
-8.82445
-9.61022
-7.48244
-5.06709
-5.1519
-11.9178
-2.47425
-9.81626
-3.18546
-11.1203
-10.6875
-12.6628
-1.20832
-6.55501
-6.49197
4.65581
-2.61433
-13.2705
-18.5148
-22.7395
-24.2844
-26.2712
-22.2116
-20.8428
-24.1788
-19.4117
-10.97
-14.6478
-15.2538
-11.6537
-10.32
-10.2324
-2.54715
-14.9513
-7.94566
4.89456
-2.71716
-3.53487
-10.5401
-18.4955
-6.82894
-7.52686
-23.8478
-18.5292
-9.19607
-13.9384
-12.7943
-16.8382
-25.4446
-17.072
-18.4815
-14.9591
-13.8503
-9.41966
-18.024
-6.0962
-18.5532
-15.1216
-25.204
-11.5533
-19.9267
-16.0086
-2.5954
-6.9933
-9.01857
-8.78231
-2.98394
-7.14716
-19.6838
-3.16187
-0.610636
-2.95834
-6.98762
-14.8779
-21.7478
-29.0449
-31.7567
-31.2913
-30.6062
-24.396
-31.4866
-28.6509
-25.0856
-26.347
-28.9138
-19.7379
-22.2575
-35.7397
-35.7196
-26.4484
-23.9626
-23.2281
-22.7529
-31.3483
-31.4405
-25.2622
-22.6779
-24.3537
-18.2108
-20.657
-18.4218
-19.7267
-20.8608
-18.1194
-18.2023
-18.7992
-16.2178
-23.8472
-19.104
-17.7236
-26.737
-23.6561
-27.5022
-31.7014
-28.1889
-29.8269
-30.5351
-25.897
-32.8698
-26.3943
-28.1596
-28.4816
-31.7971
-24.0052
-21.5853
-26.0966
-19.419
-24.7124
-28.7459
-28.5095
-10.5804
-7.84032
-16.3156
-16.3653
-19.9996
-25.2302
-25.4754
-33.3945
-33.5013
-40.9941
-34.3446
-30.8908
-30.3129
-31.0466
-44.1885
-36.7794
-34.1979
-32.5522
-28.8632
-24.9327
-25.5109
-30.5176
-29.8793
-33.8665
-27.5089
-26.6627
-25.5472
-27.3721
-27.1614
-11.1951
-17.0126
-23.9824
-16.8187
-18.3493
-4.18254
-1.66044
-15.2021
-18.3554
-5.17294
-8.71237
-13.514
-7.6475
-15.2852
-0.386569
-7.93161
-12.7011
-11.4462
-0.645336
-4.86
-1.06798
-0.57358
-4.00561
1.00179
-3.10441
-9.20278
-9.72876
-7.6115
-17.1226
-15.0004
-12.7197
-16.9657
-14.6114
-5.8547
-8.07523
-1.10494
-19.0668
-14.0779
2.09032
-2.73484
-4.36579
-4.28064
0.549491
-16.3457
-11.6479
-16.8153
-6.70704
-1.64467
-17.8633
8.6025
-8.98385
-16.3904
3.84284
-18.966
-2.05543
3.31029
6.59753
-13.251
0.289484
1.35016
-13.9396
-2.04236
-6.83033
-11.0747
2.51657
5.04256
2.17277
-7.86085
3.8921
-8.91162
6.02601
-1.90074
0.170553
-7.67187
-1.55572
-2.92312
-0.625722
-1.79595
-6.30658
-11.7947
-7.36923
-5.49599
-7.14812
-11.3219
-8.82516
-11.2541
-6.76717
-4.80274
-7.03514
-2.36786
-10.0645
-9.17554
-6.63736
5.59551
-11.806
-7.91132
10.5452
-6.8121
-15.1227
-17.1005
-27.8728
-25.595
-29.8577
-21.0876
-18.4334
-27.7427
-16.9834
-10.3705
-11.5488
-7.65962
-20.7376
-8.11252
-13.7423
2.95037
-21.3095
-7.10358
2.46067
-5.75878
-19.4383
-10.1435
-12.2632
0.0767427
-8.83379
-23.4599
-17.3247
-13.5084
-14.7997
-13.831
-18.3937
-22.1384
-18.6312
-12.4303
-14.6427
-9.58479
-7.0981
-12.5983
-3.07717
-20.4344
-26.1583
-26.2007
-10.7722
-20.3232
-13.5542
-9.47634
-3.55234
-9.61122
-5.69942
-2.56942
-3.87256
-12.455
-13.2263
-3.89879
-4.75526
-9.05233
-10.1299
-22.919
-24.7881
