-18.0088
-18.0126
-6.66618
-5.91588
-2.8823
-17.3927
-24.8073
-10.9098
-2.22751
-1.54958
-22.8643
-21.587
-24.53
-12.4923
-8.87382
-3.05833
-14.6706
-29.7338
-12.6189
-7.07006
-9.9995
-23.41
-13.6307
-18.5976
-43.7803
-54.6675
-51.0196
-52.9473
-43.5358
-38.3863
-33.5602
-22.7095
-14.2122
-28.1932
-30.08
-23.6057
-23.3286
-23.6509
-33.2824
-42.5531
-31.1221
-33.1529
-28.7188
-29.2793
-33.2989
-32.4947
-30.0878
-34.4914
-26.2057
-24.5245
-24.5605
-22.2428
-18.2375
-19.846
-20.5593
-18.6516
-15.6091
-17.6248
-21.0285
-16.2591
-14.8902
-12.5643
-10.4525
-9.78407
-7.42744
-8.80739
-9.22629
-8.42918
-10.4891
-9.7471
-8.56694
-9.89676
-24.0079
-28.4361
-24.2085
-17.8825
-24.9719
-23.0531
-16.3881
-10.4037
-10.5664
-29.7032
-24.693
-14.2481
-31.6834
-35.91
-36.0805
-20.7875
-21.7154
-15.001
-17.1712
-28.8699
-5.0672
-13.7996
-20.107
-23.8742
-13.1189
-7.17158
-22.1622
-20.1167
-12.1983
-17.4177
-19.9619
-18.8541
-20.5231
-15.126
-10.7897
-14.8803
-21.0416
-9.44881
-10.6408
-24.0834
-19.7392
-19.9705
-17.2422
-18.729
-17.8491
-19.088
-28.3061
-26.1886
-25.756
-29.2923
-27.3246
-24.857
-25.065
-27.7615
-30.9931
-32.1966
-12.0223
-13.4933
-19.5206
-21.8647
2.54809
-16.0659
-22.8455
-28.096
-15.7117
-22.3463
-8.77754
-21.9663
-9.09193
-26.8201
-22.6977
-13.7107
-7.41074
-4.53749
-30.9146
-15.0653
-12.5868
-7.36978
-7.72143
-16.2094
-13.3336
3.79634
-4.91582
-4.55208
0.725253
-5.06506
-5.5638
1.13796
3.67628
8.7671
1.23974
7.58706
3.77519
-3.17294
6.3165
-3.17894
4.76498
-5.43672
-2.68625
6.82004
2.23233
-0.0469304
2.93153
1.44945
1.78672
12.3526
6.60595
-1.34957
8.29006
-12.1226
3.60696
12.6486
9.94671
0.624281
6.69359
13.1826
11.7827
13.4655
11.8949
11.7005
9.38975
5.71807
1.00665
12.0949
1.11388
1.31279
6.91096
3.59494
7.59729
0.504858
8.29437
3.44944
16.8211
7.39087
14.3473
14.0227
11.741
9.05193
10.886
19.3295
0.749841
7.10168
12.0209
8.28595
2.45392
5.4326
4.86784
2.50765
5.28271
5.85088
3.91825
8.46942
3.42847
8.54904
7.53799
8.9241
8.21294
-3.54674
-0.0641561
2.49523
9.8316
-8.99879
-13.3997
-22.6865
-18.4822
-11.8379
-4.63454
-7.39043
-5.2035
-10.0891
-13.6963
-14.6785
-10.7028
-8.9642
-6.86676
-11.7959
-4.13314
-1.90715
-2.37491
-5.12742
-4.05653
0.939301
-1.11021
-6.16128
1.16835
7.73185
-1.92191
-4.06698
-4.54448
-13.0985
-25.1767
4.30578
-17.0229
-20.3994
-7.63997
6.30656
-2.62217
-23.7464
-34.5458
-30.392
-24.354
-9.2798
-6.55094
-0.928247
-8.79056
-8.29099
-2.03176
0.318056
-6.62787
-1.67365
-2.16704
-4.11604
-6.63997
-6.66616
-5.5148
-1.38138
0.477037
-3.29441
1.49582
0.635699
2.75837
3.13605
2.98892
-1.02213
1.59031
1.29346
-0.60448
0.61272
-5.60598
2.08527
-4.44427
0.732947
4.47866
-0.993341
1.25193
1.3364
-3.27191
4.05186
1.22346
5.39883
6.48835
0.647471
1.17792
8.99102
6.8421
5.82384
7.75806
-3.47661
1.61364
-1.6274
-0.794527
3.38667
-3.2335
4.47874
2.56568
4.1889
6.44958
0.0349707
-6.47204
-8.22557
-7.95893
-5.62262
-12.7322
-10.1463
-7.02749
-8.87483
-10.088
-9.59195
-6.9569
-5.51258
-14.3152
-21.4448
-7.59239
2.61998
12.8927
-5.5553
1.78039
1.34776
-6.15411
-3.2949
-0.550245
-8.62065
-5.61136
-14.3173
-18.8565
-9.68336
-15.9941
-10.9951
-11.3543
-7.92979
-23.9406
-11.7648
-21.3197
-20.7646
-15.8772
-17.264
-25.9598
-21.7714
-3.75346
-6.5459
-15.5244
-2.28483
-2.30025
19.8154
0.845863
1.46184
-3.17082
-24.6507
-24.7701
-21.9663
-9.78213
-14.3904
-13.2636
-27.0192
-20.7679
-20.9176
-25.8948
-25.2812
-21.9351
-25.3232
-25.9789
-31.6294
-32.5363
-30.3836
-25.3388
-31.7769
-29.7022
-30.455
-26.411
-24.9704
-20.8538
-17.0218
-19.4729
-20.996
-19.8031
-20.5584
-20.183
-23.3212
-29.7915
-21.7882
-22.6898
-14.6829
-22.0151
-24.5676
-24.6217
-2.06589
-30.1414
-24.3443
-37.6728
-24.1756
-26.6922
-17.5068
-23.3185
-2.89655
2.58694
-5.83245
-23.0547
-12.7031
-21.4567
-18.045
-20.862
-20.2644
-11.3902
-24.5054
-16.9267
-30.0684
-27.8895
-6.43547
-16.7399
-43.1087
-48.5491
-40.787
-39.687
-29.1031
-28.7246
-25.5896
-21.0595
-19.0703
-21.7954
-25.3808
-22.072
-28.0834
-23.4373
-20.7721
-17.0849
-26.502
-25.6336
-23.7681
-27.8234
-26.9135
-21.8586
-29.0788
-31.5837
-33.5996
-30.7622
-24.5589
-29.5585
-34.638
-29.7043
-28.7023
-30.9996
-40.0011
-31.0229
-38.51
-34.2682
-33.4617
-17.4742
-30.6983
-14.7959
-13.0833
-6.25936
-24.1245
-28.1747
-30.2678
-4.196
-9.64202
