28.1013
23.6918
13.8852
15.759
7.64771
20.9417
17.2454
22.6955
13.5647
19.5891
28.7533
9.04733
13.7368
12.505
16.7859
52.8913
39.6035
23.7054
26.3167
28.5484
21.1459
19.9096
2.7245
-1.3308
-11.4209
0.625895
1.12761
-2.96484
5.23666
9.39712
11.2599
12.147
8.52203
27.6737
2.51396
31.5975
30.6783
34.3575
43.435
31.8857
22.7493
20.6549
26.1489
28.7666
33.8547
31.3191
36.1891
33.9791
39.0439
31.5097
33.7319
28.7623
33.226
34.1089
34.4371
30.2989
29.3148
32.9626
30.6992
32.4908
30.5084
37.7347
36.1796
37.985
27.4261
27.5626
29.2724
27.1002
39.7669
33.7561
36.9184
40.1815
40.1473
40.002
42.9448
40.2554
42.4398
34.1721
25.2112
32.539
21.4039
25.6945
14.9281
19.1801
11.4309
0.671353
10.5714
5.12959
19.2339
7.47828
5.42618
-0.135717
11.6114
26.1189
20.0341
12.6187
10.2062
9.85654
12.9657
7.29037
9.07828
12.5324
5.14458
12.2152
11.1324
14.6887
13.2253
13.383
7.30924
6.8267
3.52003
-0.696569
1.91867
-1.35047
-0.931164
4.40075
9.26581
1.13218
7.49342
7.51156
5.97558
6.08584
4.4729
10.5591
8.48652
14.7039
15.8339
9.40783
19.8397
17.1639
23.1503
7.79822
17.8195
6.04237
10.1343
8.42198
12.999
11.6225
9.43161
12.3716
15.1058
5.00235
16.4015
13.0561
23.1032
27.8809
9.95448
22.9958
12.183
24.4312
17.6295
14.2717
17.2737
25.4344
23.1585
23.1137
20.6074
21.2607
16.6326
19.9618
15.1855
22.8655
14.575
21.8019
13.4625
16.1563
18.6561
10.6696
24.7883
16.2937
15.5803
21.5795
18.0989
17.4774
31.7478
25.1605
13.6588
21.6622
21.5711
13.1549
23.9661
16.1621
24.7704
19.6513
15.1131
25.1687
24.8735
25.546
17.537
31.376
12.7414
19.0199
23.4147
18.9982
15.72
21.7281
21.2917
22.981
25.7807
34.705
30.5354
35.2393
29.3955
26.0251
24.2363
25.7935
23.3005
26.372
37.8966
19.9466
26.4162
31.7377
26.1703
20.7241
38.1816
28.9746
30.4994
24.946
32.6163
36.2349
39.4099
34.7643
25.7131
24.0255
29.7695
29.6212
18.5263
22.5736
26.3659
25.9377
28.9753
27.6341
28.1691
28.0321
20.4712
28.8948
28.4118
28.5329
22.5021
22.7853
27.6667
26.4554
16.374
18.8166
13.0483
21.5877
15.4792
11.1094
3.74351
2.25459
5.7571
7.29594
3.73186
8.43445
-6.9013
-15.3595
-9.77912
-11.6003
-13.4048
-10.1275
-16.7721
-10.7294
-7.54511
21.175
14.1465
8.79754
20.2088
26.1021
24.7443
14.234
22.8999
17.4457
25.0945
33.7231
34.5885
38.7252
40.8525
33.4141
41.9145
42.3967
37.7261
40.8372
39.3525
32.2207
35.957
38.3026
35.243
36.1039
32.718
35.2704
41.3552
38.8413
36.8824
37.7954
38.3439
37.8138
40.3189
34.2071
34.0605
34.8805
30.8977
37.3648
40.0398
39.3365
39.3527
34.5553
38.4538
32.3081
28.8263
39.1651
40.4488
39.3541
43.5029
37.9804
37.5609
42.3703
43.2891
44.5538
38.9983
39.3545
36.105
41.2404
32.8232
35.1005
29.9181
38.97
45.3817
39.5968
47.9277
41.2494
42.6285
37.3243
39.6963
36.1216
32.3575
35.1538
33.3511
28.8973
30.326
39.5214
36.0557
41.7043
42.3116
40.3276
52.6915
50.5667
45.1894
15.9488
43.2281
46.6624
49.2983
56.6727
58.9652
65.4588
67.0689
76.6746
65.3507
29.8037
24.155
45.4317
19.7197
3.42059
-3.12814
-2.55057
20.0744
17.8922
19.104
22.376
23.0864
13.9575
9.45619
-0.677305
1.59001
9.56351
5.85263
5.66781
12.1781
6.69037
4.6233
8.47369
16.7736
22.3955
28.035
29.9555
23.7217
28.0784
22.5754
24.7249
21.2226
22.3667
27.1294
24.7811
22.819
30.602
31.6277
24.9575
27.5651
21.0126
28.3306
28.3353
26.528
23.3872
26.0601
15.4833
24.971
24.8076
26.1495
21.0895
22.1178
29.1829
29.8647
26.2869
21.3356
24.6721
21.5789
26.0028
21.1647
24.4188
28.2529
11.7063
11.0813
13.3817
7.313
17.195
13.8313
7.83626
19.8442
29.9914
28.7169
41.0873
47.2143
47.2319
44.7318
48.7988
44.9426
51.2702
47.4229
41.461
32.8624
22.9006
38.8064
23.163
16.2103
18.9015
18.6171
17.608
13.4431
8.78427
24.1206
24.1879
39.2334
29.9649
27.3896
24.169
23.3849
12.3445
21.0217
20.6908
26.5648
27.0378
27.365
23.4582
25.4803
27.9085
19.4249
16.5437
21.504
14.1033
12.7092
10.6438
13.4731
18.0738
16.1849
8.67333
14.9779
7.97574
12.5546
14.8557
16.9741
8.68739
20.6731
20.8906
26.5046
22.2141
29.8047
32.6483
26.1932
12.998
