87.2533
85.6197
85.3357
91.6789
77.3143
77.0068
90.6938
89.0719
81.8281
90.0721
89.5644
89.6373
94.8063
93.4842
96.1681
93.1843
95.9681
104.243
97.4811
97.6881
102.061
94.79
103.371
102.222
92.805
88.3928
86.6061
90.904
86.0908
94.0532
92.149
87.5315
92.8416
97.3522
114.27
102.088
92.5854
91.7486
80.4411
96.8684
88.5967
85.2167
85.2018
73.712
63.8844
59.3982
67.7959
65.9631
71.0756
76.5358
69.9569
70.5761
61.0524
66.9635
55.209
66.4274
64.0654
66.4184
62.9269
62.499
71.7112
61.9888
62.2281
60.5931
64.6856
68.2496
63.0327
70.842
71.4353
68.7702
69.3135
62.9486
74.6465
62.5721
69.1863
68.73
73.7523
77.9732
76.9824
70.9438
68.5457
61.5944
65.0088
65.3944
71.4478
65.8078
65.2344
64.9184
55.1878
63.0385
65.5604
68.0458
65.7583
67.4364
64.9522
59.4907
56.9299
60.3174
67.6089
59.5893
63.1138
67.9595
65.9713
71.8081
66.578
59.578
65.4175
61.7905
66.3108
62.9666
65.3803
61.6227
65.9216
71.0222
52.9081
70.2564
63.6746
58.7952
60.1974
61.088
63.9083
64.5144
68.3778
73.8171
71.9365
77.6984
71.1561
69.0348
66.1035
52.9932
57.0109
62.1135
52.8705
63.5946
72.5104
58.5011
67.0223
74.4784
69.1207
69.0037
70.8537
58.4619
75.0573
73.6701
84.2443
81.7916
102.402
112.023
106.21
108.423
111.675
108.435
112.811
115.918
111.406
105.423
111.733
109.44
109.843
106.526
103.265
107.599
105.784
104.688
104.506
103.967
105.701
106.358
106.381
107.036
105.279
108.905
108.361
110.315
115.142
113.915
109.321
122.776
105.986
113.221
114.036
115.318
120.109
120.012
120.632
114.552
114.058
115.591
116.816
112.595
113.407
115.224
115.859
115.142
116.617
116.412
114.107
107.713
99.8794
106.301
110.619
117.828
116.601
97.1791
95.1442
97.1051
102.747
98.7882
110.25
100.68
102.091
99.059
107.889
110.75
109.04
107.362
105.24
102.952
102.383
102
103.568
104.234
102.839
97.7262
96.9843
96.0536
99.2071
100.425
103.669
102.627
100.172
101.296
100.563
104.929
102.082
104.913
103.312
111.282
111.668
99.6781
100.565
105.885
107.563
105.19
106.277
98.3353
93.8859
100.426
98.3357
100.48
102.323
97.3762
97.258
96.1649
100.53
99.3111
107.061
104.33
104.041
104.045
109.017
110.079
104.711
108.335
116.086
112.296
111.637
111.054
111.35
109.799
108.465
103.222
107.666
106.99
110.467
108.177
110.41
111.646
105.677
110.543
110.928
109.414
108.12
107.822
103.106
103.241
107.423
109.491
101.066
102.451
97.5897
94.521
94.1137
95.1043
100.108
89.2567
93.4019
95.3166
88.5739
91.7333
90.3207
89.3213
94.9597
89.8419
93.5481
90.7324
93.3994
98.3366
85.6797
93.2169
84.9655
95.3353
86.0188
94.9909
93.1024
92.9001
97.9044
94.2947
96.1939
99.6715
97.1795
102.617
96.612
98.43
94.9187
98.1094
98.3839
103.411
102.162
102.189
99.908
98.816
96.7736
94.5384
88.9959
95.1885
94.131
94.9166
93.635
98.601
94.5006
90.9948
92.3794
98.7614
97.785
98.8374
96.8307
97.6585
99.9386
91.7792
99.5236
96.5643
89.7834
93.5255
90.4841
101.318
95.2477
94.2751
91.9872
95.5217
90.4096
96.2019
98.9673
94.0849
99.6001
93.4667
92.0442
90.9081
94.2231
96.1672
88.2769
79.4661
82.3487
87.7649
95.6964
104.017
97.0165
94.93
98.4979
91.5514
101.671
100.918
107.961
115.055
116.547
124.921
120.77
120.443
110.485
103.571
98.4899
98.4277
95.7726
96.0228
94.8832
98.5975
97.3348
98.7412
94.7819
102.666
108.845
104.288
100.759
93.7332
100.872
96.5619
94.563
89.0713
97.6414
105.436
93.9904
103.168
102.671
99.5006
98.1255
102.363
104.596
101.938
108.244
112.776
114.101
113.133
117.964
106.559
99.1439
116.326
108.471
112.445
111.604
115.95
115.597
114.032
118.922
113.034
107.346
109.495
110.055
113.847
120.074
116.627
123.933
118.36
122.584
121.87
120.781
116.708
118.838
123.914
114.007
116.485
115.646
112.4
106.52
108.699
106.26
108.496
111.266
114.426
117.412
118.892
120.173
119.569
114.918
117.51
111.368
109.907
117.645
117.542
115.782
111.185
111.836
107.823
102.208
108.463
113.173
109.869
108.373
125.569
107.054
112.776
109.659
109.793
108.387
103.878
105.016
106.189
111.804
98.7256
92.5208
91.662
92.1218
95.7631
87.6811
93.2626
83.301
89.3717
90.1351
91.9594
93.0671
96.4132
98.3502
98.309
86.809
80.3461
77.7855
98.0042
100.714
97.4019
107.963
102.586
105.469
106.247
100.701
102.054
104.026
105.735
102.861
100.7
105.294
106.145
102.307
104.485
101.877
102.938
102.309
101.543
101.773
101.717
94.0753
96.7658
96.3477
100.674
98.2458
94.6751
93.5227
96.3529
90.6926
94.6224
