-174.432
-215.27
-217.055
-211.399
-207.049
-200.977
-206.252
-200.809
-199.526
-187.893
-190.316
-190.137
-181.768
-183.686
-188.304
-164.657
-182.651
-198.171
-206.047
-191.787
-190.618
-193.124
-185.849
-174.276
-167.677
-164.783
-163.507
-155.37
-155.716
-132.514
-157.185
-141.175
-143.309
-139.788
-147.414
-162.262
-152.67
-146.168
-157.209
-139.487
-133.299
-143.75
-141.758
-148.01
-147.673
-137.133
-143.285
-131.979
-144.942
-142.669
-138.841
-154.049
-137.773
-138.44
-155.559
-151.753
-147.387
-133.521
-140.543
-146.778
-144.188
-150.651
-154.414
-148.001
-151.234
-160.154
-161.299
-154.278
-150.033
-151.973
-138.503
-148.32
-153.488
-159.078
-155.979
-149.372
-165.622
-145.955
-158.248
-151.644
-174.553
-160.406
-161.195
-149.601
-149.128
-158.522
-157.584
-147.093
-145.227
-146.234
-145.484
-158.555
-163.572
-166.993
-156.009
-158.65
-154.145
-147.452
-148.686
-158.24
-153.168
-145.561
-149.484
-150.653
-151.997
-149.775
-158.204
-148.565
-158.885
-153.079
-162.52
-160.447
-152.088
-165.059
-166.755
-155.214
-170.413
-161.5
-146.643
-158.636
-169.05
-163.625
-159.914
-151.154
-160.99
-168.512
-167.791
-165.487
-153.923
-150.514
-149.556
-146.543
-159.244
-160.698
-156.216
-160.154
-184.834
-188.105
-217.754
-217.551
-208.664
-207.869
-200.395
-207.351
-200.715
-195.41
-188.116
-191.187
-185.053
-179.155
-185.756
-184.484
-165.446
-190.316
-200.668
-206.061
-192.952
-191.419
-185.244
-183.826
-171.847
-162.671
-165.597
-157.564
-155.622
-151.743
-133.422
-154.32
-139.971
-146.498
-144.455
-148.49
-168.881
-151.766
-150.846
-152.177
-142.19
-136.899
-137.429
-149.217
-146.964
-146.48
-139.148
-142.394
-128.051
-139.533
-144.183
-143.342
-151.307
-136.71
-136.659
-154.562
-158.55
-146.664
-132.627
-143.649
-138.262
-145.371
-149.685
-154.591
-143.268
-150.023
-156.713
-169.198
-145.488
-151.703
-149.904
-134.113
-158.47
-145.064
-160.761
-146.368
-151.041
-158.809
-145.784
-156.909
-150.81
-176.577
-163.921
-153.942
-157.875
-148.629
-151.259
-150.273
-147.001
-145.178
-147.699
-150.764
-156.195
-156.088
-164.585
-160.999
-161.459
-154.675
-151.025
-153.662
-159.484
-146.872
-149.852
-146.675
-149.156
-151.946
-152.521
-159.837
-150.101
-156.645
-158.017
-166.079
-159.241
-147.737
-167.315
-160.599
-155.577
-159.069
-159.431
-148.664
-163.204
-164.768
-156.016
-157.67
-151.863
-164.528
-166.27
-169.493
-157.258
-156.075
-144.769
-148.684
-145.435
-157.383
-157.024
-161.206
-160.934
-173.586
-200.373
-215.932
-211.639
-200.722
-207.649
-205.488
-204.948
-195.639
-189.065
-189.876
-188.257
-185.56
-178.099
-187.122
-178.144
-163.427
-191.687
-196.302
-201.503
-199.733
-190.744
-183.371
-179.427
-168.037
-159.599
-167.43
-156.734
-156.823
-136.262
-147.28
-148.534
-138.303
-154.005
-147.523
-149.734
-167.403
-153.938
-151.725
-149.947
-130.062
-138.938
-139.339
-152.799
-145.6
-140.544
-143.58
-141.928
-134.432
-137.964
-139.826
-146.482
-144.201
-138.345
-150.488
-152.575
-154.317
-146.094
-136.845
-144.629
-133.565
-151.729
-152.086
-157.006
-149.357
-149.662
-159.179
-167.568
-139.833
-150.243
-149.701
-136.57
-165.726
-138.797
-160.483
-151.447
-157.577
-155.06
-153.068
-151.734
-148.662
-170.851
-164.567
-154.272
-154.136
-152.472
-152.591
-148.524
-148.521
-145.123
-149.159
-155.547
-159.706
-155.761
-156.394
-160.842
-159.2
-147.271
-152.165
-155.341
-158.044
-143.655
-146.981
-145.226
-145.823
-152.172
-149.871
-159.708
-155.282
-150.598
-162.18
-168.168
-153.448
-149.45
-166.287
-153.824
-160.346
-157.27
-160.667
-151.096
-167.874
-162.882
-151.984
-154.473
-158.646
-167.603
-161.41
-169.06
-152.04
-154.119
-143.636
-155.2
-145.738
-161.078
-152.11
-155.809
-170.909
-173.628
-210.133
-214.102
-210.169
-203.014
-202.31
-207.037
-200.557
-201.732
-190.501
-192.923
-188.06
-182.794
-179.13
-188.561
-169.91
-171.423
-194.447
-203.107
-194.377
-203.915
-191.181
-186.842
-171.239
-168.146
-160.98
-167.408
-152.664
-157.881
-134.548
-158.168
-145.679
-139.369
-150.185
-147.417
-152.183
-162.35
-146.319
-155.65
-144.647
-127.735
-141.443
-140.157
-147.447
-149.257
-136.263
-145.124
-140.286
-138.106
-138.015
-139.877
-158.39
-136.626
-139.944
-157.635
-148.916
-146.827
-136.926
-137.847
-149.72
-138.704
-152.357
-153.123
-153.794
-151.634
-145.497
-158.655
-161.87
-146.465
-151.65
-143.54
-141.256
-165.247
-146.882
-162.656
-154.922
-168.479
-174.197
