1.15984
12.1737
9.51822
7.24288
6.28501
1.65727
-0.992
2.13714
-3.1526
0.756056
-2.69829
-19.5069
-16.4926
-25.0744
-16.4429
-17.526
-0.525499
-13.5188
-0.995201
-0.710442
13.8667
8.26934
7.99993
13.7218
5.01508
-5.38957
1.48138
-17.4788
-21.7294
-10.928
-25.8069
-29.7838
-20.9308
-15.3953
-18.532
-8.50312
1.12574
-0.119227
1.78903
11.0737
9.80944
16.633
14.5007
17.5282
18.7155
9.46241
-14.6015
-16.6992
-10.6375
-27.0321
-26.4152
-26.8774
-18.5517
-28.3202
-22.3127
-12.9573
-5.24457
9.51206
11.9017
4.04216
11.2918
1.21465
12.5464
6.31529
7.09295
8.4297
10.7666
9.18609
7.92052
14.5898
9.38758
7.21155
8.44758
6.87291
11.6893
-3.09125
2.32593
9.85885
10.3776
9.30263
7.59814
14.0724
10.2317
11.0687
8.37311
10.6997
9.18744
11.1479
8.18216
20.0641
18.2542
10.1997
13.0274
16.5962
12.9438
7.89391
10.1319
12.867
5.78366
9.38772
8.14584
10.6045
10.1534
11.0769
11.9916
9.25915
12.7116
17.4024
17.079
12.938
17.7663
13.2327
11.1886
19.2687
12.459
11.1518
7.31026
-3.04311
-9.05762
-9.27163
-13.7892
-19.5771
-16.8246
-21.4093
-20.8896
-29.9992
-21.6447
-20.3449
-19.7925
-21.0916
-22.4457
-23.6634
-19.4724
-17.543
-24.8501
-24.8083
-24.6366
-30.1009
-26.7729
-21.1277
-21.3906
-28.5059
-16.4769
-31.8716
-7.9244
-0.792679
-9.42839
-1.92489
-2.8338
-2.7311
0.210036
4.64737
-7.23382
-10.6207
-3.02123
1.41306
13.1956
-3.30923
5.01922
-0.395625
6.28222
-1.25852
-2.80521
0.684426
9.96392
0.671163
3.03343
11.6454
-3.6357
2.0647
1.40027
-5.04313
-2.98035
0.743306
-3.09823
2.99724
1.62148
-0.938712
-2.17526
3.97374
12.5803
14.2151
6.26277
9.70037
2.9053
0.152595
-1.60994
-0.386679
7.07886
-0.0901405
6.45405
-2.63435
0.232588
-6.4786
-2.02729
0.481484
-0.442735
-7.72239
0.356561
7.65314
-0.902259
8.59356
2.65644
0.949895
6.69287
0.292293
8.84221
7.33664
0.413307
-1.54994
7.73975
-6.32767
-1.25932
