-223.165
-241.856
-248.259
-222.565
-207.455
-201.704
-170.576
-167.584
-168.912
-159.278
-150.11
-154.726
-150.475
-150.894
-151.497
-160.742
-152.463
-148.174
-149.326
-151.421
-152.471
-151.733
-158.544
-170.825
-171.266
-173.88
-173.642
-173.074
-185.4
-186.705
-188.732
-188.133
-195.079
-204.754
-171.779
-158.284
-153.024
-128.082
-155.108
-154.614
-154.404
-151.493
-145.102
-153.882
-149.882
-153.717
-204.581
-193.176
-182.235
-173.368
-158.354
-191.628
-136.275
-139.583
-165.123
-180.597
-191.094
-193.345
-189.217
-205.351
-208.821
-217.714
-213.822
-225.038
-221.886
-222.228
-223.57
-216.589
-212.291
-208.513
-204.953
-201.012
-187.381
-178.337
-169.37
-153.878
-145.879
-133.83
-127.027
-127.129
-113.03
-123.531
-126.509
-133.483
-141.5
-146.641
-149.17
-150.17
-164.055
-176.654
-187.575
-156.106
-132.39
-135.431
-136.463
-130.771
-130.659
-126.033
-113.665
-127.106
-156.131
-172.993
-184.072
-170.776
-191.406
-188.839
-190.57
-182.104
-162.26
-170.698
-171.876
-175.686
-170.243
-170.668
-183.503
-176.843
-175.547
-181.85
-192.603
-189.387
-185.584
-183.433
-173.405
-183.824
-175.73
-176.049
-180
-183.517
-178.66
-184.839
-178.514
-180.53
-176.932
-177.137
-176.622
-180.521
-188.219
-180.348
-174.548
-174.032
-176.387
-173.254
-172.4
-186.637
-183.189
-180.744
-184.22
-179.777
-174.288
-172.945
-182.841
-184.082
-175.644
-185.726
-183.079
-189.774
-188.511
-184.156
-180.672
-182.784
-182.145
-180.011
-184.938
-179.391
-177.106
-176.756
-182.137
-185.583
-186.477
-181.982
-176.382
-179.891
-183.286
-180.935
-180.521
-177.02
-180.367
-175.344
-192.63
-186.141
-186.773
-177.795
-174.83
-170.871
-173.722
-178.911
-168.745
-163.82
-163.856
-155.851
-161.529
-157.248
-146.562
-150.125
-142.76
-135.036
-135.858
-138.654
-133.067
-132.699
-126.937
-131.598
-132.801
-130.976
-135.532
-141.722
-144.082
-139.002
-134.59
-132.59
-133.267
-132.78
-132.404
-131.727
-140.293
-184.77
-185.156
-188.115
-180.627
-168.738
-163.818
-180.331
-173.523
-171.618
-180.806
-182.564
-177.589
-177.444
-176.189
-175.117
-176.978
-163.377
-174.428
-173.959
-180.586
-182.99
-186.807
-190.702
-188.328
-200.587
-201.631
-197.851
-192.775
-189.557
-198.872
-206.582
-221.646
-221.549
-221.24
-229.931
-225.842
-222.872
-229.874
-238.891
-241.134
-252.959
-249.897
-243.748
-246.998
-239.582
-252.28
-243.956
-250.542
-249.059
-227.917
-206.215
-211.755
-217.253
-192.184
-170.177
-178.828
-173.095
-168.583
-157.102
-183.254
-166.77
-155.692
-164.03
-153.585
-138.08
-153.585
-146.632
-147.473
-150.138
-150.006
-148.09
-153.972
-149.161
-147.511
-157.954
-151.686
-158.701
-157.617
-157.601
-159.491
-153.472
-163.299
-163.699
-161.467
-155.369
-160.167
-162.102
-159.454
-156.824
-157.957
-155.488
-149.981
-151.975
-149.744
-154.84
-153.766
-157.525
-152.563
-159.919
-148.947
-144.744
-152.827
-153.664
-152.01
-147.89
-151.265
-162.317
-163.878
-161.73
-165.622
-173.35
-166.215
-163.984
-175.469
-167.369
-168.456
-173.567
-159.121
-174.481
-170.914
-168.307
-172.036
-175.646
-177.14
-183.608
-180.123
-179.883
-179.933
-182.994
-179.823
-178.644
-187.422
-185.807
-185.067
-182.067
-179.05
-188.916
-184.912
-184.673
-188.133
-183.765
-186.863
-190.308
-183.775
-189.318
-185.263
-186.017
-189.592
-181.99
-194.82
-184.843
-181.946
-187.662
-184.28
-186.853
-190.548
-189.984
-193.677
-186.099
-189.766
-184.076
-192.912
-184.932
-192.837
-191.55
-179.751
-175.294
-179.315
-181.545
-181.141
-188.376
-192.619
-185.464
-180.634
-186.357
-186.172
-187.221
-188.736
-196.053
-219.993
