-41.9508
-49.559
-54.6407
-39.2093
-25.2203
-48.5638
-42.2094
-60.4655
-58.2296
-58.7054
-48.0359
-43.6528
-51.2698
-48.1399
-44.3709
-45.0587
-42.63
-49.5569
-59.3255
-50.6083
-48.5101
-47.0827
-42.4005
-46.5395
-45.5265
-51.1875
-46.3206
-49.1319
-47.1373
-53.0201
-55.2785
-51.511
-48.7166
-46.9026
-44.6767
-52.46
-52.7527
-48.4446
-56.8634
-53.329
-44.9518
-49.936
-51.5196
-50.5327
-52.4144
-50.9583
-48.196
-51.9981
-47.155
-53.4399
-55.7053
-53.9386
-54.4627
-55.4713
-55.7673
-57.1522
-51.2888
-56.9046
-57.5598
-58.2698
-62.7058
-62.8345
-55.87
-55.2894
-56.4145
-57.096
-53.7529
-56.6917
-51.2898
-48.6625
-46.131
-30.6572
-44.3539
-41.4716
-37.0951
-38.0427
-40.9599
-47.4904
-57.3032
-45.663
-52.4776
-60.0068
-60.6723
-49.6652
-54.5016
-47.636
-50.9436
-53.6706
-58.7946
-54.8693
-57.9307
-51.7067
-51.7053
-54.1907
-71.3003
-62.2065
-48.2405
-46.0294
-30.8155
-34.7027
-32.8734
-32.3904
-26.2866
-31.101
-28.5286
-33.2143
-33.6973
-25.8482
-23.4895
-22.2833
-18.9787
-16.052
-18.0879
-23.365
-16.8636
-10.7
-19.0305
-20.6433
-14.1092
-17.5844
-16.9861
-7.81686
-13.4883
-18.8961
-22.8704
-26.1168
-31.7457
-32.0719
-34.2696
-49.4076
-57.2203
-47.9056
-50.2954
-44.6038
-43.1585
-41.382
-53.7467
-47.0163
-49.062
-49.7802
-50.6598
-52.4049
-48.3582
-46.5272
-54.6429
-39.2549
-38.0218
-44.0404
-29.084
-34.419
-32.4464
-41.483
-41.6429
-39.5564
-25.2626
-41.6567
-39.0331
-28.3013
-23.6301
-31.7596
-22.9853
-26.0263
-26.0392
-18.935
-28.8399
-30.9736
-30.9711
-29.7161
-38.8759
-31.5241
-21.831
-43.0981
-32.3601
-41.3107
-38.44
-36.1879
-38.7049
-31.447
-35.2821
-31.4872
-32.07
-30.1402
-37.7376
-34.1071
-30.0465
-42.5763
-31.2051
-29.2762
-26.4329
-21.5781
-26.9295
-29.8131
-28.8
-27.6381
-35.5377
-24.9734
-33.1915
-35.2872
-22.7984
-23.8537
-25.7027
-31.2995
-27.4206
-33.72
-35.9659
-26.0148
-31.1942
-19.9254
-20.4684
-27.4025
-25.2566
-26.5556
-24.511
-37.6743
-24.6217
-29.2909
-23.9873
-32.4024
-24.69
-30.4008
-23.8579
-31.6695
-32.147
-34.491
-41.377
-33.0299
-29.0866
-24.7634
-32.7224
-33.8001
-41.3227
-39.9503
-31.8955
-48.6806
-55.3264
-56.3897
-37.7682
-25.7943
-23.6283
-40.5317
-48.6709
-56.0992
-57.7602
-62.1645
-62.7325
-61.2844
-54.3346
-51.1432
-48.8743
-53.1382
-48.9666
-44.7215
-42.7994
-45.8095
-40.9418
-45.9508
-37.0526
-44.3024
-42.2622
-40.8813
-46.0258
-43.957
-49.0592
-50.3686
-38.7142
-39.7285
-55.0382
-47.9094
-27.7262
-35.6041
-50.7092
-54.7845
-53.4436
-53.4882
-57.0853
-55.4586
-56.0756
-53.0749
-55.2132
-53.2918
-54.6156
-51.8019
-50.5922
-48.4528
-47.6831
-52.4707
-50.3919
-41.4267
-53.5446
-41.3794
-49.595
-46.124
-46.863
-46.1386
-50.047
-51.1258
-55.2737
-50.9955
-48.605
-46.079
-53.4559
-47.8642
-52.0749
-50.7951
-51.8445
-48.9307
-51.9367
-48.9869
-50.9781
-45.6487
-49.505
-45.692
-46.8237
-47.8567
-46.8428
-45.7492
-44.7168
-48.5367
-44.3487
-55.4528
-47.9487
-42.4209
-46.1702
-51.8771
-58.4902
-47.6264
-48.716
-48.8838
-50.1048
-49.1365
-50.1051
-45.9517
-43.0226
-48.3861
-47.8108
-43.539
-33.0329
-45.1337
-42.9574
-46.3802
-51.4936
-54.7351
-56.4545
-63.8201
-60.0297
-54.3267
-43.2252
-58.0484
-78.994
-79.2123
-74.6614
-74.3743
-77.1142
-74.813
-81.4983
-83.3109
-83.5383
-47.6268
-34.6833
-50.2934
-55.5019
-48.0941
-51.486
-46.9549
-28.1981
-20.3452
-16.672
-20.5632
-24.4552
-27.9321
-22.2275
-32.8318
-35.4143
-38.5551
-35.0254
-26.9627
-34.336
-46.4494
-40.4237
-43.7959
-45.6361
-47.1153
-55.6986
-51.0461
-48.8527
-64.5961
-64.6137
-58.6926
-54.9307
-62.5771
-58.4299
-56.0822
-55.6832
-57.169
-56.4448
-56.4212
-61.7841
-63.6689
-60.3713
-65.6927
-64.1267
-68.6556
-64.2601
-68.9495
-57.6406
-64.0737
-64.9924
-54.5682
-51.9952
-54.8872
-57.4454
-55.8013
-52.9677
-53.1059
-54.55
-58.05
-65.0954
-54.8765
-66.543
-64.1783
-47.2825
-48.2332
-35.3272
-42.8214
-40.419
-48.0268
-53.741
-56.5727
-58.7251
-57.8045
-49.764
-58.6455
-45.4771
-51.9649
-48.7022
-43.9713
-55.8318
-53.7731
-56.9854
-36.1338
-29.8788
-29.57
-20.2015
-24.8436
-23.2596
-33.6995
-30.871
-48.3171
-40.7558
-56.2429
-40.1719
-32.0223
-39.9215
-35.6754
-30.6802
-30.2862
-26.2632
-27.5759
-36.358
-32.1341
-30.434
-27.4773
-28.5915
-30.2352
-30.084
-30.1136
-23.0451
-26.7536
-29.1895
-29.1378
-30.6499
-29.854
-29.7123
-36.946
-34.3862
-32.3575
-37.5038
-35.7011
-38.1377
-30.3909
-40.5696
-50.5283
-41.2884
-44.8352
-47.3767
-46.8563
-34.3108
-28.2672
