-29.6592
-37.033
-37.0425
-43.4298
-58.7876
-53.0612
-57.9847
-51.3372
-48.7641
-47.8518
-45.8897
-49.2162
-49.6001
-43.3117
-41.1644
-31.9578
-26.2689
-36.0069
-25.3401
-17.3837
-17.4441
-21.3139
-18.3833
-18.2882
-23.711
-26.0812
-27.732
-21.9808
-17.9562
-22.0517
-22.7571
-22.4595
-20.9125
-27.1176
-21.4393
-13.2444
-15.4387
-20.4297
-21.2033
-25.7781
-22.5759
-20.6115
-15.0954
-27.0457
-22.5614
-25.5678
-25.8221
-32.2697
-25.5067
-28.0827
-29.1994
-28.961
-32.7415
-32.6728
-34.433
-32.8328
-30.4299
-28.2658
-31.2543
-32.2589
-32.9058
-28.2339
-27.9551
-23.0328
-23.2048
-24.4703
-28.3002
-30.0393
-36.997
-38.9171
-43.0701
-39.0536
-35.042
-38.7055
-33.7184
-33.1916
-32.9929
-39.5955
-29.528
-32.2707
-36.9149
-35.6856
-44.5771
-33.469
-40.5579
-39.9416
-36.8939
-37.5471
-40.1908
-38.4925
-42.1645
-39.3913
-38.7187
-32.3771
-32.1673
-39.1357
-43.3276
-39.9215
-33.9484
-30.8891
-19.7471
-23.7927
-14.0825
-4.16608
-7.4936
-12.0504
2.19294
-7.82331
-4.79785
-1.5177
-10.9827
-9.69377
-0.186805
-5.99808
-8.35897
-8.25189
-9.38297
-12.7153
-9.55275
-9.46042
-8.93275
-6.99638
-7.61083
-8.55553
-9.65289
-8.39861
0.836826
-7.52527
-11.7536
-12.1167
-6.94836
-5.82631
-11.1008
-9.64941
-15.7159
-15.9118
-11.7404
-11.1009
-9.48503
-3.76692
-8.5081
-8.79944
-6.722
-9.83698
-3.02677
-9.58508
-7.02374
-9.21118
-9.98615
-4.42925
-6.09206
-7.00666
-6.88594
-4.43775
-7.29682
-6.44717
-9.53403
-5.02138
-4.86897
-8.61515
-11.7054
-8.91169
-6.6003
-10.3816
-10.348
-12.6917
-16.0026
-12.5831
-5.64801
-5.263
4.80639
-10.5347
-15.8099
-11.5662
5.27536
-11.6398
-1.5219
2.17183
-6.70666
-7.21853
-6.7008
-6.68527
-6.72883
-12.6002
-6.32369
-5.31138
-4.33874
-4.97554
-2.02318
-0.0638529
0.212371
0.0921952
-3.21406
2.38098
2.85164
-2.0134
-10.6408
-5.87767
-11.3762
-10.5859
-10.4875
-5.03546
-9.38207
-13.5477
-16.4882
-11.1243
-12.8647
-20.763
-17.4863
0.691275
-1.62038
11.2423
19.3305
