-35.7246
-30.5927
-22.9043
-22.1192
-18.2762
-23.5085
-22.9352
-35.1506
-50.7098
-28.6707
-38.462
-56.7353
-59.7132
-57.629
-48.7173
-43.4673
-46.8154
-38.7154
-33.2293
-36.0013
-38.8631
-30.8318
-35.9913
-27.2417
-26.9735
-24.3702
-30.4717
-29.3363
-34.853
-34.7793
-35.8203
-38.7222
-46.1366
-49.9179
-47.7439
-52.6159
-57.4257
-57.8445
-58.6294
-62.7942
-65.812
-64.5437
-59.4063
-65.7637
-61.0954
-66.0357
-68.9019
-64.3153
-64.7194
-67.5426
-67.5782
-61.7688
-68.7891
-64.0665
-72.9377
-65.5856
-66.9784
-65.4963
-63.0108
-66.9311
-62.4344
-71.0611
-71.2894
-69.679
-69.7428
-72.6079
-70.2308
-69.147
-68.0009
-74.728
-69.6904
-70.5435
-70.5141
-65.1118
-51.5824
-25.8879
-25.7303
-22.5649
-23.7371
-19.5366
-20.9563
-23.1051
-20.3075
-19.7837
-23.3648
-28.9183
-44.9637
-55.2079
-53.4367
-56.9947
-58.995
-58.4047
-57.1784
-55.1774
-55.459
-55.6617
-55.1997
-55.4788
-60.2884
-49.4153
-30.8004
-25.6688
-29.7973
-33.4602
-36.564
-28.7062
-29.3813
-21.58
-32.2704
-27.3695
-24.6949
-31.0902
-37.9149
-23.8376
-25.989
-26.3837
-18.0893
-29.6749
-23.7863
-22.498
-23.2728
-20.0505
-29.1514
-36.1129
-32.1096
-22.9034
-16.8856
-12.4145
-3.8367
-17.099
-21.0737
-12.5429
-14.0221
-17.4202
-8.06973
-10.4786
-18.4419
-15.845
-24.08
-26.8975
-22.3267
-26.9469
-25.2534
-21.6536
-19.9049
-21.2119
-12.9867
-14.1114
-11.2045
-14.346
-11.7959
-11.7976
-10.3576
-10.6678
-8.09425
-7.02792
-4.18999
1.29535
-0.0574377
-2.75099
-8.35944
-7.25253
-7.70317
-14.1769
-18.4238
-15.9575
-12.0862
-10.1602
-10.8726
-10.7412
-7.89294
-9.00938
-7.72944
-7.1113
-3.34195
-4.92636
-8.05774
-4.71102
0.944735
-6.00273
-8.35609
-9.39516
-8.94557
-4.65557
-7.21017
-6.10568
-13.1303
-6.32166
-4.70512
-3.92114
-3.31571
-5.7324
-4.19798
-3.60019
-7.78765
-3.68479
-12.4846
-23.0404
-25.5823
-33.1029
-34.4562
-27.4848
-28.8043
-34.4506
-27.6362
-25.0408
-29.2838
-27.776
-29.6305
-30.5003
-27.6887
-27.3486
-25.3262
-27.3508
-24.6254
-26.1234
-24.9802
-27.8683
-25.065
-23.9082
-24.6289
-23.5789
-26.5383
-26.719
-23.3839
-27.5043
-30.0024
-33.3393
-32.2615
-30.1902
-25.8523
-21.755
-20.1786
-25.1965
-22.5788
-23.7011
-23.2826
-25.0682
-20.1213
-20.2489
-22.9275
-20.1936
-20.3381
-26.7391
-19.2672
-19.8433
-21.1609
-23.8243
-17.8335
-20.7206
-19.4911
-26.3533
-30.7382
-29.3286
-35.8459
-29.902
-29.8851
-23.1224
-27.9613
-27.6095
-24.2016
-37.381
-33.43
-36.9369
-38.4877
-30.5441
-38.8967
-33.9345
-34.0459
-32.5788
-26.4979
-32.0638
-32.9241
-25.7979
-22.9266
-28.0152
-24.4722
-27.3185
-30.4467
-31.6799
-28.3406
-24.0459
-28.6992
-29.0349
-24.6718
-25.0606
-24.9624
-32.2811
-31.727
-27.6158
-29.0158
-32.0684
-35.0541
-34.0211
-33.4003
-29.3523
-33.4445
-34.7928
-32.4505
-33.9527
-24.6089
-39.7306
-41.9253
-34.923
-36.604
-35.8602
-35.0607
-35.8365
-31.899
-24.4747
-31.9586
-33.1756
-32.9512
-33.6258
-35.284
-37.6989
-32.8872
-42.3535
-44.8043
-42.295
-33.317
-38.8678
-39.8904
-42.5252
-35.3507
-35.2441
-31.0757
-27.5832
-33.4264
-32.1179
-39.2587
-39.1648
-39.6987
-40.9699
-43.3886
-37.8173
-39.1897
-41.4511
-41.3516
-44.8999
-31.7729
-37.1349
-33.6166
-32.8573
-33.0176
-36.5993
-37.8535
-37.0912
-32.9489
-30.5884
-32.4662
-32.4414
-24.7156
-25.9502
-18.4098
-37.7551
-30.9033
-35.0467
-36.4228
-31.3215
-29.6478
-30.913
-33.6079
-26.2513
-24.1431
-25.4753
-25.882
-25.6912
-28.6086
-24.7976
-25.4624
-29.3768
-21.6446
-27.9685
-33.8688
-27.7457
-23.3095
-24.5522
-24.9717
-25.7919
-24.359
-19.0266
-18.5396
-11.3614
-20.1652
-16.5489
-19.7054
-16.2482
-18.132
-20.9968
-21.2597
-21.8567
-17.1367
-18.0208
-16.0845
-14.5719
-15.1354
-5.13316
-32.9884
-31.6256
-34.0365
-30.5339
-31.6559
-34.9666
-29.8087
-26.6441
-23.7369
-23.2127
-17.1798
-21.9604
-21.2648
-21.4132
-25.7506
-22.8386
-20.4631
-23.0287
-13.8996
-13.417
-11.3274
-11.1669
-10.9393
-18.4758
-10.314
-10.8695
-11.2163
-10.0669
-14.3937
-21.9968
-24.8971
-49.0842
-57.781
-67.9022
-43.0228
-35.4151
-39.1227
-42.2387
-41.5991
-38.2086
-40.5667
-44.5874
-37.6872
-31.5814
-36.3626
-22.3657
-22.2212
-12.812
-9.62669
-17.8382
-23.978
-22.8283
-33.9207
-22.7592
-27.9633
-29.0353
-28.8435
-25.8437
-23.9383
-29.1852
-24.2998
-24.14
-35.0841
-34.1096
-38.6659
-32.4051
-39.005
-32.8827
-34.5229
-36.3449
-34.5043
-33.5435
-33.9304
-24.9078
-34.6932
-30.0728
-29.8857
-23.1999
-18.5126
-22.7013
-23.6428
-22.5465
-18.4921
-30.0691
-39.0446
-28.0915
-22.8559
-17.2663
-29.5522
-32.9672
-33.8495
-10.2526
-19.1106
-14.1078
-17.4509
-31.8217
-18.8908
-18.8096
-12.8588
-21.8385
-16.5187
-22.358
-28.154
-37.7854
-44.0356
-48.0509
-46.4054
-24.1677
-34.2181
-19.1193
-21.9154
-7.99084
-22.4827
-19.8879
-25.0569
-27.8545
-17.222
-37.4914
-33.9894
-25.4036
-28.8185
-36.6694
-27.7365
-41.8612
-43.5428
-20.344
-23.3329
-29.5865
-27.2939
-23.1227
-25.1364
-15.164
-21.0127
-20.7972
-23.6606
-25.5872
-24.7499
-22.9363
-25.9557
-19.2464
-23.0809
-18.3482
-14.2154
-14.6471
-10.0223
-11.6675
-5.63772
-6.47062
-7.70104
-5.90091
-8.53532
-10.484
-12.3488
-20.5686
-24.5348
-27.3991
-27.4322
-26.1561
-22.3406
-17.8587
-17.8556
-24.6311
-21.7778
-22.0542
-20.8731
-23.2179
-24.0474
-20.2142
-26.5856
-24.7656
-22.8173
-23.3163
-22.3524
-18.8988
-18.801
-21.6044
-18.2698
-20.8596
-17.3613
-26.2704
-19.0356
-33.4626
-25.551
-35.5336
-28.9763
-27.4922
-27.9891
-18.6874
-15.2838
-21.2141
-12.7893
-6.36825
-6.22029
-11.4448
-10.2203
-12.3971
-13.7886
-12.1687
-12.4915
-15.6252
-19.7337
-14.1785
-18.0819
-15.8435
-17.8159
-23.1517
-22.9324
-21.517
-21.3196
-20.3343
-24.0515
-21.7799
-23.5882
-21.9688
-23.2559
-19.5639
-21.21
-24.7255
-24.4094
-22.5869
-19.9219
-22.1551
-26.1383
-25.5701
-21.5445
-20.7651
-22.2515
-27.0836
-25.2171
-24.0789
-21.15
-22.2653
-23.8136
-20.4912
-22.1604
-25.3108
-18.7846
-20.7877
-22.32
-18.4463
-21.1628
-20.3712
-18.9793
-19.6655
-16.4243
-19.6264
-20.7925
-20.053
-17.9387
-19.019
-20.0735
-20.3771
-18.4781
-18.7826
-16.1554
-20.2819
-20.3082
-23.1842
-21.7335
-17.61
-20.1681
-15.0169
-19.2648
-22.7674
-21.0993
-17.6963
-19.6387
-18.516
-21.4559
-18.6791
-21.3719
-21.98
-17.5105
-23.2591
-26.3613
-24.8546
-20.7471
-29.0731
-25.7847
-27.7897
-26.9966
-26.3176
-30.0345
-28.6721
-31.4606
-30.153
-28.41
-27.3096
-26.6449
-26.1668
-23.88
-20.8529
-28.7226
-29.0857
-19.7199
-19.7076
-20.8388
-21.7483
-20.7347
-22.2092
-21.1889
-23.0338
-22.5986
-19.9169
-36.4429
-23.3365
-24.1007
-14.7523
-7.5284
-1.28864
0.426395
-16.1507
-20.0267
-19.3694
-14.6213
-13.1673
-21.3989
-14.3047
-8.62385
-5.94522
-6.90458
-6.42325
-6.25268
-5.11499
-11.9671
-12.0067
-15.4706
-13.3383
-17.3011
-17.8392
-21.6012
-23.5109
-21.2304
-23.4062
-22.6132
-25.1594
-20.7241
-14.8821
-20.3278
-18.5568
-14.456
-14.4092
-19.6639
-33.7407
-31.5306
-27.293
-36.2544
-31.0453
-33.1457
-34.8884
-31.8417
-29.4666
-27.6874
-37.3339
-35.9372
-34.9468
-36.4267
-31.4197
-29.3104
-31.2111
-32.4573
-32.7142
-31.5968
-32.7041
-31.122
-27.9727
-30.0958
-31.469
-27.9014
-30.3599
-26.6566
-28.7855
-32.8286
-31.7887
-33.361
-32.1298
-36.2292
-33.5527
-34.2481
-33.7529
-31.2741
-34.3942
-36.068
-32.9722
-32.5416
-30.2162
-32.9112
-33.6823
-35.951
-34.4279
-37.9709
-41.0477
-42.172
-37.5536
-36.4197
-38.077
-37.0253
-37.2639
-41.0636
-42.0167
-36.9187
-38.7842
-40.3312
-37.3511
-40.4379
-40.1486
-37.8443
-40.0556
-38.5538
-40.3218
-40.8401
-40.235
-39.6685
-39.3878
-39.3221
-48.9972
-52.3403
-49.3214
-60.3826
-58.0087
-48.4572
-55.9693
-57.7532
-51.4618
-46.323
-56.8383
-51.5372
-45.6219
-47.8211
-43.9513
-50.4931
-61.9547
-60.9117
-58.8088
-58.2647
-49.6274
-53.4444
-53.1156
-56.9101
-53.8618
-47.3805
-54.0438
-48.4331
-58.979
-56.6455
-56.6671
-60.3866
-60.6268
-58.2423
-53.3131
-53.2115
-59.5643
-57.6934
-56.0521
-59.4172
-55.7726
-55.9413
-58.4636
-56.6805
-64.6029
-64.6648
-56.315
-55.7307
-49.4845
-54.6736
-56.5223
-60.584
-57.5495
-59.7878
-60.7669
-59.2805
-62.0342
-59.2726
-56.8593
-58.474
-58.3583
-58.3208
-50.476
-50.3252
-50.3831
-54.3921
-58.7415
-56.6342
-50.7596
-55.0508
-49.8644
-53.076
-56.27
-55.2908
-49.8467
-55.1891
-58.6492
-60.16
-68.8967
-58.1321
-59.6888
-57.9057
-55.9998
-50.9289
-57.4042
-50.1914
-46.4158
-56.6151
-56.9828
-52.2696
-67.8304
-56.8584
-58.2708
-55.347
-49.346
-54.1742
-53.9923
-59.3671
-54.4721
-51.6958
-61.3625
-62.945
-55.2045
-49.3512
-54.335
-51.3887
-53.8027
-58.2534
-63.3869
-56.4849
-55.0199
-51.4594
-50.2433
-52.2906
-38.504
-40.7122
-23.2747
-23.7473
-22.026
-12.1776
-16.8349
-18.3758
-23.8954
-21.9768
-27.7421
-28.8541
-27.9352
-29.3209
-36.4098
-35.4706
-33.7119
-46.8922
-31.1687
-36.2664
-33.1991
-36.306
-36.5097
-38.7561
-36.9179
-31.0687
-30.9768
-31.319
-31.5325
-25.2445
-34.4655
-29.6821
-29.3484
-29.5913
-33.8125
-38.9966
-36.9571
-36.318
-40.3892
-39.5227
-37.1379
-32.4199
-30.9189
-27.9171
-29.9555
-35.4827
-30.8273
-38.6493
-35.3701
-33.3153
-42.8778
-44.817
-37.8155
-38.4744
-34.3436
-37.9179
-43.9347
-41.0314
-38.0484
-42.767
-42.6003
-41.6057
-48.6266
-42.2718
-46.1962
-43.1484
-43.2668
-43.7427
-42.955
-43.1342
-46.3434
-47.1161
-38.8244
-47.0685
-40.9753
-41.5476
-42.0698
-45.687
-48.9508
-46.0533
-48.4405
-49.4761
-51.0082
-51.0913
-48.932
-44.2389
-44.6887
-43.8877
-49.9198
-55.5353
-46.0989
-48.9644
-48.8748
-44.6305
-45.2543
-43.8733
-47.6488
-46.8614
-47.3392
-44.1688
-43.1571
-46.7428
-47.129
-48.1067
-54.3623
-58.1794
-54.546
-55.4494
-50.8913
-47.1747
-48.0048
-43.7778
-51.1043
-53.0137
-45.1707
-53.5458
-49.8855
-32.0788
-11.4565
-11.8395
-9.84912
-12.6739
-14.1108
-14.9245
-25.7001
-29.8309
-20.5776
-23.1962
-21.5843
-24.6624
-22.9513
-21.9114
-24.1998
-16.9768
-20.0117
-26.962
-24.073
-22.4961
-21.0526
-30.2116
-26.8235
-24.4135
-27.8158
-27.9958
-19.2195
-25.0548
-22.3536
-17.8754
-26.6643
-28.1571
-22.8598
-29.0812
-29.8188
-28.4694
-28.7424
-29.2209
-30.4272
-29.2864
-31.8827
-30.6261
-28.7651
-26.0565
-27.9534
-28.076
-24.6527
-28.5322
-26.3185
-22.9173
-27.6654
-25.9549
-31.0854
-23.7751
-25.6841
