-282.481
-255.991
-194.672
-175.12
-182.267
-183.665
-188.858
-188.24
-187.718
-179.589
-182.616
-172.75
-174.995
-180.128
-175.806
-165.289
-185.684
-231.002
-212.396
-206.232
-196.266
-191.566
-194.521
-190.635
-183.607
-183.714
-188.403
-184.821
-190.571
-180.133
-187.614
-187.164
-187.568
-181.981
-177.624
-183.275
-189.079
-187.324
-186.212
-186.561
-193.163
-189.662
-194.767
-196.867
-186.324
-185.359
-192.598
-191.503
-187.908
-192.596
-187.351
-191.211
-187.231
-192.707
-196.982
-195.418
-197.119
-194.811
-198.25
-194.855
-203.803
-198.29
-189.075
-192.53
-191.148
-195.533
-191.017
-194.154
-192.767
-196.938
-200.618
-196.261
-191.385
-196.152
-193.03
-189.547
-195.979
-192.118
-195.647
-184.654
-188.271
-189.683
-193.766
-183.302
-191.244
-192.315
-183.459
-189.746
-183.973
-183.474
-191.815
-187.39
-195.175
-193.904
-195.099
-199.509
-204.512
-207.855
-202.628
-202.594
-199.146
-204.434
-199.504
-194.052
-172.335
-173.606
-160.489
-164.786
-169.825
-182.3
-189.351
-184.713
-192.981
-192.596
-173.961
-172.483
-170.738
-165.052
-182.159
-167.771
-175.421
-179.759
-183.455
-186.909
-207.234
-197.208
-203.621
-200.65
-196.092
-189.624
-187.886
-201.274
-186.421
-194.141
-187.567
-187.657
-188.469
-198.147
-198.855
-205.291
-199.032
-203.962
-199.224
-195.222
-190.859
-195.057
-200.294
-191.118
-192.659
-195.384
-190.731
-194.017
-203.222
-201.64
-200.919
-203.059
-207.238
-200.597
-204.302
-202.315
-203.93
-201.413
-196.624
-202.039
-196.313
-199.209
-206.799
-208.135
-204.679
-179.109
-138.165
-128.212
-159.272
-249.486
-246.107
-212.035
-219.934
-217.765
-220.715
-219.18
-213.227
-227.025
-219.352
-226.957
-234.592
-234.814
-240.226
-242.561
-250.237
-246.236
-249.036
-250.227
-255.891
-256.767
-258.025
-263.457
-264.218
-276.379
-272.692
-275.51
-269.056
-274.569
-264.425
-262.849
-262.862
-263.28
-257.685
-252.299
-236.019
-220.144
-231.291
-246.831
-253.003
