-30.4536
-13.8149
-29.7054
-35.0915
-37.4956
-39.7726
-35.7524
-43.3316
-34.3546
-29.1158
-32.6907
-38.5483
-37.6014
-30.3942
-45.0657
-43.1221
-44.7747
-57.8422
-59.2073
-56.352
-54.3468
-49.312
-54.2996
-58.0285
-61.1401
-57.8721
-68.2866
-57.9702
-52.1059
-58.1759
-64.38
-59.962
-66.5087
-60.3698
-57.8001
-57.4863
-64.0691
-60.0107
-59.4511
-60.7917
-69.907
-63.2229
-64.8351
-69.3988
-65.487
-63.1157
-65.3666
-67.5086
-65.6552
-70.8722
-66.7242
-66.4949
-63.8194
-66.6923
-73.5097
-66.8099
-71.1996
-66.0186
-63.8858
-68.0693
-71.5126
-75.2944
-62.0434
-68.6126
-67.1452
-67.0307
-70.2256
-70.5632
-68.6133
-66.7195
-74.0644
-70.0215
-68.8094
-72.0888
-67.3564
-64.7437
-70.019
-73.7668
-67.6792
-66.0265
-65.8589
-73.2421
-72.7241
-68.2823
-68.0692
-66.4803
-67.7462
-66.7794
-64.9686
-62.5344
-73.0865
-66.0517
-72.4536
-68.1383
-67.4998
-69.3957
-69.0084
-71.1906
-60.2807
-67.8862
-61.5309
-69.0962
-62.8316
-58.6218
-48.6492
-55.4172
-47.6618
-57.0439
-60.9156
-56.8738
-59.4358
-56.7292
-64.987
-68.0546
-58.528
-59.5745
-58.8814
-58.9601
-61.0009
-67.4174
-60.1783
-60.6386
-61.8797
-65.5876
-60.9958
-56.861
-55.5313
-58.0413
-52.428
-55.5789
-57.983
-57.9815
-55.3595
-58.5713
-57.5316
-52.2469
-60.5086
-67.4707
-63.4723
-57.9816
-58.2793
-59.5426
-59.0607
-60.4745
-61.7421
-63.2299
-62.4554
-60.792
-64.3484
-58.901
-60.6785
-61.0714
-62.9822
-64.4781
-65.0601
-64.1464
-59.0076
-61.7869
-60.4919
-67.2742
-62.3707
-64.5127
-59.2997
-57.7743
-59.0609
-59.2138
-58.7396
-49.5281
-54.0903
-55.9609
-37.2887
-19.5157
-21.4797
-10.7568
-27.6412
-56.0405
-63.6961
-74.2148
-75.9166
-80.4664
-70.6957
-64.4725
-70.8677
-75.6171
-69.5076
-73.8332
-64.0819
-64.3699
-66.8958
-65.6282
-68.1342
-68.6174
-70.4375
-63.4258
-69.1043
-63.7276
-57.7905
-59.9988
-63.6832
-62.5279
-60.8724
-64.0586
-57.6174
-54.6437
-51.7423
-52.1959
-59.0741
-56.632
-49.5017
-26.288
-29.0714
-49.5721
-50.6787
