20.4674
16.3196
19.4974
9.6208
7.61827
7.55714
1.03161
-0.0932565
12.4984
-10.792
4.81049
0.766886
16.8135
9.94129
9.19102
13.5659
15.2907
9.65081
4.88248
3.56616
5.85074
10.078
11.2923
9.93493
3.52454
-0.735416
1.03995
-0.410259
12.1921
16.1841
7.91618
8.99434
20.9113
18.5729
14.5334
9.88197
14.4271
13.6901
5.35491
3.47477
14.6878
17.5234
14.4298
-0.44437
14.7055
8.88378
9.90549
6.14408
13.2223
14.1371
10.8352
4.50052
1.18825
18.282
3.48824
0.453536
9.3606
8.48594
10.2821
9.00403
13.6716
3.18833
8.5149
6.44583
9.93613
6.77447
4.66874
1.3956
2.15141
0.410321
-3.07696
6.87151
-3.55768
0.984583
2.61377
-4.01628
-2.42805
1.41215
3.01531
-2.19375
8.5176
1.82654
9.24749
-0.257524
-3.2845
2.34212
2.1067
-0.330746
-0.385478
1.18574
1.40396
-1.66012
0.575127
2.77832
2.14208
8.23244
11.3552
7.32383
5.31949
11.4152
9.63891
3.66396
9.07573
11.7751
7.92123
8.26566
14.2152
16.6866
24.6025
20.521
14.8991
15.2043
15.9362
15.8939
9.66058
5.23649
10.186
2.01654
-9.40378
-0.64033
0.673652
3.52363
11.6829
7.28416
6.87458
14.8419
15.2917
13.0964
17.356
21.3213
21.9127
20.8027
17.0203
14.7493
17.3574
22.094
23.8892
31.8664
29.6729
28.9483
21.5765
26.9019
24.7988
18.1154
22.2365
19.5582
19.8919
22.247
14.3223
10.3663
21.9605
10.3934
13.4432
10.6782
12.2941
21.1335
-7.03424
16.0945
11.3588
15.2788
18.7656
15.6327
4.30822
12.4759
2.48901
14.3951
4.03949
6.1041
5.38379
4.10232
3.94385
17.5802
9.27237
7.2947
10.9633
3.14757
6.02432
7.97261
-0.366002
16.9475
5.54192
13.2433
6.28094
6.35252
1.25473
6.91126
2.15501
5.59237
13.1044
13.0096
3.98723
1.88524
7.55917
10.4946
10.0509
-2.30902
5.23896
13.1622
10.5678
1.00968
8.66834
4.56587
13.8838
12.6835
7.86229
18.3375
10.3545
-1.0248
-4.33673
-1.11993
-0.368998
4.91917
5.41148
