-223.857
-243.362
-238.655
-244.276
-243.196
-243.447
-258.845
-257.679
-251.648
-162.784
-138.651
-92.621
-114.466
-119.988
-123.09
-123.502
-125.78
-123.543
-123.573
-126.243
-132.971
-126.161
-128.978
-135.322
-139.766
-157.869
-152.084
-149.975
-154.581
-152.934
-153.361
-153.027
-150.868
-151.353
-147.727
-157.36
-165.709
-169.327
-155.443
-159.458
-157.206
-150.725
-145.53
-145.267
-147.162
-145.898
-157.941
-169.335
-170.491
-178.255
-184.822
-174.11
-179.107
-181.296
-190.051
-181.982
-189.193
-187.872
-183.003
-176.159
-176.63
-172.431
-166.54
-163.897
-172.862
-171.393
-164.815
-175.661
-178.929
-175.743
-173.129
-166.739
-173.584
-164.922
-184.339
-225.747
-230.985
-238.149
-227.64
-225.757
-229.766
-229.443
-226.34
-231.532
-227.189
-228.072
-222.828
-173.77
-168.536
-166.521
-158.734
-163.23
-152.972
-149.385
-152.284
-145.139
-139.437
-144.466
-158.867
-209.266
-219.801
-190.581
-186.239
-179.996
-225.932
-202.573
-160.369
-165.06
-177.863
-185.079
-194.415
-205.149
-202.147
-205.991
-201.881
-199.643
-187.614
-171.212
-168.67
-165.881
-180.757
-187.505
-185.184
-183.672
-211.942
-172.552
-136.367
-120.677
-125.308
-144.351
-134.669
-132.586
-138.179
-140.727
-146.274
-145.665
-141.63
-147.306
-140.255
-134.222
-142.444
-135.886
-139.718
-135.155
-140.695
-134.614
-132.075
-133.904
-131.818
-131.506
-134.392
-137.337
-142.581
-141.664
-140.47
-141.126
-141.144
-140.27
-140.361
-136.265
-139.542
-134.187
-140.576
-150.929
-157.618
-142.523
-144.711
-142.092
-135.284
-136.828
-136.284
-144.392
-135.077
-132.488
-134.971
-131.706
-138.993
-143.376
-145.949
-141.435
-141.219
-140.789
-147.866
-147.676
-155.499
-147.891
-155.427
-159.181
-155.13
-147.992
-156.811
-152.673
-161.596
-167.199
-165.534
-164.334
-161.528
-163.657
-150.615
-151.268
-157.157
-165.694
-149.443
-138.26
-127.346
-127.94
-132.968
-132.702
-138.091
-138.855
-133.554
-136.72
-131.646
-127.147
-124.19
-131.942
-133.935
-133.13
-147.641
-137.584
-137.334
-147.363
-158.945
-162.044
-158.429
-149.59
-157.324
-153.783
-153.632
-141.236
-162.86
-165.111
-166.265
-176.652
-172.513
-177.798
-168.762
-176.086
-174.925
-169.296
-169.767
-169.055
-167.944
-167.727
-172.231
-171.663
-163.756
-173.884
-169.957
-175.518
-166.768
-184.64
-174.824
-177.505
-175.263
-184.191
-188.495
-192.846
-184.789
-163.823
-155.699
-160.457
-195.702
-218.778
-214.105
-213.364
-218.236
-225.576
-228.201
-231.421
-228.631
-220.916
-212.213
-212.042
-217.214
-228.347
-214.642
-212.696
-217.31
-211.519
-213.377
-208.011
-203.32
-205.5
-206.381
-200.945
-209.431
-203.91
-194.221
-205.638
-205.704
-209.801
-204.969
-210.28
-214.483
-213.723
-208.825
-207.117
-208.03
-203.152
-215.022
-218.546
-206.425
-203.948
-206.365
-203.148
-213.306
-210.966
-217.309
-217.423
-222.07
-223.867
-227.534
-225.095
-224.952
-229.452
-233.873
-238.402
-232.652
-235.406
-244.942
-242.968
-237.399
-229.128
-230.215
-230.475
-232.198
-238.974
-242.22
-244.371
-238.281
-232.157
-228.15
-236.37
-246.323
-246.739
-238.927
-240.906
-244.823
-232.721
-231.543
-234.952
-237.886
-241.434
-241.482
-252.432
-239.606
-237.241
-246.236
-245.301
-218.003
-220.458
-214.28
-214.497
-212.443
-223.879
-197.926
-193.309
-195.683
-200.205
-190.431
-185.875
-205.049
-214.743
-225.171
-227.831
-228.656
-228.773
-230.044
-229.84
-226.159
-227.977
-228.572
-221.779
-229.567
-223.008
-227.739
-231.879
-226.524
-218.501
-217.35
-218.787
-226.435
-229.315
-222.83
-221.557
-217.527
-220.279
-213.191
-213.352
-216.998
-214.444
-218.613
-220.501
-221.115
-215.898
-215.031
-221.532
-192.953
-194.642
-210.541
-213.196
-215.796
-218.124
-217.829
-225.769
-228.433
-229.441
-231.887
-229.971
-229.175
-229.255
-227.229
-224.238
-225.517
-225.768
-229.039
-223.949
-211.077
-214.767
-207.97
-208.728
-213.469
-201.161
-188.29
-170.261
-141.389
-147.278
-162.79
-144.051
-168.876
-185.336
-183.392
-178.001
-194.176
-217.914
-202.025
-191.473
-188.456
-187.303
-197.668
-213.762
-209.806
-192.596
-201.87
-198.722
-221.451
-216.266
-221.618
-216.141
-219.969
-215.886
-213.015
-209.604
-218.705
-213.188
-219.128
-214.422
-205.53
-212.683
-220.694
-207.644
-215.568
-217.147
-224.93
-235.72
-229.056
-228.457
-223.709
-224.777
-213.154
-217.516
-217.875
-211.339
-208.757
-205.102
-226.881
-214.337
-219.286
-213.868
-214.537
-223.555
-221.118
-217.694
-215.069
-217.858
-221.486
-218.086
-207.419
-217.966
-207.376
-201.331
-189.109
-192.081
-186.081
-194.976
-199.852
-197.708
-202.416
-202.853
-212.105
-214.729
-233.109
-224.086
-209.539
-206.462
-204.439
-201.605
-192.937
-195.92
-190.974
-177.895
-179.671
-199.878
-195.637
-193.362
-201.791
-211.736
-209.289
-220.658
-212.281
-243.124
-181.88
-146.052
-144.08
-145.398
-146.265
-149.499
-137.445
-135.742
-140.247
-137.018
-137.598
-142.449
-136.635
-138.097
-141.349
-142.753
-145.005
-142.736
-151.074
-145.524
-145.346
-144.506
-147.207
-141.744
-141.692
-147.651
-142.808
-142.575
-149.381
-154.822
-152.923
-157.992
-159.98
-163.408
-167.854
-161.565
-165.708
-162.899
-159.658
-154.976
-162.185
-149.461
-154.711
-162.923
-158.638
-153.525
-149.496
-156.978
-157.335
-158.484
-160.312
-158.152
-154.902
-160.282
-158.862
-158.471
-150.808
-193.103
-232.748
-151.864
-164.338
-173.443
-157.347
-165.023
-177.871
-161.707
-148.624
-146.12
-154.673
-156.632
-163.37
-163.511
-164.598
-167.033
-172.726
-167.995
-167.021
-178.734
-173.422
-175.61
-179.784
-177.537
-183.116
-175.587
-185.422
-181.786
-182.102
-179.638
-180.833
-185.703
-185.774
-191.647
-193.016
-185.434
-183.245
-184.556
-189.46
-185.254
-186.886
-191.448
-195.217
-193.136
-197.722
-199.856
-195.512
-203.196
-195.095
-195.397
-202.722
-197.38
-198.631
-197.966
-197.061
-196.074
-198.571
-200.874
-203.68
-201.95
-197.135
-201.344
-196.733
-200.68
-201.147
-199.564
-203.807
-198.303
-198.293
-202.811
-206.932
-203.101
-201.059
-204.494
-201.58
-204.906
-209.446
-214.908
-208.636
-210.063
-209.317
-212.396
-210.853
-212.801
-209.521
-208.622
-211.681
-209.758
-209.539
-208.186
-223.384
-216.548
-216.988
-218.37
-219.967
-225.809
-225.42
-223.673
-223.297
-226.275
-229.608
-228.725
-228.019
-227.154
-230.799
-233.987
-230.488
-233.347
-231.905
-227.86
-219.937
-207.878
-167.232
-160.148
-164.444
-158.861
-152.461
-156.424
-156.019
-155.208
-147.175
-157.696
-147.076
-178.241
-186.038
-180.995
-183.288
-189.306
-172.354
-168.46
-195.501
-209.443
-222.554
-221.841
-221.653
-221.445
-203.415
-198.395
-189.717
-184.675
-184.086
-186.196
-181.531
-185.409
-181.717
-181.847
-187.821
-183.891
-186.746
-184.241
-184.565
-184.922
-193.798
-189.062
-188.651
-195.606
-189.775
-196.795
-193.134
-185.039
-159.897
-166.213
-144.132
-166.946
-174.461
-179.515
-179.686
-177.833
-185.287
-185.835
-180.331
-189.269
-206.487
-203.58
-206.972
-199.526
-200.134
-199.701
-199.122
-199.116
-204.402
-201.759
-206.64
-211.284
-207.064
-207.824
-206.25
-204.961
-210.46
-209.165
-210.515
-211.814
-214.617
-214.055
-208.31
-205.551
-206.994
-207.916
-206.84
-208.861
-210.927
-210.945
-208.537
-212.194
-206.259
-207.839
-213.862
-212.742
-213.759
-216.682
-213.222
-212.134
-207.058
-211.048
-209.651
-203.338
-205.468
-205.506
-211.35
-209.695
-212.492
-214.497
-210.83
-211.71
-209.066
-215.208
-209.424
-212.241
-215.828
-218.886
-216.759
-204.786
-197.336
-154.438
-168.749
-162.71
-165.34
-167.103
-161.709
-167.953
-164.51
-159.243
-171.92
-198.404
-188.449
-191.91
-192.535
-192.798
-192.28
-200.532
-200.299
-184.643
-182.754
-184.516
-183.804
-192.199
-198.705
-200.347
-203.75
-202.784
-222.688
-214.591
-213.99
-213.811
-222.95
-218.752
-212.565
-206.179
-204.559
-207.494
-196.049
-197.853
-199.131
-200.503
-202.01
-203.641
-212.118
-219.723
-212.763
-206.852
-206.198
-205.279
-209.833
-213.824
-225.067
-206.079
-198.645
-194.811
-203.542
-203.627
-207.764
-210.411
-211.252
-218.978
-214.274
-207.025
-206.985
-205.187
-214.896
-222.546
-211.931
-209.714
-200.361
-195.172
-201.95
-200.927
-201.684
-205.192
-211.774
-216.814
-225.585
-231.835
-234.768
-225.966
-215.683
-206.845
-201.449
-199.463
-201.849
-194.268
-207.797
-205.639
-212.834
-226.483
-221.897
-215.475
-211.43
-203.446
-212.928
-227.68
-228.685
-207.388
-204.96
-201.51
-204.185
-203.344
-192.086
-197.659
-202.476
-203.593
-206.87
-208.04
-210.535
-204.78
-209.307
-202.36
-198.206
-181.977
-163.651
-280.972
-320.752
-213.984
-160.883
-138.818
-140.389
-148.147
-141.464
-135.578
-139.879
-144.421
-145.779
-142.257
-148.954
-158.132
-160.361
-154.566
-156.052
-159.201
-159.612
-162.659
-161.923
-151.8
-146.877
-154.823
-149.871
-154.62
-156.029
-166.462
-164.02
-166.801
-160.813
-176.077
-180.556
-180.319
-186.969
-188.518
-191.433
-188.382
-184.624
-188.813
-186.398
-194.943
-220.416
-164.539
-181.407
-193.037
-168.973
-200.444
-201.25
-196.841
-186.598
-186.187
-187.691
-193.636
-189.261
-172.785
-176.303
-177.194
-179.769
-187.47
-185.284
-184.848
-176.609
-185.611
-183.457
-183.816
-188.218
-188.842
-191.484
-179.314
-190.12
-180.472
-184.863
-187.92
-192.164
-188.879
-188.726
-189.256
-185.029
-190.879
-188.367
-197.306
-192.828
-189.221
-190.338
-188.035
-193.816
-185.898
-193.409
-187.199
-192.32
-188.395
-184.482
-191.377
-188.505
-190.019
-191.08
-193.217
-190.027
-185.977
-188.52
-195.508
-193.226
-185.155
-193.01
-188.079
-195.352
-191.002
-179.325
-194.858
-195.81
-188.585
-195.305
-187.714
-171.348
-196.452
-186.325
-192.643
-190.236
-182.801
-197.933
-162.253
-105.965
-113.559
-99.8488
-100.829
-109.605
-104.902
-114.959
-106.325
-113.796
-112.097
-119.633
-122.413
-124.185
-128.565
-132.217
-124.385
-124.882
-129.318
-128.026
-120.011
-125.34
-130.016
-109.689
-133.021
-115.535
-141.306
-145.133
-149.861
-139.271
-143.146
-144.338
-136.742
-136.809
-140.168
-132.674
-130.984
-144.112
-144.818
-145.838
-142.154
-142.3
-138.319
-131.225
-144.442
-143.521
-148.663
-146.725
-223.729
