-3.68804
0.554489
-10.1247
-6.90391
-3.55698
-7.17195
1.55438
-1.82976
-2.36606
-18.2694
-36.4318
-46.3747
-43.0938
-39.4569
-54.7717
-53.278
-52.8844
-54.8838
-52.88
-53.2446
-59.7621
-57.5584
-57.2011
-60.5303
-56.0716
-48.8008
-56.6419
-56.1138
-62.9039
-65.4394
-65.669
-72.3887
-66.7417
-64.5659
-62.5879
-65.6441
-56.7334
-59.9725
-60.4975
-54.0225
-58.6953
-46.7626
-50.5671
-52.6257
-52.6036
-54.294
-49.7435
-54.0651
-50.2101
-45.0415
-47.227
-37.6062
-45.3963
-47.5816
-53.0252
-46.144
-49.9154
-50.3216
-51.3389
-47.4989
-50.1935
-42.0629
-51.1136
-45.1513
-46.2842
-43.8407
-40.665
-44.3086
-42.9222
-42.1422
-44.1827
-44.4816
-49.1364
-51.296
-26.0074
-13.8429
-17.1052
-24.3018
-24.2518
-14.4647
-14.6587
-16.5522
-13.4698
-19.5689
-16.8202
-21.1491
-17.2688
-25.7787
-21.0617
-25.1154
-18.5471
-13.6046
-18.1246
-24.4698
-25.0112
-20.5648
-18.3469
-22.0812
-23.3935
-29.7307
-2.08662
-22.2117
-20.7161
-22.1055
-0.567962
-15.5345
-53.8482
-46.6895
-43.952
-54.9424
-40.9215
-54.48
-49.543
-58.6049
-47.7844
-44.5172
-49.016
-48.6548
-50.3263
-62.5196
-55.0861
-58.2587
-22.2287
-11.4046
-13.7807
-7.58175
-22.8543
-14.1149
-13.2796
-18.6174
-3.30851
-7.96364
-8.1988
-11.2097
-12.296
-7.48993
-10.7241
-11.24
-9.76141
-16.4161
-13.7437
-16.0532
-17.8344
-17.8684
-15.1799
-15.7104
-11.8432
-17.0334
-13.8567
-20.0021
-19.2251
-19.5754
-21.3698
-19.9934
-14.8933
-11.5729
-10.9433
-12.3975
-10.4756
-16.1299
-13.9096
-11.6577
-9.78519
-17.557
-24.6023
-19.3625
-17.4897
-17.6357
-9.30218
-11.2482
-15.0455
-20.1689
-10.395
-11.1667
-8.00881
-13.981
-14.7327
-10.1689
-20.7316
-12.7071
-20.1501
-19.1853
-20.6151
-18.4078
-26.1483
-24.8925
-26.9992
-22.611
-26.1486
-18.5191
-24.25
-25.9998
-24.5952
-26.921
-29.0865
-28.0953
-29.1846
-33.5059
-38.1931
-29.7825
-32.2302
-29.4204
-15.8602
-21.6171
-17.0354
-18.1544
-20.59
-25.7611
-27.1658
-22.5032
-23.6922
-24.6879
-26.373
-26.1079
-22.6601
-28.4643
-26.8789
-23.6001
-31.0601
-22.5953
-22.2215
-23.567
-32.9664
-29.4622
-31.489
-32.9746
-32.5715
-36.3444
-38.7709
-38.4596
-37.1373
-32.8612
-31.0823
-36.3544
-26.9009
-33.974
-25.7719
-33.3862
-35.4454
-33.2098
-32.7765
-29.4806
-31.2113
-31.3883
-34.5716
-29.7867
-26.3258
-28.483
-26.4639
-27.2068
-28.8927
-33.9627
-30.5715
-25.3093
-25.7347
-22.0709
-21.9573
-19.2947
-17.7916
-22.3193
-35.2112
-34.7334
-14.9678
-11.2431
6.11096
9.64707
10.4676
10.5752
11.7185
4.65275
10.8596
14.9025
9.62991
4.92812
1.53532
-4.4702
0.884768
-1.44425
-10.9667
-12.3413
-12.5295
-10.7033
-12.2953
-17.7196
-16.0811
-9.69918
-10.5809
-10.141
-5.99807
-8.04915
-4.70346
-8.15501
-0.0581411
-0.706466
-0.974096
-0.398056
1.2266
-2.19349
0.654269
-1.83298
-8.10918
-10.6572
-10.5229
-9.3456
-8.45178
-7.76527
-11.9886
-15.2808
-6.23794
-3.30284
0.828735
-4.87377
-3.38302
-0.179374
-3.25674
-9.17317
-12.9902
-10.1116
-0.334699
2.60444
9.54662
8.75636
4.19766
-0.159814
-1.67066
-10.9253
-10.0057
5.65745
-1.29466
5.95
2.16484
0.219512
-5.178
-3.23716
-3.89355
5.31229
6.2418
-2.48237
-7.25093
-4.32258
5.15541
-0.913574
0.661824
2.87094
7.3697
1.52916
3.15118
4.0772
6.47678
7.50281
8.75334
0.264379
4.06515
-1.35508
-8.72357
-10.1871
-1.88946
-4.82933
-7.49028
-8.66601
-8.55624
-4.58544
-21.4667
-53.2254
-64.4386
-60.2365
-62.1928
-65.9923
-61.6594
-62.7838
-65.7119
-65.9572
-70.7278
-59.7188
-62.4235
-60.922
-63.0865
-65.8052
-62.8558
-58.97
-63.8788
-59.5563
-60.5198
-68.5935
-63.722
-61.4354
-62.3238
-64.3204
-63.1849
-65.8868
-70.2084
-65.1784
-61.1111
-63.9164
-63.718
-62.328
-63.8154
-53.2836
-23.9432
-6.91556
-10.7968
-13.6088
-7.18365
-10.6914
-12.1029
-7.85421
-9.72579
-7.97634
2.89258
-2.15591
1.85992
11.0012
3.91487
9.60646
7.09199
5.73991
12.478
9.14015
10.4222
6.43915
0.852149
-5.12393
-2.21542
-1.17336
1.00526
6.67808
6.97754
-11.8055
-4.44717
-12.5927
-44.3451
-40.3667
-39.0278
-39.4725
10.6803
12.2056
1.10214
-2.94484
-18.0955
-18.2366
-5.10024
-13.2982
-17.0585
-16.88
-15.6901
-17.7292
-26.0631
-11.7323
-19.7572
-8.93026
-21.2252
-13.7506
-31.1436
-21.8713
-15.9898
-15.6112
-11.9605
-28.5706
-30.2295
-26.4779
-36.6451
-20.6932
-20.615
-29.9251
-27.9737
-27.3917
-37.6046
-22.2837
-28.545
-26.5686
-29.4975
-26.2115
-29.571
-32.1306
-24.6536
-29.7892
-35.2039
-26.5248
-31.0432
-23.5386
-18.1619
-20.9289
-14.5258
-18.6404
-16.4837
-13.459
-19.6316
-18.7118
-21.4302
-31.5964
-27.8585
-26.0254
-23.3483
-15.4569
-20.3654
-14.4034
-28.3999
-21.7606
-21.5905
-17.013
-20.274
-27.2254
-22.3352
-27.5503
-31.2918
-29.6383
-15.5119
-22.5347
-21.8973
-27.7613
-36.6411
-26.4643
-32.3095
-13.3356
-23.8017
-20.1513
-17.1023
-30.6529
-17.5648
-13.0363
-2.07642
-7.4875
-5.06229
7.52573
4.57881
-1.68605
-2.20581
0.295249
4.31961
24.2304
16.3405
25.739
23.1725
13.7601
18.663
8.67598
11.3023
21.1956
19.9393
22.4582
15.455
19.7865
17.9533
12.1194
10.8014
10.9939
10.5835
10.2112
10.7118
15.6306
9.56357
4.94801
4.05102
3.65297
4.25798
6.29994
6.90662
8.07212
12.0496
8.30861
2.35486
5.26366
3.25892
7.10051
6.50282
9.06886
9.99221
13.141
14.4255
10.1134
9.35127
9.38775
10.1479
6.48822
7.78921
0.486372
9.13635
10.6454
13.932
-17.6914
4.79987
-21.3597
-20.2895
-22.9481
-17.0701
-33.8618
-19.6789
-18.8121
-18.231
-11.3566
-7.87337
-2.04102
-7.2015
-4.31927
-10.1654
-12.7082
-13.7397
-9.59256
-10.9331
-18.5681
-20.8324
-18.5621
-15.8191
-16.597
-13.0919
-15.9932
-15.3467
-8.42915
-14.1237
-12.3538
-15.5203
-21.6703
-16.6667
-17.9735
-21.7069
-13.6952
-15.3557
-17.6552
-13.1511
-20.8137
-15.5031
-15.5542
-18.392
-20.131
-15.6937
-25.1569
-20.2658
-23.4805
-18.4083
-19.8604
-23.7928
-22.4518
-18.6068
-20.0175
-23.5951
-17.9125
-19.3214
-19.7347
-22.0536
-19.8393
-17.6836
-19.7045
-19.6229
-18.3478
-16.4154
-19.5271
-19.9885
-18.5932
-23.8146
-19.0405
-20.1013
-22.7158
-16.9169
-22.1326
-16.7425
-13.7941
-18.5079
-20.0325
-15.0413
-18.5991
-18.5017
-18.7069
-16.8067
-19.9843
-16.5593
-18.7144
-16.9021
-14.5708
-18.0414
-17.5257
-18.4322
-22.2783
-18.142
-21.5026
-18.0572
-18.2935
-13.863
-13.2135
-12.2794
-16.2938
-18.3311
-16.3131
-15.8396
-16.4476
-12.3264
-18.9605
-14.1554
-13.1099
-18.4489
-17.2977
-5.31092
-6.92936
-3.20771
2.86305
1.07103
4.93011
5.31147
0.459925
-1.3125
3.80443
0.422496
3.62601
1.46063
-38.7279
-26.9775
-14.4794
-12.3371
-12.0458
-12.209
-14.5831
-12.2818
-15.4152
-14.5854
-18.9964
-15.674
-5.80578
-8.99694
-5.47739
-7.4036
-3.69836
-5.87774
-19.3577
-13.9416
-26.0501
-25.6832
-17.8569
-26.4738
-28.8694
-31.4764
-36.0353
-33.8207
-36.7468
-35.8736
-35.2378
-28.3404
-32.8586
-31.7376
-35.0906
-39.7585
-36.8515
-44.2078
-14.3096
-17.5247
9.73481
8.99603
9.30826
11.5271
10.1733
1.60636
6.27409
5.96715
-1.72574
-19.95
-22.5756
-19.0045
-21.7058
-23.9532
-25.2269
-21.1705
-18.0008
-19.4312
-17.9663
-19.1731
-25.1695
-23.7753
-23.5739
-26.6979
-20.6321
-24.2704
-24.304
-26.299
-26.2564
-23.9001
-26.1521
-24.1565
-23.5296
-20.9379
-26.9818
-23.772
-24.2708
-23.7086
-24.4422
-19.1
-25.4599
-24.6627
-26.8308
-24.3186
-26.5703
-26.4096
-27.8378
-27.2893
-25.9449
-24.0244
-26.023
-23.3649
-21.6995
-20.259
-22.9965
-21.5581
-25.2123
-25.7284
-20.4489
-20.7699
-20.7406
-25.9777
-27.0665
-25.0753
-29.5898
-26.2627
-28.0972
-24.729
-24.2367
-23.0528
-35.2087
-19.5956
-16.422
-17.7676
-20.1036
-19.5123
-23.0893
-22.4353
-25.9331
-25.597
-30.7436
-24.6497
-24.5412
-25.8652
-30.6651
-33.2068
-37.5599
-35.4618
-34.1751
-39.545
-36.2409
-32.3689
-29.6901
-30.5547
-23.0698
-24.8629
-25.4472
-27.9385
-29.8753
-32.013
-28.866
-23.5281
-26.6948
-29.7625
-25.9685
-28.812
-28.1528
-22.8972
-24.5328
-18.909
-17.1854
-16.9883
-22.2062
-27.8039
-30.1269
-38.2103
-29.6554
-32.709
-30.9992
-23.4643
-28.2578
-32.6977
-23.6909
-20.3907
-21.5917
-23.221
-28.5905
-33.676
-38.8838
-30.8722
-32.2198
-31.3988
-32.7221
-37.0753
-34.0812
-33.794
-32.3963
-28.3497
-28.0729
-26.1839
-23.9445
-14.0987
-17.2702
-19.7667
-30.83
-42.8411
-35.6045
-36.175
-43.9225
-39.7083
-36.6081
-35.2698
-36.0556
-37.4276
-37.5144
-26.6816
-29.0954
-33.3655
-36.446
-42.255
-39.9271
-40.4986
-39.3759
-39.6534
-37.8489
-35.2762
-34.7758
-38.2281
-30.6373
-37.4384
-30.3791
-30.6545
-31.2964
-30.6905
-38.4932
-42.8537
-44.0231
-34.6733
-36.76
-39.0109
-40.7253
-48.6916
-45.0576
-59.6531
-64.5087
-42.1371
-15.9986
2.57674
-6.42306
-8.96624
-3.35948
6.79011
11.0163
16.5293
17.6513
10.5931
8.84052
8.4181
3.1735
-6.3776
-17.8579
-42.0267
-37.5771
-34.7529
-30.3611
-29.6302
-29.6346
-29.2538
-21.6987
-18.4526
-14.637
-12.952
-15.7402
-10.787
-17.7842
-9.87294
-13.8627
-15.175
-16.7632
-23.884
-26.5813
-26.4612
-29.1826
-27.9232
-29.0953
-20.1541
-24.8149
-19.7243
-23.2356
-22.2966
-33.4321
-26.4631
-24.8183
-20.6124
-30.6355
-24.2922
-28.2704
-20.6371
-23.4623
-32.4657
-38.8081
-35.858
-40.4425
-40.2022
-32.5851
-35.6724
-32.5522
-24.9814
-26.9629
-24.3047
-24.3543
-21.9333
-22.8363
-23.2402
-22.3948
-22.1938
-21.6219
-29.1683
-16.0727
-17.3933
-26.2026
-27.6413
-30.1945
-25.2078
-25.5704
-19.1513
-20.7176
-28.1314
-24.9151
-21.0108
-17.5276
-21.1232
-22.5644
-19.6427
-21.5215
-23.2299
-22.3108
-17.6224
-21.1662
-21.9727
-22.7486
-18.1431
-20.5777
-22.9877
-21.3828
-18.0374
-12.1821
-18.5642
-25.6167
-21.4029
-16.4744
-17.7879
-15.3322
-22.8644
-18.3123
-17.7257
-20.9448
-27.4354
-10.8473
-17.1696
-21.6569
-42.6128
-57.6171
-62.6677
-54.9722
-48.3858
-57.3221
-56.8875
-59.6689
-28.2059
-42.7256
-45.9935
-46.604
-51.0242
-50.2677
-50.074
-49.6135
-54.8322
-50.0754
-46.4716
-53.0951
-54.9191
-41.3685
-47.6745
-51.9381
-54.0006
-47.5808
-45.9519
-46.7331
-47.1538
-50.3766
-49.4091
-51.9923
-53.9601
-56.6175
-49.2683
-51.5898
-56.7846
-52.3092
-54.1235
-55.3255
-54.3325
-55.3481
-55.5701
-51.6635
-51.5077
-53.594
-54.6751
-53.0194
-50.6905
-52.2826
-48.7923
-53.7828
-47.3865
-49.4046
-47.2774
-41.052
