-121.076
-115.61
-119.227
-124.298
-117.24
-124.159
-121.463
-119.92
-131.656
-116.45
-137.411
-153.512
-156.006
-142.958
-151.827
-152.336
-149.817
-148.556
-147.135
-149.897
-154.801
-155.829
-159.885
-164.297
-159.911
-163.167
-176.588
-173.287
-181.332
-181.717
-178.585
-176.401
-181.086
-182.748
-177.645
-178.187
-167.424
-182.02
-183.7
-176.1
-178.255
-171.255
-173.135
-168.799
-169.246
-170.654
-161.731
-163.093
-155.27
-160.414
-166.232
-168.96
-176.917
-173.176
-157.169
-167.509
-168.825
-169.801
-172.924
-164.003
-168.712
-162.005
-170.329
-165.149
-164.711
-164.144
-160.017
-157.381
-144.924
-142.49
-152.893
-157.225
-157.164
-160.71
-143.155
-102.635
-103.493
-99.1275
-94.1979
-92.3585
-100.266
-99.3768
-99.1143
-102.16
-93.9466
-94.3489
-88.6955
-51.2498
-40.93
-41.5955
-37.4046
-43.0862
-39.9954
-34.8193
-32.6739
-33.402
-33.9864
-30.8347
-33.9323
-73.8282
-135.959
-152.119
-151.04
-139.15
-139.457
-147.565
-163.42
-171.182
-171.371
-153.686
-170.049
-159.221
-170.471
-170.217
-161.558
-169.937
-162.601
-151.139
-159.568
-156.536
-152.606
-151.555
-157.833
-152.603
-147.32
-108.65
-124.997
-139.321
-145.027
-158.69
-160.371
-161.758
-165.842
-177.627
-184.099
-190.468
-197.45
-200.253
-196.111
-192.517
-196.388
-199.004
-199.363
-195.837
-193.432
-193.331
-192.492
-196.86
-200.113
-199.776
-199.833
-197.278
-196.699
-193.696
-191.805
-192.182
-191.912
-193.249
-187.421
-189.982
-192.433
-189.992
-192.762
-189.557
-191.454
-184.554
-180.723
-177.324
-182.699
-179.554
-173.82
-180.116
-176.605
-175.776
-172.314
-172.283
-172.985
-175.858
-179.46
-180.079
-179.547
-178.5
-183.083
-173.659
-183.087
-186.116
-188.352
-174.083
-176.42
-172.517
-176.369
-173.739
-179.908
-187.245
-189.081
-185.647
-179.951
-169.389
-171.686
-173.735
-176.008
-172.952
-164.779
-173.3
-166.756
-175.248
-176.143
-176.036
-177.112
-174.056
-180.553
-178.1
-180.772
-176.647
-171.881
-174.779
-174.702
-165.931
-173.775
-165.747
-154.911
-158.422
-154.092
-151.008
-156.223
-158.26
-164
-164.388
-165.974
-156.197
-160.945
-153.845
-149.479
-159.059
-157.447
-157.375
-158.229
-159.29
-161.684
-159.83
-159.301
-163.381
-167.167
-165.707
-156.323
-157.209
-156.714
-160.523
-160.469
-162.883
-149.379
-157.387
-152.925
-153.237
-156.157
-157.223
-150.119
-149.387
-146.39
-137.758
-137.987
-130.117
-111.57
-120.173
-87.707
-76.7812
-77.1814
-81.6147
-76.4509
-78.9048
-64.9791
-87.6341
-103.208
-103.797
-103.044
-101.53
-92.3105
-97.8292
-94.3564
-97.6792
-102.469
-116.246
-116.761
-123.732
-119.261
-97.7105
-110.37
-100.339
-103.806
-106.617
-95.6895
-96.2612
-90.2176
-90.0967
-93.2895
-97.8083
-96.3748
-99.5469
-112.542
-114.402
-121.678
-124.937
-120.307
-122.213
-120.394
-110.203
-115.228
-115.342
-103.222
-105.876
-98.859
-99.9638
-102.595
-101.312
-114.859
-114.775
-122.091
-110.763
-119.947
-111.786
-108.429
-115.908
-119.642
-117.448
-113.49
-115.297
-115.058
-105.115
-110.411
-112.394
-115.25
-109.098
-113.922
-118.684
-122.14
-121.352
-117.397
-121.1
-115.848
-118.64
-114.02
-114.322
-115.862
-114.502
-115.275
-115.635
-112.498
-114.481
-114.737
-122.668
-116.09
-109.28
-105.006
-97.5742
-117.581
-149.49
-109.111
-109.534
-105.033
-107.862
-106.127
-104.369
-128.733
-162.024
-163.259
-166.926
-167.361
-170.413
-167.059
-164.344
-163.72
-162.757
-165.076
-177.55
-168.699
-164.373
-167.365
-170.198
-169.584
-171.125
-175.446
-171.753
-168.756
-162.891
-168.028
-173.177
-172.789
-174.028
-168.394
-172.95
-173.113
-172.029
-170.48
-167.605
-167.755
-167.341
-172.14
-176.033
-178.278
-189.606
-196.974
-190.22
-188.375
-188.895
-192.063
-184.081
-187.617
-185.488
-178.763
-172.004
-176.524
-163.527
-161.322
-161.426
-153.395
-148.295
-139.262
-126.376
-121.612
-113.646
-111.677
-110.442
-106.215
-99.7258
-103.465
-123.593
-131.25
-131.07
-141.342
-133.755
-159.775
-162.469
-159.507
-144.802
-137.898
-137.255
-122.575
-120.842
-133.783
-132.109
-124.092
-120.144
-122.897
-132.072
-141.784
-149.132
-135.836
-156.045
-132.542
-137.552
-142.307
-150.916
-145.333
-140.604
-128.725
-139.219
-132.531
-134.838
-143.097
-139.823
-125.994
-144.345
-138.704
-138.371
-124.71
-141.67
-140.499
-132.046
-137.434
-134.451
-137.696
-130.3
-122.334
-131.274
-129.073
-134.519
-132.225
-134.963
-129.117
-126.494
-129.285
-120.799
-114.787
-124.3
-127.189
-128.709
-114.449
-131.555
-135.142
-137.652
-134.239
-133.803
-136.124
-137.784
-135.003
-128.033
-133.051
-141.929
-136.599
-128.611
-127.698
-125.585
-135.499
-131.924
-132.077
-134.302
-129.794
-122.817
-134.574
-132.102
-130.993
-144.339
-123.025
-106.675
-110.446
-114.11
-110.425
-108.221
-125.862
-125.909
-124.147
-109.541
-158.806
-146.85
-152.522
-153.254
-151.652
-159.198
-152.898
-143.094
-148.543
-142.453
-143.99
-147.826
-142.856
-140.43
-143.404
-142.006
-144.782
-139.945
-147.964
-146.648
-149.569
-150.644
-155.723
-153.129
-150.91
-154.912
-148.725
-143.608
-146.521
-151.859
-143.064
-150.513
-152.566
-150.085
-160.234
-155.824
-149.947
-148.054
-150.138
-146.333
-158.868
-150.325
-146.299
-146.314
-147.524
-148.074
-148.133
-149.126
-141.991
-140.085
-141.441
-144.472
-148.386
-151.239
-144.362
-143.313
-142.43
-179.788
-134.348
-158.169
-141.509
-139.37
-141.031
-148.217
-130.156
-134.249
-145.526
-143.218
-139.117
-136.939
-141.455
-139.456
-140.008
-138.214
-136.343
-131.468
-127.205
-127.899
-122.593
-132.96
-128.116
-132.594
-141.994
-135.16
-141.05
-134.297
-138.208
-135.625
-134.947
-135.997
-134.963
-136.358
-135.336
-132.265
-130.182
-133.314
-135.27
-129.234
-129.63
-124.768
-127.702
-128.349
-129.782
-136.196
-132.512
-136.383
-131.704
-131.539
-133.969
-131.659
-135.449
-137.001
-136.797
-136.609
-131.096
-131.969
-132.918
-133.84
-134.245
-139.732
-132.775
-136.479
-132.35
-133.105
-140.456
-137.256
-139.087
-140.215
-138.924
-133.211
-136.928
-138.105
-130.658
-132.095
-135.579
-138.199
-138.624
-139.561
-135.223
-127.582
-134.953
-142.485
-140.708
-141.54
-138.846
-142.282
-138.897
-140.59
-145.371
-136.487
-136.235
-145.575
-143.006
-140.816
-139.421
-137.167
-135.645
-139.615
-142.515
-140.351
-137.596
-133.486
-127.815
-121.181
-120.011
-119.624
-109.632
-108.528
-98.4973
-94.2266
-94.6909
-90.1376
-103.594
-98.762
-97.0597
-93.6652
-91.4524
-94.3067
-93.3356
-97.9706
-130.447
-143.32
-151.95
-156.454
-156.646
-161.606
-167.566
-140.915
-99.6079
-87.2094
-78.7357
-74.0353
-74.653
-76.2889
-96.8619
-93.2532
-110.969
-119.45
-128.446
-142.14
-142.432
-150.306
-153.049
-146.628
-158.425
-155.528
-163.129
-163.347
-162.209
-161.736
-164.942
-163.422
-159.168
-164.129
-156.059
-156.624
-154.446
-148.71
-147.491
-156.457
-110.622
-107.27
-110.671
-115.694
-113.655
-118.776
-116.376
-120.516
-119.326
-128.403
-92.1841
-79.5335
-82.6537
-83.1582
-83.6738
-89.7698
-85.3935
-81.6194
-86.031
-82.8422
-88.1723
-87.7896
-84.3368
-79.4907
-88.1209
-86.9644
-88.3471
-85.897
-90.013
-90.4113
-88.453
-91.7328
-91.5628
-86.8343
-90.3843
-91.4312
-87.7041
-85.082
-88.0402
-87.9762
-83.1185
-84.8366
-83.1629
-85.2442
-84.5855
-88.6964
-87.6192
-88.1822
-88.1145
-88.2526
-92.7459
-88.8334
-86.41
-88.9696
-87.1094
-89.4136
-86.639
-86.9287
-91.2888
-91.4615
-87.5941
-87.4682
-85.8757
-90.4634
-91.5075
-95.745
-94.1476
-94.7579
-90.9613
-82.4571
-95.4304
-198.721
-179.974
-190.729
-194.634
-193.028
-191.004
-194.147
-182.925
-187.263
-190.847
-171.199
-175.527
-181.645
-185.504
-185.43
-182.823
-172.372
-180.872
-183.73
-183.059
-185.25
-187.551
-187.573
-189.554
-185.408
-182.833
-177.749
-178.563
-167.815
-168.115
-167.431
-164.353
-165.42
-175.825
-175.457
-181.567
-180.669
-174.188
-177.924
-173.212
-174.746
-175.618
-179.103
-170.239
-172.215
-165.218
-165.646
-176.425
-178.076
-166.795
-159.857
-166.945
-168.428
-171.761
-175.269
-178.434
-181.824
-181.913
-180.713
-168.462
-162.207
-166.79
-167.616
-176.476
-168.314
-161.017
-160.044
-172.899
-174.708
-174.797
-178.014
-175.553
-173.356
-179.577
-183.436
-187.382
-186.897
-184.139
-182.877
-184.323
-185.163
-189.464
-192.951
-194.802
-190.473
-193.389
-195.294
-196.267
-197.205
-206.42
-207.01
-201.915
-204.663
-202.725
-203.304
-200.582
-195.453
-199.175
-207.573
-203.675
-196.616
-202.551
-212.941
-205.558
-207.298
-208.633
-205.877
-196.409
-193.678
-195.237
-201.01
-194.231
-186.753
-177.402
-189.664
-167.129
-119.921
-98.7609
-100.716
-81.0748
-96.7295
-110.024
-117.944
-122.732
-131.082
-134.372
-126.569
-124.496
-122.557
-121.553
-132.558
-127.253
-129.711
-135.292
-127.439
-133.636
-132.991
-134.133
-125.991
-121.048
-124.834
-126.128
-129.136
-124.039
-126.417
-119.621
-114.906
-100.258
-99.6358
-99.0952
-99.4321
-96.087
-100.892
-97.8943
-94.1344
-96.1357
-97.8174
-103.475
-108.598
-116.26
-28.1497
-40.3063
-22.2127
-33.132
-42.1667
-41.0761
-43.8696
-42.2586
-41.8533
-40.8927
-57.7581
-58.6747
-56.2819
-60.1722
-61.233
-56.5412
-61.953
-56.6416
-52.9665
-53.5131
-54.9683
-59.416
-57.4289
-60.4895
-58.8306
-55.7924
-55.3775
-62.8291
-60.9
-55.0007
-61.2479
-60.8821
-62.4214
-60.8202
-60.2901
-58.746
-60.1415
-63.0203
-61.6486
-61.6895
-61.4693
-63.4425
-66.7376
-63.274
-60.8877
-58.9594
-64.2173
-63.8056
-62.1142
-58.4582
-61.1938
-63.884
-63.1784
-67.0917
-61.2449
-66.4219
-60.5698
-64.0684
-64.3793
-67.2149
-62.0765
-66.7547
-66.598
-62.957
-72.0412
-62.0937
-65.1062
-64.1873
-66.442
-64.7947
-71.731
-143.458
-125.769
-124.02
-120.664
-119.529
-117.58
-113.257
-136.42
-89.7755
-83.7224
-86.8615
-104.99
-97.5089
-101.499
-100.831
-102.994
-100.73
-101.603
-106.067
-105.149
-103.049
-104.053
-103.058
-106.335
-101.864
-100.42
-105.241
-107.813
-90.6162
-104.208
-102.091
-102.223
-97.2603
-99.8796
-102.412
-106.78
-95.846
-92.1641
-91.6645
-89.2617
-91.3817
-93.7562
-90.9987
-94.7014
-95.5457
-101.119
-112.346
-114.634
-111.427
-105.484
-110.072
-116.316
-115.908
-115.34
-110.78
-124.356
