-36.017
-31.92
-40.2782
-31.4837
-40.9536
-29.7127
-37.0353
-32.4687
-35.4959
-40.4537
-41.2857
-37.4223
-34.3563
-41.1557
-38.9337
-42.9012
-16.3186
-27.5221
-31.0963
-27.1893
-32.2767
-34.3898
-22.4464
-34.1906
-28.4441
-37.644
-31.4803
-29.7022
-39.9141
-32.1925
-34.1229
-33.1092
-41.1426
-31.1162
-38.7055
-37.123
-44.3559
-40.1686
-38.6272
-42.5753
-46.5062
-39.2078
-38.9013
-39.8436
-35.7697
-36.7661
-35.6178
-35.8569
-37.7896
-41.9504
-34.8123
-40.6414
-46.1402
-42.3948
-36.5237
-37.9082
-38.3945
-40.6181
-33.8574
-41.8559
-30.0201
-38.3561
-31.3335
-25.3675
-33.5162
-34.3544
-33.5691
-39.0675
-50.6259
-48.8666
-43.5459
-23.9605
-30.8704
-34.1682
-31.4645
-23.6388
-29.6435
-28.4469
-27.5466
-24.7236
-21.2593
-21.2777
-22.8453
-22.1864
-22.9512
-19.6019
-21.8914
-27.866
-26.7116
-29.7486
-28.0556
-28.5845
-35.8052
-33.8921
-31.7249
-32.463
-28.903
-26.5846
-29.3396
-30.7212
-27.4412
-30.3262
-31.7697
-29.5556
-30.8576
-34.6281
-34.1837
-35.7292
-31.0392
-31.1655
-29.2899
-24.499
-28.269
-22.7719
-21.5431
-31.1698
-28.2884
-28.033
-31.3238
-28.4913
-32.9045
-35.4575
-32.9383
-32.7956
-31.9063
-35.0948
-38.227
-37.5032
-42.0373
-46.1877
-47.9082
-38.1097
-40.2523
-46.2389
-38.4541
-41.3618
-42.1471
-33.7084
-40.4852
-40.187
-47.2643
-40.4205
-37.1024
-38.9163
-39.218
-43.5089
-40.2402
-32.9275
-26.6854
-23.697
-24.2951
-27.8359
-39.0172
-49.1491
-44.8006
-27.6695
-34.8828
-33.0542
-33.9959
-35.9367
-43.7861
-52.0923
-48.157
-58.0748
-54.2403
-59.9049
-61.4642
-48.0354
-53.9901
-51.2446
-50.9613
-62.4667
-56.6963
-62.6905
-56.5767
-51.0838
-45.7423
-48.5165
-47.1932
-48.485
-51.2992
-51.0919
-46.364
-47.429
-50.3982
-52.3326
-50.082
-47.1807
-47.2786
-48.4736
-46.1618
-50.5718
-50.096
-50.6688
-51.6024
-46.2613
-54.8425
-55.3588
-57.7379
-58.5677
-53.5478
-50.8332
-47.8448
-47.5566
-45.5374
-46.4177
-47.6178
-50.4302
-53.6282
-50.3588
-52.5722
-45.276
-39.5958
-28.3506
-19.0236
-13.2077
-18.9207
-16.382
-35.8521
-40.8804
-29.3974
-21.4282
-21.5586
-21.9877
-24.3127
-22.8866
-26.9548
-31.0274
-33.4615
-27.2296
-36.0023
-38.4404
-28.5502
-30.2155
-22.1507
-34.1661
-24.0517
-32.9309
-29.51
-35.2139
-29.0133
-25.3989
-30.1472
-25.3579
-26.5771
-26.6565
-25.4982
-22.8184
-23.9237
-27.6367
-25.9607
-22.317
-23.7124
-23.2404
-25.2419
-25.792
-20.3543
-24.8697
-22.5285
-25.4804
-26.1
-26.6777
-25.9576
-27.2872
-27.6513
-33.5825
-28.9447
-27.7389
-22.435
-24.4822
-27.1254
-30.2493
-26.8538
-28.8637
-25.7426
-28.7804
-25.8828
-25.939
-35.6388
-37.9559
-35.8241
-37.2261
-47.1292
-45.261
-49.0688
-57.9441
-55.1334
-51.8706
-53.7381
-58.6762
-59.2047
-61.5606
-61.4196
-55.6699
-54.7256
-51.139
-50.3616
-49.243
-45.6745
-43.1409
-40.4387
-44.8361
-43.1306
-42.5379
-38.2748
-37.5333
-34.7001
-29.949
-33.743
-36.0409
-35.5802
-35.5612
-27.2921
-28.6593
-25.95
-30.6335
-25.3812
-37.1838
-28.5254
-31.9227
-34.5158
-33.2015
-30.8583
-25.198
-38.0471
-43.5965
-50.4266
-40.4009
-44.9374
-34.2875
-36.56
-29.1163
-21.6225
-7.71057
-18.1481
-20.8639
-21.7398
-15.8405
-15.7604
-18.3083
-15.3373
-14.9412
-21.7547
-22.4119
-16.5522
-16.9427
-20.0827
-15.6268
-15.5698
-16.3162
-22.7559
-12.9346
-10.4006
-16.3226
-18.6006
-27.9425
-36.2958
-33.3315
-22.1118
-21.4482
-25.6488
-25.9397
-24.9823
-25.6578
-19.96
-12.5592
-40.2999
-29.65
-41.2798
-36.5655
-45.0065
-42.2613
-42.9609
-36.0523
-37.018
-38.9099
-43.1985
-35.4044
-39.7621
-37.261
-38.6558
-35.0525
-44.0688
-42.9208
-41.2236
-40.1778
-39.5539
-38.907
-44.1769
-48.0553
-42.2673
-39.4555
-37.0654
-43.5881
-43.125
-41.9928
-42.8583
-41.0005
-40.9842
-40.2421
-36.8557
-38.0087
-41.4647
-38.8505
-30.7222
-41.3157
-45.0981
-45.5792
-40.1401
-37.2126
-43.499
-48.1734
-46.4908
-49.0992
-44.0115
-53.5042
-40.4839
-39.8028
-43.6148
-47.9561
-43.5751
-49.2468
-41.0806
-39.9195
-41.9372
-41.1267
-43.4277
-37.8311
-46.4906
-48.6149
-46.8484
-51.1232
-47.2509
-43.7695
-40.4211
-45.9244
-44.7108
-49.1971
-42.2461
-50.3991
-52.3672
-50.6044
-49.7584
-48.6506
-49.7255
-51.5009
-48.8842
-51.6764
-47.5957
-54.2644
-50.932
-49.5375
-46.8504
-50.0066
-49.8282
-50.6016
-44.5324
-46.8811
-49.4414
-50.2048
-49.1388
-49.2019
-49.7647
-47.5755
-46.1855
-43.3637
-47.7329
-41.5895
-50.2224
-47.136
-51.5628
-44.6014
-47.9841
-50.9783
-55.3367
-51.7724
-48.2547
-48.4592
-51.9518
-47.5598
-42.2361
-49.0533
-47.5456
-47.5671
-52.4467
-44.5727
-42.7897
-48.4133
-47.5911
-53.6632
-47.4351
-42.7911
-45.6098
-45.0109
-46.5153
-50.3868
-51.5426
-43.1447
-41.8154
-48.2121
-49.2043
-44.2815
-44.8977
-46.5446
-46.3049
-52.2087
-37.7801
-45.9669
-51.1417
-47.3169
-49.0667
-43.6
-43.233
-45.8612
-49.5558
-54.3322
-51.9212
-54.2298
-53.4988
-52.7895
-50.5649
-49.7656
-48.6198
-51.9236
-46.7238
-50.0834
-46.6044
-46.9544
-49.2842
-50.8839
-46.9037
-47.7982
-46.3701
-48.8709
-44.0967
-44.5949
-47.7083
-49.5694
-51.5872
-50.5786
-52.6243
-49.0817
-44.7183
-45.3955
-41.7073
-45.2801
-46.0702
-47.1109
-45.8112
-46.684
-38.6926
-40.6718
-44.7825
-34.8752
-37.3585
-45.8623
-49.5573
-41.5382
-51.1759
-37.5207
-28.6712
-29.8358
-38.4451
-24.8712
-28.5386
-30.7703
-45.0194
-26.0204
-40.916
-44.3256
-51.4235
-48.9116
-39.8898
-28.7114
-38.7775
-32.4722
-42.6873
-49.8294
-48.9615
-49.0095
-55.6852
-47.3225
-48.7386
-52.4113
-54.6245
-47.8309
-48.0013
-48.3674
-51.2863
-59.0905
-54.6189
-52.7627
-51.3535
-51.0764
-52.1649
-58.0802
-54.6197
-56.4822
-52.3273
-55.7886
-50.9575
-52.0283
-56.1975
-51.8116
-55.0521
-49.4029
-59.9814
-42.7999
-45.0748
-47.9708
-39.0858
-46.1405
-45.142
-45.9269
-45.6535
-42.5387
-37.5983
-32.3336
-38.6732
-43.7196
-36.7115
-44.9719
-36.8489
-50.992
-49.599
-35.0419
-35.7225
-49.9422
-43.5416
-36.8163
-33.6702
-33.1628
-31.1173
-23.1556
-25.0325
-38.2931
-32.7511
-36.5197
-41.026
-44.5547
-32.6905
-39.232
-48.5446
-47.2087
-35.7351
-40.6173
-33.3814
-43.7253
-34.4217
-35.518
-28.0095
-32.7563
-16.0975
-28.126
-29.1369
-25.2383
-21.6161
-18.1219
-17.4343
-19.0935
-23.6053
-27.7416
-20.7409
-24.4678
-28.543
-34.66
-20.9036
-27.7182
-25.1466
-19.9766
-26.5775
-26.4077
-25.3689
-24.1536
-24.573
-21.19
-17.9291
-22.5495
-14.9259
-18.7897
-18.2377
-24.2967
-20.6584
-22.0928
-23.1995
-24.1744
-23.333
-20.6452
-18.4201
-14.6531
-14.3467
-15.0236
-20.4512
-21.7745
-22.446
-19.3499
-23.1824
-18.4269
-19.8204
-18.6758
-15.2752
-19.9884
-19.4966
-18.1931
-16.4772
-15.0216
-15.9913
-8.0294
-17.1973
-14.8792
-14.4352
-21.1226
-32.2786
-27.8109
-33.2725
-28.7135
-24.846
-24.1521
-23.1386
-20.484
-23.2675
-21.8933
-18.2274
-23.7233
-26.4199
-23.8594
-19.876
-23.8237
-23.4576
-20.412
-22.7174
-20.7746
-23.006
-22.8865
-19.7071
-23.0262
-20.4754
-17.0351
-17.0756
-19.2393
-20.3975
-22.2504
-21.6626
-28.6873
-24.6358
-28.5028
-23.1691
-32.5897
-29.6884
-31.017
-29.5624
-25.3428
-21.601
-21.3226
-31.5726
-33.3198
-34.4715
-41.0469
-41.2789
-39.393
-36.9237
-41.4937
-40.2406
-40.0713
-39.0054
-38.0781
-41.9586
-50.0122
-49.2936
-48.4423
-47.0274
-47.2322
-44.5152
-56.4251
-52.8746
-36.866
-20.0417
-13.0217
-16.7507
-21.882
-24.1399
-39.6738
-52.8253
-52.2116
-61.8921
-53.6891
-54.3704
-58.4808
-56.2493
-56.0901
-46.1676
-50.8808
-45.5018
-48.9196
-52.0037
-44.5199
-46.8908
-43.8173
-52.1256
-49.411
-56.1276
-61.6645
-51.4412
-49.9604
-45.8426
-48.2118
-48.706
-51.0102
-52.2353
-43.5018
-48.1003
-45.706
-50.8744
-54.0957
-53.9993
-51.1787
-50.5481
-50.036
-51.4496
-46.6236
-50.3648
-45.666
-49.1673
-46.3088
-48.234
-50.0429
-42.9976
-42.5847
-46.7755
-50.0239
-44.333
-42.7365
-39.2688
-42.9101
-44.9397
-43.2095
-40.9902
-41.5257
-42.5395
-42.6854
-42.5818
-43.4656
-48.0418
-48.357
-40.9173
-46.9792
-45.1715
-37.4638
-40.4099
-46.0076
-40.4158
-44.9547
-55.7922
-53.7696
-41.7207
-49.1617
-46.0567
-52.8094
-46.7091
-50.5333
-47.1497
-46.2769
-45.9244
-38.6184
-41.5983
-46.6268
-48.4613
-52.1261
-49.3234
-51.098
-45.1352
-46.8443
-52.2561
-48.258
-53.268
-48.1528
-47.5396
-47.0529
-50.1692
-49.0046
-46.3179
-53.0979
-51.5831
-48.74
-55.1524
-56.7117
-55.7489
-50.49
-50.871
-49.3876
-44.3433
-48.6449
-39.7351
-38.4535
-33.0876
-32.7609
-36.582
-30.7565
-32.2403
-33.5951
-33.4691
-35.5621
-28.292
-23.0894
-24.7242
-31.7992
-25.4241
-27.2675
-20.8483
-24.7483
-26.9895
-28.8422
-32.3227
-29.196
-29.3765
-23.7709
-21.7169
-33.202
-24.3537
-31.048
-31.4295
-24.6113
-30.5873
-29.4393
-31.9034
-28.497
-29.6227
-33.7674
-35.3007
-31.1791
-25.8473
-25.7419
-24.7404
-27.368
-28.8804
-25.0224
-25.3906
-27.9876
-34.608
-35.5205
-39.0864
-35.165
-34.0562
-37.938
-37.0241
-22.7227
-29.2025
-26.1824
-25.3947
-27.4445
-22.9124
-30.4209
-26.4266
-25.278
-35.2898
-31.0604
-33.027
-35.3966
-37.2482
-38.1926
-31.9149
-34.4689
-36.9244
-28.7751
-23.8735
-21.3135
-26.1867
-20.2579
-22.852
-30.3076
-35.2037
-33.4581
-34.5948
