-9.84887
-15.3413
-17.8927
-5.68238
-22.1514
-15.937
-8.11097
-3.00037
-5.14355
-12.9308
-2.59886
-5.8664
0.842089
-3.37241
-8.74014
-8.53722
-4.09316
-3.01087
-0.976005
-11.9754
4.37484
-1.46416
3.99744
6.1098
-1.98706
-2.21358
-4.34579
-10.4563
-3.96381
-6.90775
-3.99488
-12.4216
-9.79726
-11.0446
-12.5628
-8.92478
-18.1676
-14.2891
-9.67137
-14.6369
-7.0809
-10.4623
-2.13079
-20.1371
-15.4873
-4.56782
-13.5228
-0.387944
-5.41
-17.8105
-2.1473
-7.60769
-9.90583
-8.16859
-5.73671
-7.18458
-8.53633
-10.5342
-10.1033
-14.3238
-13.5219
-16.5247
0.856004
4.96652
-0.0257174
-6.63158
1.16899
0.57305
2.57887
0.349669
-16.6562
-17.2052
-17.633
-25.5976
-29.4657
-30.0973
-30.1637
-29.2782
-28.6335
-24.907
-23.2094
-22.9943
-22.4382
-23.1089
-23.7362
-26.1085
-24.1144
-26.1113
-25.4566
-27.1712
-28.5916
-21.7321
-21.5914
-22.2805
-20.4831
-22.7819
-20.8445
-22.8887
-18.6818
-18.1906
-16.1418
-18.6944
-19.9598
-15.5539
-13.0597
-15.6281
-13.7558
-11.1273
-14.6779
-19.005
-18.9796
-19.486
-30.356
-28.0695
-25.5112
-25.4617
-22.9769
-24.2013
-24.7241
-23.2212
-23.4351
-27.1039
-22.1458
-20.8257
-16.4826
-14.3404
-8.26067
-5.18423
-4.91379
-7.01555
-13.038
-20.1021
-18.3422
-13.9381
-9.49389
-9.90795
-17.6022
-19.9185
-24.8502
-20.5105
-18.5939
-23.4799
-19.3821
-21.6648
-15.3414
-15.6614
-13.1452
-14.0583
-14.5231
-24.1928
-24.9021
-19.7161
-18.4203
-12.713
-10.7437
-12.4608
-5.40786
-5.49592
-10.0099
-10.3233
-10.476
-7.3401
-15.2934
-8.53916
-6.44401
-3.23717
-5.60357
-13.5955
-10.5359
-9.37169
-14.3357
-13.9049
-4.25903
-8.38719
-3.2684
-6.05141
-7.16123
-8.48702
-7.53188
-6.79499
-5.37399
-7.13324
-3.1543
-5.70403
-4.89412
-3.32194
-1.56204
-1.80881
-4.25472
-4.47771
-2.52197
-4.54056
-2.83502
-3.51612
0.98986
0.309943
1.72016
1.13518
0.297432
3.68281
5.63409
2.84869
-0.0766853
-4.02315
-4.15407
1.08872
-5.39776
-3.44313
-5.91804
-3.57997
-5.81362
-0.572103
-6.53706
-5.381
1.48136
5.24943
6.57346
0.671542
-9.21023
-12.5952
-13.0688
-17.0102
-11.9379
-17.5516
-25.2973
-29.5637
-29.0993
-17.2031
-18.9609
-19.9227
-9.32421
-7.25962
-7.9384
-2.87079
-3.98062
-6.31736
-8.66735
-13.7514
-18.7644
-18.4953
-22.5047
-21.241
-26.4089
-27.7339
-15.8893
-22.7616
-19.5887
-20.4802
-25.8923
-24.2597
-24.6513
-24.3279
-20.0298
-22.5406
-26.2539
-23.6607
-23.6615
-24.2068
-22.7828
-23.0099
-28.354
-30.1738
-24.6548
-26.3574
-25.7414
-21.916
-23.0152
-20.3044
-19.6992
-19.9731
-14.885
-16.647
-25.1392
-23.6552
-23.9818
-23.5755
-19.744
-27.8792
-1.68576
-15.6802
-8.98592
-8.41846
-8.28553
-12.6856
-6.75234
-10.8596
-2.79424
9.81295
7.85556
8.48073
4.98454
8.3401
10.0722
5.78192
7.33001
6.35569
17.3445
17.8766
14.5727
12.6988
16.564
14.0054
9.15761
16.8501
11.4382
14.1104
12.2833
9.12475
16.1069
9.62037
15.0645
11.1543
7.43331
6.327
14.706
12.1741
6.81642
5.52193
10.3299
8.08561
10.5337
8.20746
7.92989
-2.35529
-11.1078
-9.48722
-11.4532
-9.72699
-2.01043
4.04355
-11.5494
-14.6955
-16.1424
-16.005
-12.8319
-13.4645
-12.1421
-15.1546
-18.2917
-17.157
-20.3525
-20.5529
-22.5959
-12.2089
-19.8373
-20.3003
-18.5889
-18.1768
-23.494
-24.4285
-24.5713
-20.6098
-21.7134
-19.7047
-21.2216
-18.8425
-15.2015
-13.6521
-16.5795
-19.2837
-11.7327
-9.43423
-12.8905
-6.08058
-14.9104
-6.13294
-24.248
-18.5666
-16.4902
-12.0244
-6.35038
-9.95368
-6.56501
-6.90042
-1.97531
-13.1027
-14.3898
-9.60359
-7.40055
-11.4195
-9.7306
-11.7062
-13.0988
-15.0209
-9.8885
-10.7894
-13.1113
-14.4233
-11.9051
-10.8507
-6.66491
-13.6946
-7.93204
-9.79803
-9.14814
-10.5507
-8.07687
-4.46354
-10.0252
-2.58016
-7.31582
-10.2868
-15.2288
-9.98915
-5.28804
-9.05108
-5.34433
-3.21713
-7.7107
-11.0731
-11.4067
-7.37037
-12.1203
-8.44028
-6.05314
-6.63294
1.14833
-0.0547576
-9.08958
-2.86727
-7.70712
-12.0405
-0.871358
-2.65861
-3.74641
-10.5768
-5.49345
-16.8155
-7.33796
-6.09384
-1.8523
-5.09145
-3.99004
-6.31775
-3.65135
-2.74292
-7.58889
-2.25844
0.504744
-6.20913
-2.36759
-6.98915
-9.49439
-4.65734
-3.23766
-5.57899
-10.424
-7.87808
-6.67716
-0.1374
-3.85454
-2.37746
-1.82532
-0.00932361
-3.95816
-6.13852
-6.31588
-6.86099
-2.66521
-4.33293
-8.39773
-6.18592
-7.14037
-14.9881
-7.86274
-3.01669
-0.609433
-12.5576
-1.7253
2.49045
-2.72752
0.577244
-2.42773
-9.24401
-9.5607
-5.27704
-4.66559
-2.10621
-2.44731
-5.27769
-4.67015
-4.8879
-5.84936
-5.4482
-4.16807
-1.8426
-0.238313
-8.94948
-1.86442
-7.90462
-6.45863
-1.64996
-4.36897
-6.80339
-5.8489
-8.26693
-5.70002
-0.253558
0.538845
-7.52009
-5.86447
-15.4737
-12.5258
-3.20933
-8.74724
-4.51559
-3.14083
-5.65835
-7.01481
0.187526
-1.89958
-2.09817
-0.540179
-0.682351
-2.1647
-6.07516
-1.37549
-4.09549
-0.939009
-4.51177
-3.47787
-5.66677
-7.23341
-7.22227
-5.73307
-6.63903
-6.67932
-5.68039
-0.899671
-2.35739
-3.4928
-2.61111
-2.3186
-2.71157
-3.67901
-4.79457
-4.58653
-1.65891
-0.0144337
-0.447476
0.218671
-3.30391
-11.5126
-16.7357
-19.7157
-16.5087
-21.1725
-20.0489
-15.6173
-11.8179
-12.2765
-23.8363
-16.0358
-14.2765
-8.79837
-3.87628
-5.24176
-6.04923
-11.3617
-11.5062
-15.8359
-8.02084
3.4713
-1.53
20.3761
5.98409
12.9426
22.7921
22.7223
6.63689
13.9125
12.1137
-0.55267
-6.18044
-23.9199
-23.9995
-26.8808
-37.096
-27.4344
-34.4775
-39.4583
-30.7253
-30.8297
-23.5907
-26.2809
-28.0023
-27.9508
-21.9514
-15.6992
-13.2047
-16.2014
-10.2146
-12.6237
-6.2481
-9.81522
-4.34531
-9.38151
-6.95461
-9.54387
-10.1907
-14.6752
-15.5346
-19.1906
-20.5489
-17.9871
-18.8336
-6.09941
-8.09601
-19.2078
-15.9308
-14.8253
-17.6286
-12.9471
-9.86205
-13.3607
-13.3597
-16.5099
-12.9274
-17.0416
-22.0105
-5.17298
-6.41067
-14.5446
-17.3182
-15.6345
-12.8323
-2.9842
6.33385
-3.22816
-10.265
-7.0513
-12.5576
-11.4541
-8.42531
-21.74
-14.2864
-16.0101
-15.8957
-17.8637
-15.1828
-14.3988
-15.3203
-12.9638
-15.3623
-9.40997
-12.9025
-14.4676
-21.4541
-14.1257
-8.06851
-2.50914
-8.97853
-9.01831
0.0401431
-2.81833
4.22966
0.718731
1.75711
3.40092
2.25663
7.24639
10.0049
5.78236
10.8963
9.75058
16.5897
17.2296
13.7725
14.322
14.7874
14.0123
14.5304
21.2788
17.306
20.3874
20.332
16.8784
13.84
19.1453
15.7227
19.4375
20.6775
19.0963
19.5544
16.3369
22.2943
15.1068
20.4572
14.3738
10.1102
15.5979
12.4105
16.918
15.9759
13.9276
14.7884
16.8657
20.8278
17.7412
20.5887
20.0589
19.7626
23.5308
21.9766
14.3106
14.865
15.2332
18.9712
14.513
15.6149
14.8825
21.4332
19.558
29.005
26.6316
24.4188
21.8343
16.647
22.6996
21.4627
21.1583
17.8814
20.9545
17.3008
18.843
20.9481
19.1989
19.2768
18.2622
18.4974
14.7333
21.9943
16.4487
14.0449
18.7734
15.9438
17.2191
22.8021
18.2796
18.6937
19.6116
16.3057
16.6353
18.9968
15.1046
18.5285
20.3734
15.1569
17.614
14.8603
9.55838
8.61181
11.6
12.7591
-0.478562
-21.1141
-14.1517
-14.3878
-18.0294
-15.5909
-13.2708
-10.5398
-11.8644
-13.0013
-16.2245
-19.8507
-15.8536
-17.0554
-17.6341
-15.1473
-9.96893
-11.1312
-12.524
-12.969
-22.3046
-8.18109
0.841884
-3.44555
2.32795
-2.19911
5.4936
-6.82624
-10.4067
-11.0946
-8.88552
-20.9297
-14.3497
-10.5749
-19.7114
-6.25261
-12.0342
-13.5135
-11.4896
-9.12882
-15.9343
-5.07368
-9.94145
-17.0634
-12.7683
-12.5328
-21.0021
-13.7679
-16.9207
-16.9105
-17.2605
-25.0571
-24.7498
-22.1172
-16.9874
-23.0789
-16.5229
-19.7249
-22.1046
-19.7309
-8.37339
-7.99607
-17.8423
-6.07065
-10.6929
-9.78416
-19.223
-8.41306
-18.0009
-10.6801
-23.9388
-15.5718
-14.274
-9.7939
-12.495
-13.6642
-16.8829
-11.0473
-17.7035
-17.5044
-14.656
-13.027
-13.4301
-13.5311
-19.6381
-15.6546
-16.1321
-22.5002
-15.1641
-8.19147
-5.51499
-5.754
-7.89951
-10.571
-14.1587
-9.96665
-15.4622
-19.7696
-17.6694
-14.6883
-16.6126
-7.73597
-7.84364
-13.7006
-16.4205
-16.0726
-8.24411
-5.98568
-7.2309
-9.27031
-10.0748
-11.5125
-8.68961
-12.1494
-5.36441
-2.68235
-14.1014
-17.4973
-12.7724
-8.53145
-13.8544
-7.67709
-5.32905
-5.92061
-8.05871
-7.24002
-5.1358
-2.74615
-3.86488
-13.981
-5.49622
1.43438
1.50768
-3.93714
5.83083
3.13292
5.50384
11.9491
14.979
9.37829
11.675
7.19812
7.43911
2.85205
4.75394
1.37128
0.866883
10.8746
8.38464
4.93832
1.01395
5.17003
7.92813
5.19913
6.92598
4.95308
4.15182
4.51599
9.44776
11.7202
5.22629
11.5728
13.2249
6.84411
3.11699
3.03897
2.81151
-3.04084
-3.85416
3.21522
-3.33855
12.3215
7.97694
3.78302
6.35966
14.0481
12.6407
9.91835
17.8685
11.7779
8.95763
13.0891
13.6731
11.296
3.18546
-2.79277
-0.582302
0.0943106
3.05638
0.712551
4.94122
16.9102
9.80877
10.2344
13.9097
15.5077
9.7419
16.5968
13.7932
16.6753
14.9195
9.55348
13.8316
-1.7114
4.16678
5.86077
9.89579
13.639
21.192
15.0792
20.3513
13.5135
17.5338
16.9674
14.6366
9.43238
16.0161
18.8265
8.35793
