75.4435
93.9736
97.2279
102.301
99.1558
103.909
107.016
108.012
103.021
108.568
113.557
107.046
108.834
108.726
105.083
105.162
84.4667
94.5732
110.484
108.232
113.039
117.414
114.304
112.073
109.132
112.771
109.53
110.122
110.3
108.78
108.072
106.453
105.73
110.392
112.141
113.915
112.387
114.688
119.283
109.379
113.942
110.114
115.607
111.787
113.659
114.819
114.246
110.156
112.331
114.634
118.35
116.186
113.768
113
117.863
110.314
108.901
112.102
112.872
114.517
109.428
122.827
112.147
113.54
119.943
115.342
122.461
116.723
106.703
110.77
110.502
114.582
109.982
110.442
108.444
107.45
105.097
113.006
116.714
114.008
111.833
117.363
111.801
111.637
108.451
111.747
110.467
108.027
109.671
108.472
106.295
106.487
106.352
104.735
102.326
107.806
104.827
115.404
113.871
118.486
118.507
118.617
115.025
109.402
113.339
107.48
112.255
106.897
107.141
103.719
108.045
104.926
112.596
108.127
110.584
117.127
116.827
115.324
110.708
112.973
107.308
110.54
111.816
113.179
101.275
107.204
110.469
107.919
108.453
104.706
108.081
107.609
114.553
111.401
115.875
109.61
114.083
107.745
107.441
112.414
112.668
113.2
107.821
113.859
111.939
111.13
110.313
111.472
115.254
112.816
115.337
111.261
109.107
113.118
114.015
109.836
117.811
116.228
116.128
117.495
115.391
114.559
115.335
119.485
112.812
120.314
118.076
117.153
129.855
103.098
97.2803
99.2688
89.5476
88.7969
98.363
76.1406
81.7851
91.5747
82.6225
79.9177
83.3837
81.777
86.4709
85.6875
91.7826
92.106
90.4088
93.583
97.4355
90.1893
92.7609
86.2066
92.0458
92.586
98.6534
95.5435
105.466
97.6186
99.4276
107.115
108.203
112.243
113.005
108.153
110.013
110.045
103.658
107.365
106.337
88.3483
91.1545
86.6236
90.9229
