-18.4531
1.8032
-18.4659
2.84555
5.92155
4.63882
9.19676
8.92885
16.4436
14.9531
13.9805
12.387
7.60622
7.72519
2.38943
-16.8862
-2.92522
-14.5215
-18.2847
-19.3736
-18.9905
-14.9087
-20.6437
-22.0365
-21.9473
-22.9971
-25.123
-19.3969
-20.1899
-20.3926
-22.509
-17.269
-16.3418
-23.5744
-18.6276
-16.8609
-13.722
-11.6943
-12.4605
-21.5858
-19.3873
-17.0577
-10.3885
-20.7296
-14.908
-18.144
-17.5191
-18.1795
-14.1851
-16.8463
-11.9106
-17.6827
-17.9027
-19.4353
-20.7079
-22.3909
-23.0852
-21.1767
-22.6646
-18.7333
-24.3503
-12.7506
-16.7434
-13.8265
-17.1788
-15.0362
-16.2007
-20.7342
-23.1716
-27.3851
-31.4328
-26.6792
-20.4586
-25.7975
-24.0103
-23.4893
-20.0191
-27.8049
-20.8923
-14.4636
-19.8121
-19.8154
-25.4389
-13.6882
-20.5581
-18.4993
-20.4928
-15.3532
-17.986
-18.9831
-20.5457
-17.1916
-16.0339
-18.1875
-16.2766
-19.4783
-19.356
-23.7535
-18.8105
-13.2697
-13.3389
-16.1303
-11.7252
-15.0286
-21.3166
-20.592
-16.9455
-21.9398
-15.0284
-9.21945
-13.9247
-5.40684
-10.9702
-17.2785
-10.7152
-10.7479
-13.5353
-14.8435
-18.8215
-15.8363
-14.9031
-13.3361
-12.8749
-10.961
-18.236
-6.67029
-3.25956
-5.4378
-10.5951
-15.975
-6.46093
-1.82524
-4.42527
-9.90082
-6.1567
-12.2246
-6.08299
-9.11832
2.86519
-7.37877
-5.15767
-9.9583
-6.29267
-8.14715
-4.12952
-4.9404
-5.42076
-6.78316
-7.89188
-3.68091
-7.26856
-3.58964
-6.48307
-1.06703
-3.75891
0.435003
-7.81569
-2.44271
-5.37872
-4.35862
-5.82913
-8.41189
-5.08878
-13.406
-6.62356
-7.72366
-11.8195
-9.39237
-9.81066
-5.3434
-3.1746
5.10254
-17.7202
1.4198
-18.6653
-10.6269
-12.1634
-7.09205
-16.4109
-7.71062
-13.3093
-22.0747
-13.6379
-22.1224
-19.6595
-24.8318
-22.4896
-27.5552
-30.5352
-21.9291
-21.5665
-19.1528
-31.775
-21.1544
-22.7976
-21.0403
-24.9184
-27.1003
-32.8375
-38.8172
-35.5392
-41.0288
-42.9639
-37.4251
-41.9043
-38.2208
-33.8206
-33.4302
-30.905
-15.123
-17.4755
-20.5221
-22.8559
