2.06287
22.5744
22.1548
32.5801
25.152
28.3809
20.2145
23.6007
32.3145
30.6761
18.4926
25.9392
29.6549
24.8132
28.0838
26.9659
23.2401
22.1138
20.4246
15.7882
14.4519
6.59513
15.3622
17.9406
15.5413
0.553154
8.10604
14.1653
13.0626
21.9207
10.1214
14.9404
13.1879
14.2503
3.98505
17.9488
5.89306
10.7494
12.0264
14.3824
8.74896
13.9132
5.28682
12.9513
21.7022
8.24368
14.9249
7.43025
-1.93935
0.907645
6.04257
0.574414
6.94436
13.2639
17.006
19.1807
7.83517
11.3515
6.26953
1.95241
7.52645
1.36474
14.9764
12.8758
7.66863
-0.0336808
4.50098
-0.169863
3.89844
-1.04983
-14.2693
-2.94405
-18.9687
-4.28984
-6.5548
-1.54399
-0.387255
-0.784408
-2.64494
-3.15737
-3.5185
-3.64536
-1.60245
-1.49056
-3.46392
-1.10848
-1.11352
-1.00438
0.18389
-6.6397
-7.79572
-4.11792
-2.57022
-2.10268
-2.80591
-10.0375
-6.11541
-9.42304
-8.7671
-9.29548
-7.09617
-9.08899
-10.8245
-12.1902
-11.374
-13.5833
-10.1283
-8.12419
-12.2888
-15.1095
-14.4994
-13.858
-20.6089
-8.95579
1.34463
-1.6105
-2.12083
-5.67971
-6.65159
-4.12833
-8.56647
-12.3318
-12.0855
-12.7985
-16.096
-20.0327
-22.0727
-15.8984
-17.3967
-25.0152
-21.0361
-23.5795
-10.9491
-17.6496
-23.5185
-22.8774
-23.5899
-17.4651
-24.3276
-21.1877
-21.4688
-22.2262
-29.5291
-28.3965
-21.8901
-25.0056
-22.1697
-20.4075
-15.1991
-21.2789
-24.3682
-27.1614
-32.5184
-41.436
-44.4942
-38.1129
-28.9334
-44.1747
-16.8893
-26.458
-32.4614
-36.3097
-24.4297
-26.2203
-20.8771
-24.7683
-26.7953
-22.9314
-26.6788
-24.7951
-30.8396
-34.6006
-27.0575
-28.3099
-30.0614
-36.3174
-34.8743
-38.2437
-31.6265
-42.2867
-37.6657
-34.7187
-32.7487
-27.4872
-33.9394
-31.709
-32.6027
-32.1578
-36.9977
-36.6572
-33.8798
-38.041
-32.7766
-34.8131
-33.3225
-34.6718
-27.1303
-22.3018
-24.9523
-29.3553
-30.9012
-33.9738
-33.5154
-36.9952
-33.6225
-33.1405
-35.0256
-31.5736
-27.0444
-24.8523
-23.0592
-31.0031
-26.6952
-7.57672
-0.632556
4.50606
1.65911
-6.98967
-12.5967
-11.5069
-1.98052
-6.05795
-10.2059
-7.35547
-19.5822
-21.3368
-23.1632
-21.7246
-26.4869
-32.0534
-27.0895
-24.4507
-32.5808
-43.13
-32.8751
-19.5283
-31.9259
-29.0125
-21.9821
-12.4665
-8.52268
-8.86838
-13.7685
-16.146
-24.353
-27.4844
-27.7922
-25.3031
-29.2225
-26.743
-25.5667
-22.9987
-25.6354
-21.3123
-18.3178
-19.705
-18.7332
-18.7712
-20.0846
-22.9662
-17.9218
-22.0244
-19.963
-24.6026
-25.5921
-16.2166
-19.0952
-20.8682
-17.6162
-21.4254
-18.3363
-17.9949
-15.9757
-12.0861
-16.8626
-17.6432
-11.6084
-10.3564
-23.5019
3.47614
15.4857
11.5466
21.0444
14.9385
-0.444882
-2.68804
-24.1179
-19.4373
-24.1007
-18.743
-21.3165
-21.936
-17.7201
-20.3735
-17.4794
-11.9418
-13.3498
-11.8725
-15.4589
-12.1224
-12.9355
-7.39901
-15.2708
-15.2392
-9.7867
-12.7386
-2.21758
-20.568
-22.622
-18.1089
-22.9006
-22.4983
-17.3359
-23.3963
-31.6761
-16.4917
-7.04547
-16.0827
-4.77956
-12.0176
-11.4328
-9.64966
-11.8426
-31.2949
-3.88671
-1.28438
-5.77554
1.56241
-6.63686
-5.86202
0.916804
-0.611179
10.7865
1.28058
6.87464
1.47184
1.02767
-8.75815
3.5973
-1.81454
-6.05725
-8.29544
-12.9464
-10.6024
0.108154
-0.734939
-8.00283
-4.64815
-4.85484
-3.34105
-4.21463
-4.484
-8.64971
-11.1945
-13.216
-10.7016
-7.99303
-12.5913
-17.0602
-26.9666
-33.5314
-23.3322
-28.4841
-29.8875
-31.3521
-24.5278
-21.3843
-9.87176
-11.5867
-11.6324
-8.16969
-5.51487
-14.5155
-16.0646
-18.3755
-16.4604
-12.9308
-9.75088
-18.7068
-16.5292
-26.445
-21.9657
-21.6883
-27.4867
-20.7451
-17.9941
-27.0933
-27.4776
-28.8323
-29.7565
-23.8616
-30.4128
-23.7639
-28.9794
-28.7382
-25.4174
-17.1666
-13.5321
-23.8184
-24.7126
-12.9624
-14.3963
-24.8683
-16.3718
-16.6189
-19.2579
-17.0772
-21.172
-24.7915
-16.8568
-17.8279
-23.9718
-29.9401
-35.9799
-28.7804
-31.1259
-27.2764
-29.6166
-20.241
-40.3721
-24.8896
-33.932
-14.4492
-24.2543
-22.0526
-14.483
-19.4951
-25.5577
-17.6837
-23.9487
-30.2642
-29.0901
-30.5551
-27.1492
-24.3963
-24.2067
-27.9451
-26.2775
-27.3969
-29.4286
-27.4832
-23.8017
-22.0887
-22.8894
-20.1206
-24.6271
-18.4889
-25.3928
-28.6071
-20.6185
-24.9555
-22.1345
-20.7621
-21.5755
-20.5732
-25.342
-24.7753
-32.8049
-18.6293
-15.9758
-25.331
-22.7369
-15.4769
-19.9307
-21.1445
-16.2983
-13.2077
-13.5721
-11.9325
-14.101
-18.1857
-18.3859
-17.7792
-25.8339
-23.0476
-17.841
-21.1985
-25.706
-16.6467
-8.99171
-25.4816
-27.845
-16.4282
-23.4616
-14.2835
-23.5968
-16.8004
-27.0395
-18.0497
-26.8708
-23.4749
-18.6177
-17.0173
-18.1199
-25.299
-20.4863
-17.875
-17.4847
-21.8634
-14.47
-17.1362
-23.7779
-17.1764
-11.6399
-13.8763
-27.7048
-15.7992
-24.0405
-23.9067
-18.1264
-18.7303
-21.1888
-17.5972
-24.64
-22.1685
-29.0787
-28.58
-27.3032
-29.8944
-27.1465
-17.6147
-14.2402
-16.8491
-25.5055
-19.6501
-29.5063
-12.4136
-18.4757
-20.4947
-26.7374
-29.9701
-24.7846
-19.3475
-26.1401
-27.3743
-24.2243
-25.7714
-23.1728
-24.636
-22.3712
-23.7662
-18.189
-25.9059
-35.4543
-40.7773
-36.6662
-42.2836
-29.7435
-31.527
-31.4427
-29.5103
-22.6044
-40.4079
-15.0549
-8.24814
-3.4175
-5.71786
-0.012485
-1.76906
-15.6118
-9.59817
-17.5894
-14.568
-26.5609
-18.9004
-9.99694
-13.0836
-3.706
-2.63386
-3.87693
3.50116
-2.16938
4.47177
-23.5528
-15.0314
-23.4999
-18.2191
-18.7261
-17.5195
-4.4671
3.94605
-8.12891
-10.7181
-6.29002
-10.3618
-4.80412
-4.04911
-11.1409
-4.58633
-1.76896
0.0544219
-0.335492
1.94867
3.93596
0.0975625
-0.307942
-0.330457
-1.88999
-5.59939
-7.69108
-6.66957
-6.89198
-9.67502
-4.22768
-9.30927
-11.6257
-15.4555
-13.4489
-11.7161
-19.4888
-19.9427
-18.5544
-24.0265
-22.1323
-20.6964
-19.787
-28.8501
-29.3305
-36.7345
-27.8198
-25.1148
-38.2222
-32.8832
-33.1918
-34.7108
-34.6746
-36.6424
-35.1552
-36.6723
-36.0488
-36.1993
-31.4209
-24.4216
-34.1235
-56.3341
-46.6784
-29.4568
-38.0778
-29.9727
-17.0538
-35.06
-22.053
-32.4449
-29.0104
-41.1848
-24.5965
-26.1065
-25.4524
-30.5927
-40.9348
-29.8762
-31.4033
-30.335
-35.1981
-40.0885
-36.753
-35.4241
-37.4206
-38.907
-37.4946
-39.1403
-40.805
-34.3322
-36.5744
-34.6877
-35.1141
-37.9769
-46.2311
-49.7506
-47.7009
-46.0539
-46.8578
-41.6145
-40.4883
-45.7591
-50.0912
-43.3321
-49.4615
-50.6073
-51.0903
-56.0459
-53.244
-43.8989
-48.5635
-49.1921
-47.1685
-49.8053
-56.4807
-52.9348
-49.9107
-47.3074
-41.153
-46.0605
-46.8239
-39.2854
-38.6101
-48.9623
-43.1677
-41.4879
-41.4055
-37.9132
-34.7197
-36.0718
-42.7951
-35.7249
-37.1569
-35.3958
-26.0464
-30.9197
-34.656
-34.5039
-50.2167
-44.4175
-46.2683
-42.6783
-42.4273
-38.4037
-31.9179
-32.7981
-24.384
-33.425
-28.6458
-28.3764
-28.7654
-31.7263
-33.7137
-35.9019
-42.5859
-39.25
-38.3134
-37.1427
-35.7762
-34.7607
-35.3826
-37.8488
-36.0249
-34.2452
-33.3938
-32.8181
-36.2827
-33.901
-35.6533
-43.2437
-41.5486
-41.8156
-40.7587
-37.114
-41.8509
-39.4192
-35.136
-36.2508
-27.6296
-20.1781
-15.6488
-12.7825
1.14962
-8.76576
-13.9578
-3.45304
-4.59873
-11.6981
-16.3035
-15.782
-19.1359
-16.961
-10.825
-10.0081
-18.1844
-25.2772
-33.3978
-32.8598
-27.7932
-39.2831
-37.9383
-50.4998
-14.8507
-25.8574
-20.1104
-26.9396
-19.9507
-28.4968
-13.1179
-42.2411
-25.5588
-46.63
-39.5282
-37.0152
-40.3684
-43.9186
-30.6484
-37.1264
-38.2445
-41.3316
-40.0119
-41.7506
-44.7758
-37.0403
-38.3535
-37.6599
-43.9075
-39.3231
-39.1093
-35.2215
-22.2907
-31.5838
-32.4666
-38.378
-48.8823
-45.8276
-48.303
-35.94
-41.7121
-31.4695
-34.5178
-45.075
-44.9704
-41.9647
-34.8225
-47.3695
-40.7099
-51.6302
-41.0922
-39.1461
-44.745
-46.4472
-36.738
-38.0886
-35.5698
-31.8598
-32.8516
-30.2773
-36.7634
-40.8549
-32.6357
-42.6325
-42.6017
-45.0603
-41.0469
-49.4722
-53.2742
-44.8346
-45.0957
-42.3783
-42.4252
-43.199
-37.2656
-42.3863
-48.7907
-40.9783
-46.8306
-35.1877
-38.961
-43.9483
-49.7346
-38.9294
-33.3989
-45.1011
-47.4065
-40.5288
-43.0565
-39.6819
-33.749
-34.425
-33.8685
-27.6846
-25.4856
-26.6935
-33.8555
-40.3883
-42.1237
-37.5321
-40.4224
-31.1164
-43.486
-41.611
-38.9942
-28.2652
-29.1989
-27.0106
-36.0371
-27.9885
-32.3364
-31.1388
-43.4591
-39.3319
-31.417
-27.3601
-25.2149
-32.981
-38.9648
-37.6318
-35.8336
-36.4585
-25.5968
-24.2433
-22.6748
-34.6027
-33.0304
-35.6995
-41.9438
-41.9236
-37.7064
-40.3781
-38.7636
-38.4598
-35.1677
-32.5456
-40.303
-37.1373
-38.4754
-39.1962
-33.7402
-29.9901
-26.3197
-27.0557
-24.6284
-30.4717
-34.603
-39.9705
-46.6316
-39.3811
-32.9562
-31.746
-28.8638
-33.1111
-36.9575
-46.3766
-45.6481
-34.5331
-30.2534
-25.5613
-24.4414
-36.3721
-27.9694
-29.5029
-14.8307
-19.5599
-29.8947
-42.1674
-35.3382
-32.7006
-30.2651
-24.4506
-34.1644
-28.6904
-32.4293
-28.9144
-23.126
-28.9122
-30.3518
-25.9908
-26.4481
-14.9023
-12.6572
-24.7674
-28.6634
-38.5371
-39.3547
-35.328
-32.7248
-41.1572
-43.3804
-32.8669
-22.0018
-24.1019
-19.0119
-19.6137
-12.3079
-13.6452
-23.0536
-23.8626
-26.5772
-27.1342
