107.384
105.365
117.781
108.466
101.145
105.001
114.298
110.459
109.557
109.922
108.822
118.541
108.198
103.773
111.666
112.187
114.219
114.695
108.785
108.108
109.859
110.34
109.3
114.924
114.575
109.655
116.667
107.54
115.984
113.008
112.267
121.877
116.046
112.677
132.419
111.099
122.193
114.786
119.235
125.067
120.911
119.483
120.02
117.344
123.06
120.856
114.791
113.067
110.362
114.793
116.78
118.981
116.631
120.14
116.309
119.177
114.664
119.457
115.605
116.871
107.97
121.322
112.821
112.644
119.071
118.725
107.607
105.77
108.057
108.856
112.174
109.619
108.664
119.562
119.658
121.983
119.544
121.856
121.375
117.81
114.012
116.865
122.059
124.53
119.529
120.675
117.97
115.658
116.339
115.368
117.671
118.459
116.516
115.638
115.13
115.001
114.938
115.051
115.635
113.703
120.826
115.08
112.95
115.407
115.743
112.464
116
114.161
116.589
113.133
114.443
113.122
102.662
110.298
113.401
109.667
113.853
110.015
107.137
110.118
107.005
104.821
107.145
105.331
106.839
112.421
117
120.159
123.711
129.459
133.204
128.185
133.322
128.312
131.966
122.598
123.869
131.427
124.1
127.13
122.749
124.364
129.406
124.74
129.283
125.444
125.692
132.989
133.832
134.517
133.07
133.264
126.287
118.963
109.176
113.61
117.946
111.081
107.049
102.829
113.447
117.302
111.21
115.256
117.591
112.968
111.665
115.581
108.968
111.297
112.898
111.626
115.341
104.359
106.145
108.659
106.196
100.374
102.53
107.031
109.469
110.437
113.003
110.658
112.8
111.164
109.061
109.368
107.488
103.492
98.9369
99.0477
98.172
104.471
107.843
112.26
113.957
113.203
113.765
110.452
106.024
103.347
104.09
105.571
105.851
103.173
101.453
104.335
107.332
109.324
103.943
101.107
114.432
111.218
128.965
125.642
118.325
127.311
114.69
111.599
121.992
130.269
119.745
132.044
128.928
137.791
142.551
140.762
134.773
135.022
127.155
123.007
116.535
112.788
107.775
111.179
97.0108
104.405
108.303
114.16
113.244
108.473
108.295
108.529
101.007
101.792
107.475
102.869
103.141
101.749
100.665
104.685
108.189
104.728
104.333
108.478
108.183
107.854
109.421
106.142
110.223
105.178
109.62
106.55
107.067
106.889
104.135
106.608
107.184
104.598
106.512
108.415
107.91
108.486
107.951
108.339
113.231
115.114
115.875
105.272
108.123
112.12
118.217
114.446
112.82
101.443
101.509
98.8636
99.8193
99.21
107.812
109.183
108.162
113.542
113.33
112.258
109.759
109.221
108.258
109.339
112.457
112.468
106.087
106.997
112.435
115.015
112.928
110.517
115.531
120.048
118.35
112.873
109.636
110.705
108.558
112.055
114.896
115.122
114.761
116.29
113.959
109.849
114.4
111.824
103.302
103.56
99.9104
105.722
106.657
98.0537
101.672
96.9018
108.181
102.583
103.73
101.798
104.55
103.258
104.119
107.608
105.269
99.3869
95.8244
98.7052
107.672
108.046
105.761
109.731
109.377
109.667
106.685
106.42
104.743
105.725
105.031
107.092
104.779
105.573
107.68
107.028
100.505
101.586
102.491
94.8287
103.933
95.0807
107.503
100.685
98.0834
99.9158
95.7177
104.165
97.3478
93.8871
97.9358
105.658
105.785
109.536
109.028
112.352
104.015
108.026
106.04
104.852
100.368
110.992
107.537
110.328
105.576
111.111
106.054
108.439
103.086
108.936
109.201
111.278
115.675
114.639
107.657
105.98
111.05
111.821
106.022
113.442
106.287
106.273
105.92
111.784
105.045
112.306
113.017
103.75
106.791
106.243
105.84
104.306
99.9763
104.679
109.223
111.434
109.247
114.432
108.397
112.593
109.425
112.202
111.826
111.356
115.107
109.483
107.458
105.061
104.862
106.919
103.515
102.814
106.61
111.008
110.162
110.151
109.329
109.925
111.568
117.356
108.064
117.976
115.267
111.547
108.491
109.028
107.331
109.613
106.331
113.434
108.991
113.206
112.046
113.706
114.024
113.86
114.471
115.146
109.624
113.573
114.101
114.069
119.344
115.62
114.586
112.695
116.912
110.305
113.237
109.615
113.844
106.23
109.409
109.137
103.54
109.715
107.654
109.44
112.575
109.565
107.6
110.325
103.781
104.954
108.163
103.438
108.729
111.454
104.044
106.974
107.895
110.54
110.092
110.871
109.193
110.27
107.026
112.114
112.354
114.427
115.424
115.465
109.641
115.257
115.278
113.205
112.747
112.403
112.52
107.418
108.848
109.448
108.771
113.497
107.816
111.485
113.966
113.322
114.363
120.197
113.266
113.216
111.142
111.415
110.473
109.432
112.234
115.311
115.829
114.623
112.052
112.223
108.803
113.896
112.024
114.385
110.002
111.428
116.36
117.982
112.876
113.333
114.399
109.094
122.732
113.804
109.055
121.784
116.971
115.595
115.902
121.226
118.12
113.559
110.537
107.365
105.467
113.449
108.059
96.8591
95.9962
91.7203
85.744
88.3527
95.3305
81.5914
96.2034
98.2671
105.801
102.156
122.018
129.336
120.18
119.948
120.944
122.475
130.251
128.22
127.713
127.502
123.751
124.856
122.921
126.471
126.765
121.091
117.368
121.328
110.957
116.777
117.052
120.328
117.735
111.21
109.838
110.327
112.664
111.884
116.135
110.323
108.307
116.544
109.942
101.495
104.775
108.916
112.002
108.037
108.722
115.738
123.07
108.733
114.47
121.857
106.79
107.435
105.958
114.504
113.507
104.123
96.2103
94.2268
101.254
98.4158
94.1901
96.5075
101.529
88.6571
90.1444
94.1719
92.1585
99.3934
102.258
93.3293
97.1432
89.5128
94.7236
94.8745
99.9874
98.3392
97.0936
94.8521
101.257
98.6291
113.759
111.888
114.341
119.841
127.301
115.725
115.39
112.327
106.987
113.417
111.324
108.074
110.966
107.933
117.948
117.473
108.89
105.83
110.165
106.075
104.449
106.387
105.321
106.886
106.506
107.1
106.19
104.652
107.607
107.391
108.62
106.892
110.071
108.988
106.207
109.57
101.695
108.076
105.47
105.917
109.941
111.147
108.273
108.595
111.076
109.251
107.439
111.673
108.565
106.245
108.29
113.166
110.834
113.385
114.026
108.729
109.949
114.399
108.091
111.526
111.024
109.459
101.518
103.242
100.05
106.89
99.9281
98.9742
99.7786
99.9901
104.032
99.3107
104.877
102.931
100.059
105.46
101.554
99.0644
101.9
100.46
100.661
103.448
98.6629
96.3581
102.668
98.9189
97.9052
104.018
100.399
101.143
102.671
102.68
98.2315
98.9187
100.635
98.3838
99.1427
101.441
100.584
101.335
100.889
94.1164
99.3447
98.8435
97.6939
97.9737
103.34
101.547
98.24
99.475
97.6753
100.642
98.0875
95.7549
95.5421
95.2593
97.8356
101.109
104.664
98.5479
103.621
96.8865
99.3013
97.3139
98.0002
94.14
96.4686
113.553
123.461
122.662
133.756
124.779
125.045
105.792
110.138
112.175
116.524
119.579
122.334
116.391
119.167
116.974
115.997
110.218
114.546
112.738
118.078
113.539
116.607
113.212
110.599
115.204
107.719
106.426
111.013
115.963
121.033
124.629
127.079
123.353
119.319
116.171
122.926
113.406
119.336
115.996
113.17
120.956
120.615
122.773
117.085
121.195
115.435
125.629
116.984
114.995
120.487
120.874
118.51
119.936
125.645
122.238
123.177
122.854
121.696
117.867
121.356
117.801
119.172
112.252
121.633
117.402
120.128
119.943
120.237
117.937
120.961
125.328
120.61
124.402
121.602
117.687
115.518
119.043
120.924
116.849
107.108
115.413
119.766
116.287
116.175
115.105
110.776
115.916
117.814
122.851
121.934
118.391
113.273
121.392
112.851
113.626
113.7
120.978
119.487
114.606
118.532
120.88
120.29
121.704
118.684
120.338
120.117
119.536
118.036
121.149
124.644
118.978
117.226
112.271
123.33
126.04
124.439
121.031
124.38
119.566
122.303
122.098
123.699
123.324
122.296
123.271
120.389
124.489
121.591
123.862
122.187
121.344
122.965
121.408
116.824
114.749
124.984
122.314
117.042
117.098
112.803
110.823
122.65
117.06
119.445
118.569
120.881
125.84
122.356
120.287
119.729
123.048
114.219
110.826
114.787
116.634
109.902
105.281
103.764
100.308
101.355
109.798
114.826
120.481
115.046
118.14
116.914
115.842
130.39
117.167
126.816
114.049
120.684
105.801
108.27
101.847
110.642
103.517
109.624
114.265
112.673
117.819
121.747
121.975
125.411
122.382
114.174
121.063
117.913
115.531
108.316
108.659
106.222
108.844
108.928
112.07
117.892
114.069
113.964
