0.22451
-25.567
-32.1455
-28.9072
-29.9577
-20.6656
-2.20709
-1.63109
9.95967
-0.379304
-3.6193
-2.25478
-4.17465
2.03991
11.03
3.73806
1.9852
6.60606
8.85865
4.59199
-10.8659
-6.54276
4.37491
-4.96366
-6.8551
-19.9307
-19.0392
-22.4811
-21.7166
-22.0978
-28.0659
-28.6052
-10.3844
11.7347
9.30499
8.45496
-2.45241
6.74328
-5.30385
5.64577
20.9283
37.2878
30.6066
34.8206
35.8561
34.7656
37.3901
33.269
40.1307
49.7848
36.328
49.5152
43.6347
43.8788
45.3003
50.1791
47.1615
42.1444
39.603
40.6191
48.9552
43.4786
34.5274
41.3145
37.6564
35.7763
28.5767
41.1027
33.5651
49.3518
38.7753
42.0327
47.2874
42.1203
39.5856
45.1288
47.4534
49.7705
46.8808
43.1056
47.1054
52.8032
41.2396
46.6682
48.4823
37.8482
46.2298
41.2024
39.2611
37.6985
34.7939
30.2328
38.5629
41.0888
42.6685
46.5991
47.1098
44.7663
46.5676
42.3662
44.0623
55.5919
53.1688
53.1036
48.6532
43.8462
53.6205
48.2712
53.2145
53.7217
39.5869
51.3329
56.9869
42.8908
39.4779
44.9955
42.2784
46.8042
50.0165
47.3982
57.2435
65.3973
62.0176
58.7392
67.3205
64.4311
63.5895
61.907
55.962
49.3545
52.8241
50.9216
43.4043
43.3426
49.2013
38.7806
35.615
31.8341
35.4028
52.1798
48.4463
44.6025
54.0337
54.0663
56.349
57.2449
5.30704
-26.5767
-23.267
-14.8271
-15.862
-14.2737
-22.9778
-6.35891
-12.6389
-14.3173
-12.4965
-17.3523
-16.1049
-18.8468
-13.9298
-15.9363
-22.9989
-22.8409
-23.2654
-20.1451
-18.8416
-23.7136
-24.7164
-32.2619
-34.873
-25.4507
-23.2162
-27.2834
-18.6643
-9.97929
-15.3653
-21.4407
-27.1643
-16.426
-23.9366
-28.3944
-24.9717
-29.4658
-25.0505
-29.2601
-31.8967
-28.1194
-27.6219
-25.3804
-28.5715
-23.405
-22.9131
-23.962
-28.8106
-32.4648
-40.3964
-35.7959
-35.8164
-35.9842
-45.4176
-30.5851
-29.7461
-27.6857
-32.7282
-15.1629
-13.7951
-17.6159
-20.4677
-33.3331
-36.5983
-44.5371
-36.4812
-29.7646
-28.442
-27.4491
-22.3067
-31.5471
-30.3628
-37.1497
-34.968
-28.0318
-31.6577
-35.1954
-37.4393
-39.2869
-28.728
-36.6104
-37.665
-35.3274
-41.7183
-34.3775
-37.5695
-33.2368
-32.3337
-31.0728
-20.4907
-22.7584
-22.3053
-19.9728
-22.9513
-34.2208
-38.0387
-37.6197
-35.0346
-39.6335
-39.9847
-39.8931
-42.2309
-34.0442
-36.2458
-37.8845
-32.316
-35.4839
-34.726
-30.6755
-27.2964
-27.2161
-24.8338
-24.2487
-23.9266
-23.7775
-13.4579
-15.0613
-10.9742
-12.5584
-8.36494
-16.1828
-15.8285
-22.1538
-23.7023
-28.5615
-29.4025
-30.0082
-27.556
-32.8535
-28.4433
-25.5824
-31.8429
-31.955
-26.7224
-35.2172
-32.0131
-34.924
-32.6802
-23.9574
-19.6048
-21.3879
-22.0993
-17.7121
3.42643
-5.18592
-3.85138
-7.1876
-0.0846606
-7.95459
-3.31526
5.24376
-4.0932
-6.31117
2.57306
-2.40613
0.615569
10.1458
3.98928
11.8919
9.91101
4.41599
-3.98951
0.692988
-8.64914
0.202481
-5.99427
-12.0283
-10.1082
-10.6813
-9.34931
-19.2504
-11.9244
-13.2113
-15.9304
-12.7716
-5.56131
0.918759
3.81445
2.20256
2.39467
-5.46007
-2.43179
-0.481397
0.0666475
-0.419368
-1.21221
0.537741
-0.0998384
-6.90386
-10.0293
1.39115
-6.84847
-8.39227
6.61957
-5.55563
6.35574
3.17153
6.38571
18.0004
20.3835
17.5542
14.9695
-1.17095
7.65224
2.85822
4.95981
-5.48394
1.32473
0.657182
-1.92241
-0.927987
5.22234
-4.13346
1.73119
-0.886634
-3.37487
-0.571535
-0.731198
-2.52632
-2.25289
-3.3253
-9.59636
-1.44028
1.34291
-0.747543
-1.07214
0.753337
3.52494
-2.95188
-3.57353
0.806407
-4.9822
7.84266
7.91529
-8.8477
-18.5846
-16.6352
-21.6247
-14.2074
-21.2239
-29.2794
-22.1591
-28.0782
-17.2487
-16.0486
-16.4943
-22.9176
-28.4341
-34.3861
-30.1241
-32.5558
-24.4738
-25.4738
-24.0941
-17.8117
-2.2403
9.544
-1.17205
-9.75675
-5.49864
3.54291
-14.2241
-5.42711
-13.5384
-17.2618
-22.8146
-23.3657
-25.0204
-23.0824
-12.2941
-10.0415
-11.587
-10.2467
-8.71468
-23.5738
-27.0654
-18.9908
-10.0649
-25.2565
-26.4369
-33.006
-25.3741
-21.0643
-26.7926
-22.913
-22.9149
-17.1295
-17.9611
-20.0698
-16.4221
-24.9185
-21.9395
-21.3058
-24.8123
-20.1578
-18.3935
-21.7229
-26.1825
-25.1024
-20.869
-17.5117
-13.8267
-10.5332
-10.3147
-7.494
-5.81007
-5.10336
-3.99351
-9.37664
-8.78451
-12.3307
-11.6093
-12.4958
-11.4751
-13.4986
-17.3037
-16.2888
-9.9534
-13.3842
-3.82239
0.303252
-0.614674
5.77197
9.03525
11.5408
10.0861
9.37036
5.70689
-0.152682
-7.84327
-3.39512
-9.48014
-11.6923
-10.6313
-12.1218
-12.4394
-6.18181
0.970248
4.91151
11.2785
9.40645
1.87296
4.41757
8.2455
2.75838
-2.08721
-22.1405
-24.7165
-30.5054
-25.0764
-32.5378
-33.2108
-28.0753
-28.0364
-4.32698
2.59765
19.285
5.0369
-1.75514
-4.6841
0.039915
3.65459
0.322528
-3.28148
4.00195
0.232306
1.81492
5.89609
6.14344
-0.443188
7.64639
2.34172
1.1106
4.15107
2.92177
-2.82381
1.2409
-1.78559
1.41713
-4.41403
-2.15103
-0.947875
-7.34284
-8.40072
-6.51671
-8.46404
-8.56404
-10.3977
-12.8361
-8.67807
-13.2321
