26.2696
13.3937
6.97698
0.940757
11.8172
19.2883
11.7254
20.7027
11.1733
17.6167
17.4698
14.1388
2.41271
6.63092
8.42683
8.28606
6.22795
25.0565
57.4956
64.7386
18.9994
14.3651
3.97018
9.51419
5.18504
4.49606
-1.10714
-9.38908
2.34966
-5.30238
8.17193
9.53332
3.42374
0.266576
21.1555
46.2634
29.0665
23.5258
21.0325
12.515
15.6138
22.8515
34.0749
22.0178
23.9156
24.9244
23.2035
24.1523
27.7137
21.5801
21.8993
22.6364
16.2784
12.7976
16.3017
21.6768
17.4174
18.0491
11.2098
20.74
18.5151
25.8521
22.2795
26.7437
28.0702
22.9234
24.1444
20.548
10.4469
14.5167
19.8529
14.7977
5.97062
5.19353
11.9032
17.4714
13.2941
14.6006
19.1893
15.3402
22.688
14.5911
7.17747
17.578
6.82993
3.36536
-2.26992
23.0995
19.7486
4.43658
18.0069
28.4565
15.0414
25.1788
54.5323
36.2534
41.8132
43.4898
24.3023
19.3395
25.2546
30.1983
29.5675
27.5299
37.6453
36.8866
38.6386
36.25
37.1851
37.8606
39.7338
41.4812
42.0289
33.9645
36.827
41.4725
40.0796
34.0057
32.8144
34.7471
37.7755
41.6555
36.5272
42.0324
40.9664
42.3011
36.9983
43.389
31.406
37.9836
25.4157
34.2941
18.4153
6.43092
9.7109
5.37506
5.04056
11.8363
15.56
36.941
45.6395
45.3894
41.8777
43.4602
30.431
15.3119
6.29271
19.5672
14.8317
18.9276
17.3195
14.0367
16.5575
17.5971
23.5403
20.6533
14.371
25.8162
18.9338
20.1981
27.0412
23.1314
16.3939
35.6416
21.3138
29.4736
22.6041
25.8682
23.2421
21.4315
20.7894
23.6994
22.3494
23.8057
24.862
14.226
22.4017
22.5177
18.7752
22.5257
28.8711
14.3153
23.5728
23.3461
24.8344
19.3892
16.019
30.2297
29.7325
33.5108
29.9352
25.2116
25.4807
22.3584
27.6719
28.2391
26.5104
23.9135
29.2577
18.9988
26.3228
23.2679
28.7057
23.4951
20.2195
19.483
27.6552
21.8118
8.40266
26.613
22.75
24.7493
21.5921
27.1594
33.0934
21.8788
31.6579
21.2368
28.9096
34.1182
36.9599
27.8929
28.2372
26.0354
25.8334
20.0132
32.8485
34.6759
31.4838
30.9476
34.184
40.5009
37.2584
34.0282
20.5744
15.3802
16.734
2.48253
3.04894
5.79185
-0.856479
7.93676
6.78353
10.5761
17.7309
11.4417
15.0387
11.5125
20.4247
27.0274
19.0111
24.5245
33.7246
26.2956
35.8164
35.0294
40.2097
41.2926
40.5314
39.772
50.2851
43.2958
35.1487
12.6173
27.6373
16.573
-1.73305
25.3831
32.0343
40.9312
37.0184
49.1334
56.6294
55.1246
46.894
50.7585
54.4347
48.5862
48.525
51.9203
49.1406
47.3204
49.5693
46.5054
50.0268
46.47
41.9341
47.0557
47.2199
52.3943
54.4771
53.0775
51.9262
53.154
47.6331
42.7121
49.9793
46.8112
46.687
47.0723
44.9889
43.4872
46.2473
43.3118
45.0251
40.954
45.4895
50.0188
50.5473
47.1691
46.6227
47.0133
44.3357
46.8621
42.3605
39.9039
41.0934
44.838
45.6521
49.4135
42.4872
49.554
43.7518
36.3746
41.1105
40.9146
46.6146
41.4862
41.0432
39.1213
37.612
33.8943
33.517
31.5478
29.006
29.8909
23.7967
27.7663
27.6885
31.2331
25.7795
27.2924
34.6895
35.1865
38.9504
24.7776
25.3742
26.2395
46.7357
45.393
44.4822
40.5874
35.5485
41.9075
35.5253
37.0167
41.5737
19.1392
36.3219
41.2132
18.052
0.661614
0.583136
3.59341
21.5645
23.1206
21.7577
18.5166
8.83522
8.00785
19.8424
20.0494
23.4595
14.3392
10.209
6.81323
5.86737
20.4104
20.1895
17.2965
13.4983
20.6535
23.1318
25.294
26.9261
29.7607
31.4696
24.9745
24.4173
11.5236
15.7067
17.6389
11.1418
6.25022
0.86186
-1.90791
-2.50078
-9.88831
-8.35407
-8.30466
-2.19916
-3.10967
-9.13812
-9.56892
-3.50149
-4.21849
-1.42705
0.827308
4.47109
-1.08293
0.7277
7.25513
4.25246
10.4737
9.62099
12.0416
9.84456
11.922
10.1421
12.0359
-4.52851
10.6068
0.53375
11.5152
8.34656
9.02834
30.1428
50.4948
49.2641
48.4661
47.8244
44.8209
48.636
53.3996
47.5601
49.3966
49.122
44.8167
25.2563
8.05365
27.8985
27.3381
28.6336
33.554
30.3296
27.0056
21.7146
11.4446
22.7173
34.5626
45.3303
32.0832
31.6986
25.7467
33.0938
35.3753
37.1409
34.6442
41.1377
44.2283
39.6942
44.1317
42.4834
33.5486
37.3843
30.3599
33.917
33.6572
31.4345
30.2568
30.9051
27.3433
27.5295
21.0637
27.1283
21.5868
27.9585
24.751
33.8202
37.4309
42.1032
24.6953
38.4349
37.0698
40.1134
42.3561
30.6388
11.8566
