24.73
30.1599
36.6029
31.9958
21.6791
10.7335
6.83872
0.290619
-1.11399
9.26644
-4.0584
-5.78477
-1.61544
-6.45306
-7.81981
2.95237
9.21089
-19.6368
-15.0337
-7.32536
5.72674
-0.682331
19.6822
11.0495
25.1461
29.9183
20.8134
38.5392
27.4882
33.215
30.7395
21.9983
20.7933
11.6033
25.1274
21.6615
-1.4795
30.7185
22.5634
10.0507
21.9903
22.8816
19.8924
15.2204
13.3159
22.7729
12.6103
11.7335
16.8111
11.5993
3.40783
3.77251
5.47891
19.6766
16.5419
5.34495
10.5462
9.90213
4.70256
8.31084
9.54198
21.2743
9.21571
18.3144
12.2133
15.4997
11.7737
8.46266
2.9346
1.49656
1.83663
4.87717
14.4106
7.54873
10.332
12.783
11.8989
10.9536
16.2489
18.4418
13.1844
4.11349
9.67596
19.0143
9.0976
5.69294
12.6021
2.41636
2.31133
6.90375
9.44063
4.67231
14.3925
12.8825
11.9211
5.73983
10.4913
2.56062
-0.796373
13.4522
9.77771
10.2528
1.40679
9.47919
9.92465
6.47763
23.5339
17.4333
14.1179
12.7193
9.00064
7.16573
7.40621
13.7556
23.1928
6.32349
9.82773
15.9655
4.5373
10.3429
-1.51593
8.54305
17.1674
12.1985
0.55609
7.45657
3.00319
-2.66316
14.777
2.1854
15.1621
1.90935
5.19144
13.7331
19.1998
3.12825
11.1843
29.3575
29.6233
30.3724
36.2959
22.2987
3.82305
4.75399
-1.92508
3.15125
6.12381
-6.49968
-6.23177
-2.06191
-9.70368
-0.267369
7.11361
5.2886
-15.505
-15.4833
-4.34554
-7.3713
8.36015
18.1676
19.0452
18.3731
30.6337
18.3262
38.7047
25.0837
30.985
25.6444
19.7445
19.0617
18.1068
19.885
22.5925
10.9493
24.5014
21.1913
12.9532
25.2527
20.8652
20.8849
13.0779
12.8755
15.9361
11.1202
8.51012
21.8133
9.17522
-1.31247
5.66994
8.10401
16.7119
10.7466
12.9212
1.94015
4.89393
5.77855
-1.26552
12.145
18.7027
11.5186
21.3472
11.8177
-1.43692
12.8782
6.7181
4.27595
10.2546
6.55309
0.821478
9.45247
14.2222
9.14239
13.2898
15.9381
16.6917
15.2021
20.3149
11.9629
8.78545
9.46457
6.6347
2.63373
12.6361
7.39486
3.99555
-4.02896
1.50087
12.5744
8.02951
11.776
6.00342
16.8602
11.5094
2.9497
8.21616
-3.6234
11.1179
11.3214
10.795
3.38301
11.515
9.38703
5.55929
21.2935
18.2548
12.5682
8.58718
13.9788
7.22393
2.56286
21.1216
19.7492
6.18997
11.9674
17.1962
4.84658
10.7277
2.65261
12.7486
15.8313
18.4205
1.31273
11.8091
5.32888
-0.661968
10.677
-7.6188
16.3271
-2.02021
-2.18352
15.0345
17.7126
3.74527
20.4385
25.3311
27.7062
30.4951
35.1239
23.9392
7.75823
8.40995
-1.29222
3.65137
2.84093
-2.79497
-4.48513
-8.29092
-13.1921
4.59729
3.1535
-5.71065
-15.3208
-15.9242
1.6754
-5.3463
13.8823
18.4593
30.8663
20.5731
33.6976
30.3097
36.6372
29.1918
40.2641
20.8893
18.4416
20.615
22.0871
17.2612
17.0773
20.5083
20.7484
20.2352
10.1501
32.0271
17.6718
17.3951
12.0469
18.338
9.13984
13.9904
13.6075
16.0486
8.29387
-2.34746
6.91667
15.397
16.2341
2.8852
18.1428
-5.18324
2.77274
4.05063
-1.91684
14.0779
12.4616
13.5401
20.0285
12.0967
-0.487901
12.4216
1.18548
5.73083
7.38666
7.9455
1.60831
2.99176
12.8719
8.15682
11.0115
14.367
14.3892
17.3452
19.567
7.38981
8.47675
13.9102
3.80522
1.45861
14.2787
3.48809
8.40779
-6.52462
-0.927901
10.5396
8.64323
9.70314
1.67956
18.6826
19.4307
1.64412
7.13667
-1.19498
10.9765
4.13842
6.19316
9.66489
10.5413
6.56736
18.5427
21.0017
15.151
13.0266
8.15869
11.0716
14.1552
3.42746
22.9117
10.9056
12.0334
13.9082
14.1455
8.44332
8.41212
8.68102
15.1536
13.1685
11.4905
4.58087
16.0706
2.63473
0.491072
8.42395
-5.73631
10.4913
-3.12929
2.20754
11.38
7.03401
-2.75794
24.3027
29.9867
29.6604
24.6021
25.7055
17.5235
9.17679
5.84421
4.11586
9.52902
-3.15091
-4.13371
-2.44269
-10.0031
-9.81697
1.78023
5.05917
-12.2066
-11.0316
-14.9044
5.66471
-2.3758
18.5053
10.7512
33.0006
24.9565
26.948
32.3052
35.5012
32.3966
39.2831
22.8069
19.6683
19.3874
20.031
18.4493
8.95117
21.8716
23.1325
15.2903
13.1759
24.9084
19.1597
16.7066
10.1703
22.1564
9.72614
15.1403
19.8438
15.721
6.83638
1.30558
6.61472
18.7686
16.1342
1.62833
16.4494
5.82789
4.63508
7.93419
3.05959
17.6407
9.16811
16.5685
14.2194
14.6519
5.46559
10.6435
0.0499289
1.66479
5.02171
5.78496
3.69642
3.70493
9.74211
12.3772
15.4326
11.735
