8.25917
9.1623
11.3025
14.552
3.91323
-2.65999
7.11502
7.51071
3.7262
6.00732
-5.71284
-4.31597
8.54346
5.27496
3.94723
0.14473
24.3775
13.2273
6.59957
23.6741
28.2727
22.9933
12.9561
18.2541
1.52186
1.29165
4.64709
9.85843
21.1042
13.5718
8.89017
17.6845
14.5889
13.3506
11.5064
23.8942
10.9394
12.835
14.0076
19.2669
18.9441
30.8672
22.8894
34.5601
35.7656
17.7437
17.5931
22.0514
32.5441
41.7204
24.3107
29.6187
34.2247
36.1265
33.4784
22.1613
17.3468
19.3719
16.5651
7.96004
12.7404
11.9325
9.49499
-0.264371
0.16887
1.0166
0.895865
6.01564
3.60806
-3.24693
-5.01549
1.90849
-4.28452
-11.1812
-3.86781
-8.31386
-8.61834
-5.29023
-9.80836
-4.83971
-7.19695
-1.06117
-1.71912
1.01433
-1.39579
3.12652
-3.49123
-0.84224
8.09945
-5.97825
-4.91113
4.75485
-3.95317
-2.8336
-2.22489
-5.07654
-2.68942
-7.45332
-2.48502
-5.31258
-4.39868
-3.38277
-6.44777
-3.27097
-11.8574
-10.4237
-2.57217
-2.49666
5.84762
14.2479
9.14954
19.7679
18.0977
4.79525
8.67098
12.2238
10.5203
4.85748
6.21768
17.1984
14.1752
14.638
10.787
8.98888
4.2031
4.45227
0.93347
2.40217
0.155499
0.295878
1.79211
5.54288
5.89529
3.79489
3.28664
0.940393
4.23017
9.72901
2.79316
5.4925
-4.22645
-5.78627
-0.288919
8.74977
2.93624
14.5571
5.85137
13.3225
16.2267
14.6203
21.6415
12.9376
8.28493
3.03755
11.0375
12.1394
13.1537
15.6362
12.0037
16.6343
3.56982
-0.385321
14.2555
14.2865
16.6256
19.5511
18.6172
10.3456
23.3413
20.712
21.4148
17.4724
14.1769
21.9111
14.2366
25.107
15.0445
-1.05338
-4.54461
5.29817
26.3075
23.1339
24.943
13.5702
17.1628
12.1116
10.9826
22.6526
21.7367
11.4736
21.2294
14.9739
8.40941
5.08248
12.7914
13.4096
14.8583
12.8734
0.88235
6.34961
8.58464
7.55681
6.13211
12.9113
8.07247
0.682326
11.0229
17.0544
15.7684
15.8243
10.2382
18.9622
9.81586
