-0.224356
-7.86258
-9.17083
-9.18612
-2.77186
-8.9613
1.87309
-8.22206
-13.0876
-4.37546
-1.40014
-10.7592
-6.7515
-11.8693
-7.16111
3.04168
1.10962
-6.39106
-1.80238
-2.07422
9.45178
10.9648
14.4877
5.10772
7.86348
6.74153
8.34486
2.3726
12.9752
17.4903
10.4696
2.69895
0.690434
4.7755
-2.80501
2.02101
7.59181
-3.1281
5.30406
7.68265
4.15875
7.91566
3.75014
8.20912
-1.92629
0.956262
9.81773
2.89011
2.94005
6.26786
4.51759
15.608
7.51923
4.22884
5.97282
4.9803
12.7413
6.31384
9.08592
9.80191
15.8194
7.69659
5.9764
15.637
21.5426
17.7778
13.2733
11.045
-3.5437
6.40009
-10.2117
-10.8477
-21.8538
-27.8472
-30.7139
-28.7229
-26.8826
-17.2331
-13.9908
-15.1605
-22.6122
-29.8306
-28.852
-27.3062
-26.2262
-23.0646
-18.8491
-18.6216
-12.2802
-12.25
-12.2403
-6.25077
-3.76567
-9.54364
-11.7698
-12.8971
-6.74458
-8.54311
-13.2594
-11.9957
-10.539
-9.59609
-9.29473
-8.03667
-10.4273
-13.2418
-14.5796
-13.6265
-13.4186
-16.9371
-15.7179
-10.8708
-21.916
-17.454
-20.4136
-22.9474
-18.2973
-18.9619
-17.1603
-14.5315
-15.0206
-18.7528
-15.5281
-15.367
-15.3054
-20.3153
-21.8608
-16.4137
-18.122
-19.7178
-20.2893
-22.1903
-24.5664
-18.7096
-15.6951
-14.4265
-14.5142
-13.2666
-21.4623
-14.5003
-11.6969
-18.2464
-16.9004
-16.1344
-15.1011
-18.8731
-22.8446
-23.0291
-23.3587
-22.0568
-17.9003
-4.90117
-5.46972
-16.4132
14.7515
3.78805
2.00862
-1.45988
-10.4384
-27.7321
-14.8932
-0.0713982
-2.02142
-6.84991
-13.6721
-8.17326
-7.84538
-3.4205
-5.76792
-7.76112
-10.4051
-5.56359
0.900111
-4.30979
-3.55354
-14.5501
-9.13636
-13.6086
-16.4585
-17.6159
-15.4785
-17.2089
-13.6748
-14.7429
-12.5617
-12.0464
-13.6849
-9.30455
-9.71102
-14.7698
-11.6202
-7.37525
-4.25619
-12.5663
-8.61914
-11.5457
-9.53205
-5.07304
-7.55177
-4.12646
-6.43362
-9.00671
-8.76828
-10.7139
-11.4711
-6.88356
-7.55312
-3.80502
-9.47129
-13.087
-11.5133
-6.47755
-5.77746
-1.3899
1.57779
-1.66557
-9.83441
-4.06571
-10.3556
1.86931
-9.16436
-25.1071
-34.1645
-29.9421
-31.2191
-30.3334
-27.4513
-29.2319
-22.691
-21.9629
-15.0109
-10.7554
-2.04644
-1.07791
0.172577
-17.888
-30.4516
-14.3451
-17.7038
-16.4353
-21.1082
-17.3752
-17.555
-17.0305
-14.6133
-14.2155
-12.6603
-14.1121
-16.2266
-17.6247
-17.6922
-12.2118
-12.2633
-16.4828
-19.3069
-19.8171
-16.8875
-18.833
-14.5862
-20.9487
-12.1269
-12.6259
-9.76271
-13.8892
-12.9376
-15.8802
-13.682
-17.5779
-11.7428
-15.0082
-12.3949
-22.1787
-24.7268
-18.7396
-18.0196
-22.8748
-19.547
-14.9012
-5.03431
-12.9012
-12.2289
-14.665
-12.9599
-10.3422
0.390184
-8.32165
-3.9404
-0.624339
-4.92488
-7.29842
-3.92839
-7.99397
-0.34138
-2.56254
3.32379
-2.14269
3.16807
5.6847
6.76759
1.801
6.68256
4.57885
5.44014
5.35683
-1.76823
2.38054
1.10464
0.320928
2.2745
-0.608814
-1.31718
-5.80073
-4.40079
-13.6008
-16.0799
-5.15611
-13.116
-18.7764
-14.1773
-16.222
-15.2778
-15.8625
-12.5389
-19.6629
-6.40421
-3.00289
-5.21864
-12.544
4.34625
-3.16889
-9.19713
-11.1055
-19.9493
-15.3669
-9.66621
-17.1473
-17.5194
-22.0522
-19.3099
-19.419
-19.5512
-25.0672
-26.3994
-18.884
-15.8765
-14.4109
-17.2672
-19.45
-18.0559
-22.8915
-20.8552
-14.6858
-14.64
-15.6193
-11.0516
-8.33871
-11.7786
-19.7246
-11.6479
-16.4436
-14.1112
-5.18156
-9.54472
4.50736
0.102026
-10.2351
-10.3741
-18.689
-16.4881
-16.3586
-6.56115
-13.4123
-15.8168
-12.2355
-19.9468
-17.5971
-17.1778
-18.2052
-23.2218
-21.8957
-31.8457
-19.1654
-16.4688
-7.61428
-3.05625
-4.34567
-3.39376
1.09636
-4.62334
-0.494472
-5.9174
-7.6891
-3.55763
-5.78353
-2.46735
0.959573
-0.943611
0.290968
1.19869
3.37184
-7.25292
-4.58112
-4.71034
0.693037
-3.62504
-4.37413
-7.16505
-6.72636
-4.18326
-6.03221
-6.18152
-10.3232
-5.83869
-11.5138
-3.7752
-6.17026
-4.50176
-11.9288
-7.47431
-5.04996
-6.66721
7.47989
-7.62889
-6.06577
-3.11545
-6.59481
-3.85328
-6.31304
-12.7615
-10.3528
-12.4683
-8.23594
-8.36938
-14.1
-5.72036
-14.877
-14.0256
-8.6556
-5.65614
-7.36721
-8.75564
-3.91349
-4.45982
-3.69077
-3.75911
-7.88164
-1.22567
-3.65241
-9.05721
-6.35798
-11.555
-9.04789
-8.66237
-12.5413
-16.982
-12.4057
-10.7761
-12.5921
-19.1306
-12.9669
-8.48347
-5.96652
-12.0755
-14.4137
-9.18097
-14.3819
-19.7417
-10.6456
-13.49
-16.6923
-11.2727
-12.5793
-15.4348
-12.6727
-4.95233
-14.9661
-13.2759
-14.9248
-11.4471
-11.182
-16.6142
-21.9031
-16.3307
-17.1016
-19.1627
-19.2
-13.805
-21.7362
-8.69844
-13.844
-9.83595
-13.9682
-16.4435
-17.3122
-5.78713
-1.5653
0.330366
-3.41815
-0.0183989
-3.61071
-2.92812
-3.29277
-1.85569
-11.8118
-7.49992
-6.16939
-6.53597
-7.91104
-2.9829
-3.44184
-4.83983
-4.45603
-11.1204
-7.26789
-3.1627
-2.75733
-4.27043
-4.75603
-5.88142
-6.20455
-2.28852
1.29984
1.69341
-6.89141
-0.0837838
-0.32478
-0.39825
2.96446
-8.47534
-9.37097
-7.98804
-10.7026
-1.09414
-5.46512
-5.8154
-7.48747
-9.19382
-7.0196
-5.21822
-5.81157
-5.38966
-5.39495
-19.0615
2.02837
-3.28432
-0.415347
-8.21706
0.600885
-7.03365
-0.516112
0.872426
-9.85054
-4.41352
-8.08884
-7.34506
-4.73403
-21.4513
-13.666
1.71771
-13.3657
12.6176
-14.5101
-29.1806
-27.5512
-5.37208
-13.5421
-22.2544
-28.0781
-16.6698
-22.0417
-17.7153
-9.58885
-8.8032
-18.4581
-19.2221
-17.7058
-11.7842
0.924513
-5.14827
-17.9455
-24.2844
-24.5944
-29.4709
-25.4871
-25.7368
-26.3944
-26.8942
-32.7577
-20.5094
-20.5324
-24.7925
-23.2876
-21.7538
-17.6419
-11.0779
-14.3062
-18.3651
-24.2718
-19.4502
-22.1887
-15.3046
-17.8693
-17.224
-14.2122
-21.8699
-18.7749
-19.924
-21.1806
-23.6721
-27.3985
-31.4857
-24.0239
-25.5624
-23.0839
-22.4015
-22.007
-31.1283
-27.7428
-25.8933
-19.2431
-26.2965
-23.4003
-26.8694
-28.9772
-30.0592
-22.8253
-16.7683
-16.7465
-3.34074
-20.1843
-12.5073
-22.4422
-7.47853
-16.2227
-24.8794
-12.1349
-22.3145
-24.2103
-30.1613
-26.6714
-11.9417
-27.7984
-23.8394
-20.3469
-17.4653
-11.6044
-16.6432
-10.7986
-18.5883
-25.6309
-25.0161
-29.4648
-28.4505
-31.6352
-26.2799
-26.9802
-27.9335
-34.2204
-27.9571
-22.738
-16.8217
-18.5508
-20.5592
-19.9232
-18.7576
-20.9399
-18.7104
-20.4465
-23.8091
-21.6298
-24.6435
-18.2299
-21.1128
-20.3773
-14.7441
-19.8283
-19.0853
-18.2694
-20.0086
-23.327
-22.5774
-20.6467
-21.5208
-18.1732
-16.4733
-19.4365
-22.9631
-23.5855
-25.3145
-20.9206
-22.3839
-18.4159
-20.7908
-24.0637
-21.0275
-16.6461
-22.2997
-16.8071
-19.3825
-20.4921
-18.3844
-18.8954
-13.6199
-19.1313
-17.5285
-17.4566
-23.6058
-23.7077
-23.2229
-18.8684
-22.1406
-20.6602
-19.9846
-16.2371
-19.3302
-19.779
-18.2377
-13.7293
-13.5509
-19.6652
-16.2656
-18.4352
-21.4482
-17.2616
-14.8863
-17.1169
-17.6845
-15.3655
-14.0894
-17.3229
-15.6416
-23.5624
-18.759
-16.9594
-20.6618
-20.2443
-16.725
-18.0994
-17.6896
-19.6562
-21.0032
-22.3274
-23.4685
-26.7457
-27.92
-26.8109
-25.6202
-27.8677
-27.3881
-27.0908
-26.2595
-19.8618
-17.009
-15.8369
-25.7028
-10.9832
-12.1236
-7.25505
-5.22726
-7.19101
-9.03971
-5.83078
-7.9763
-7.10212
-13.3883
-23.9481
-25.0119
-23.6393
-14.4923
-15.4553
-14.2241
-10.2198
-4.44873
8.01655
7.17566
-9.14268
-17.2754
-16.8902
-14.4371
-13.2588
-12.0996
-6.45217
-8.60204
-3.25764
-0.541269
-4.64809
-9.49851
-3.50031
-9.26644
-4.12128
-7.30516
-16.5612
-23.0855
-15.7092
-18.9304
-10.1131
-16.8558
-22.8115
-11.2069
-15.0228
-8.00756
-17.0088
-13.7629
-17.3771
-13.5123
-1.98097
-11.2773
-10.3186
-13.3269
-19.0913
-8.11725
-6.84539
-19.5769
-14.5487
-21.5068
-13.9289
-10.7847
-11.1707
-17.4292
-9.75879
-15.169
-9.85427
-19.9457
-8.79079
-9.727
-11.0762
-17.81
-5.92306
-6.74537
-15.6776
-6.9383
-2.64358
-10.199
-11.2807
-5.0765
-7.17028
-9.28754
-0.405952
-13.9803
-12.2486
-8.36856
-12.1065
-12.8176
-24.644
-16.2231
-21.4158
-16.2219
-15.2782
-13.64
-9.56377
-8.51592
-12.1164
-2.53501
-12.4713
-17.6538
-12.7261
-7.8609
-10.9534
-12.6178
-19.7664
-17.9798
-15.2832
-9.0179
-21.4683
-14.6498
-15.7014
-11.7269
-6.01775
-14.8083
-16.6058
-10.0084
-11.7056
-14.2987
-15.9362
-28.2744
-15.1638
-21.3038
-17.8793
-20.8108
-17.028
-19.9933
-24.1752
-17.9791
-28.6547
-17.4127
-19.5007
-16.2435
-10.9948
-23.6762
-32.794
-26.46
-15.907
-23.9867
-27.7605
-24.4558
-23.2304
-21.9139
-23.357
-19.2464
-19.9609
-31.3414
-27.3691
-21.0098
-16.8364
-21.1515
-16.9521
-17.6362
-14.1441
-13.7275
-21.2753
-15.7662
-20.6149
-18.264
-18.6084
-29.9772
-29.3625
-28.6745
-29.1296
-19.9281
-18.1993
-19.1559
-24.0245
-25.9799
-22.1678
-20.1146
-20.7499
-14.9619
-24.6052
-20.421
-19.9763
-30.3306
-27.6016
-38.2369
-29.0717
-28.668
-31.6029
-25.2922
-21.6787
-15.7437
-26.9272
-16.7465
-18.301
-26.5217
-18.9425
-22.0912
-13.0029
-12.2392
-18.71
-27.5165
-27.0965
-24.7858
-29.2384
-30.7491
-21.9583
-27.2747
-29.9426
-22.4652
-28.1356
-19.8338
-22.5607
-23.6623
-19.2307
-22.8998
-21.3657
-18.4033
-28.1386
-27.5153
-24.7639
-24.4833
-22.1458
-16.8365
-24.279
-22.495
