26.0039
31.32
38.5376
36.9609
32.5616
25.4785
25.7558
30.8545
30.0753
35.422
34.0057
29.4337
39.6079
32.8058
40.9048
33.6919
33.1717
21.6433
23.3549
23.3625
32.6561
36.1468
28.3039
28.336
30.8067
28.9726
29.1056
28.3974
24.3329
26.0008
17.5659
23.5733
10.456
14.9519
13.1775
11.9029
25.7154
25.5489
34.4676
19.5172
33.3503
39.3439
47.0692
40.4918
31.9262
32.0375
36.4577
32.0531
33.0762
25.1668
24.9189
38.4223
32.2301
32.1512
27.418
25.3366
28.9489
30.9921
22.4098
24.988
33.1224
34.2345
33.9253
31.271
21.5315
27.3786
24.0743
27.4453
37.5471
31.7626
29.3219
20.5629
25.132
25.1534
31.0478
34.8051
28.7666
21.9853
21.6341
20.8273
30.6636
16.5578
31.5839
28.2717
26.8816
27.3278
17.9732
26.6894
24.8527
28.4631
25.0524
25.9257
40.1953
29.4044
17.3374
22.9743
22.2551
28.8651
29.2774
19.5125
29.6569
26.1786
27.6458
23.6783
27.7321
24.0174
25.5176
29.3176
17.2426
19.2993
28.0421
27.6252
14.0784
24.0523
17.4089
24.8668
21.9224
25.8703
31.1423
22.9092
31.3672
27.3188
28.1377
27.0637
21.5376
30.2399
26.6002
14.8439
30.1009
26.5349
28.122
27.4713
30.9934
25.2917
21.4035
29.2573
33.4112
26.7081
31.457
42.986
38.5012
28.8878
24.9291
21.2333
30.4995
22.3661
33.1722
35.5336
38.2116
35.0198
32.2012
38.3202
38.6416
30.5652
24.258
21.4936
19.8952
32.9543
34.8201
25.975
31.7979
39.896
22.8795
24.7991
27.4988
25.2383
19.5635
17.4074
13.3027
17.214
2.26459
16.9482
18.4753
35.3411
29.0534
33.1037
21.8444
34.3235
30.1522
46.2475
39.4812
30.9046
36.6857
37.4031
28.7199
38.4568
30.9243
27.4864
37.1281
35.0223
36.5549
27.4167
28.3345
26.9598
26.7334
23.1302
29.7969
32.9847
32.9917
25.1581
34.5972
19.7748
27.982
26.3471
32.8967
39.0836
29.7379
24.7782
25.8067
15.6679
35.8689
30.9179
30.6865
29.4881
31.1705
20.9737
18.379
30.4406
24.2031
27.6342
32.4921
31.5291
24.6336
22.9608
26.1047
27.3229
30.4614
28.6138
24.167
35.3974
29.306
21.8507
20.3055
23.219
36.2989
23.4912
18.9872
27.7062
24.9103
24.06
25.1152
22.4688
26.341
24.9742
34.576
19.5584
21.4751
29.14
30.2835
17.2936
25.6006
24.6947
23.0755
27.9307
34.2099
32.7257
20.5124
31.354
27.6374
21.258
24.8124
30.0962
25.9611
21.3269
20.0676
28.8435
33.2771
28.5223
27.6777
28.5552
29.0974
22.4586
28.9823
26.6262
24.5887
36.5269
44.4614
40.1048
26.6316
22.9378
22.023
33.9857
26.4125
30.2628
35.5595
40.9251
36.3278
39.7465
41.7457
42.1621
19.1325
27.2639
18.6728
28.3279
36.8065
36.0555
21.4009
32.815
37.0243
20.4848
19.9098
23.3907
27.9396
14.4999
21.7593
9.91907
16.2489
-4.36292
15.8754
24.4161
39.4161
30.3083
26.64
25.3788
38.9539
32.9115
41.8585
37.6417
30.6221
35.7929
36.796
32.6923
35.2532
29.018
24.2292
39.6506
34.678
32.4235
29.3031
29.9876
29.3794
28.0644
20.8529
30.7562
33.0855
39.8174
20.4924
29.195
16.2828
26.0003
28.4616
37.2234
37.5017
31.2485
24.7323
26.0079
11.2397
35.951
29.9662
31.0481
26.5831
29.4963
23.7464
18.6593
27.913
22.1948
25.4371
31.509
35.839
20.0514
25.5172
20.744
24.708
27.4201
31.4901
32.302
32.9329
23.6964
26.14
18.0148
21.9743
39.2151
22.5328
19.8935
23.7926
28.8728
25.0659
28.5897
19.1458
24.2489
22.3609
25.7218
15.2055
24.482
32.723
25.1009
20.5361
20.3291
27.9254
23.1516
25.6596
37.3678
30.1696
25.78
31.5109
