-4.75833
-27.9722
-18.6438
-28.2094
-30.5121
-33.9781
-28.0164
-21.7551
-37.0962
-45.1249
-30.4442
-31.5108
-35.9635
-12.9553
-17.4962
-18.1575
-21.8309
-19.4903
-13.8751
-11.2284
-26.2755
-12.5578
3.26113
-7.11793
-0.723298
4.94746
14.3997
0.898784
5.71151
2.1816
-1.61113
1.29014
-21.9572
-16.5074
-17.0065
-21.3377
-20.8585
-19.547
-10.642
-21.8961
-30.0142
-24.7711
-31.5009
-37.1264
-36.3291
-35.702
-34.623
-44.4828
-25.5551
-35.3146
-34.5526
-40.5486
-40.1237
-33.7999
-36.6683
-33.552
-24.2963
-28.7389
-20.9903
-26.5008
-23.3666
-26.7857
-28.0419
-24.221
-25.1317
-19.5647
-31.6499
-26.5577
-28.4497
-18.9787
-16.0385
-25.7981
-19.7519
-23.838
-20.528
-24.4561
-27.8653
-36.7319
-35.3745
-38.1177
-30.5733
-36.5461
-30.9951
-33.9546
-30.3682
-32.2073
-23.8481
-22.4034
-22.5787
-26.9617
-24.1542
-31.2863
-30.3895
-21.6307
-18.1417
-14.4587
-27.3392
-23.266
-19.7637
-27.1577
-22.9517
-30.2044
-27.4514
-31.3949
-32.2242
-21.9432
-28.189
-26.0792
-26.918
-23.7033
-34.0407
-29.0645
-26.9301
-25.9871
-24.4679
-27.6406
-29.293
-25.017
-32.3781
-32.5405
-29.9282
-30.2899
-23.836
-20.2274
-21.1142
-16.645
-21.6924
-26.8155
-30.5531
-25.0528
-25.8525
-23.2062
-27.7226
-25.2865
-30.1485
-36.4697
-28.0159
-24.6573
-20.9849
-24.4998
-24.0074
-26.3529
-18.8743
-24.0529
-17.3367
-12.3608
-9.88399
-27.9039
-10.7542
-17.9247
-15.7514
-28.2441
-22.6375
-33.6628
-37.88
-27.2421
-23.4789
-15.1217
-18.5213
-21.5403
-18.6758
-21.9941
-13.9995
-15.8256
-21.4306
-22.014
-18.4353
-19.008
-17.0816
-14.1854
-14.985
-15.918
-16.469
-20.5202
-16.9936
-22.1511
-16.8531
-14.12
-25.5206
-30.7461
-25.9038
-11.6636
-10.5897
-9.33303
-7.84457
-13.3708
-12.4918
-17.0125
-20.3096
-21.0442
-23.2737
-26.0506
-28.6784
-26.5925
-34.1273
-34.329
-22.742
-17.981
-23.4863
-38.3995
-29.4557
-38.991
-41.7613
-40.3659
-38.0302
-38.9472
-45.6727
-40.9705
-39.0804
-41.3115
-47.8338
-46.252
-41.5054
-50.1269
-48.6855
-48.8592
-51.5985
-52.2507
-51.407
-47.575
-44.4749
-49.4031
-49.3646
-47.0619
-45.7097
-56.0264
-52.1193
-48.5455
-39.3418
-49.8377
-41.5886
-39.65
-39.6607
-30.5152
-28.824
-25.4703
-34.6372
-22.1841
-23.1349
-27.2466
-29.0637
-29.4646
-23.5979
-22.2094
-27.0076
-23.977
-21.4737
-22.7645
-25.3769
-21.1625
-28.8747
-25.3706
-28.8817
-26.6836
-31.7632
-34.0576
-31.9094
-30.54
-35.0757
-41.2292
-41.7859
-44.8244
-46.8896
-46.4465
-43.0651
-31.2242
-36.133
-30.2709
-30.9098
-23.1662
-31.2107
-30.7037
-29.3487
-30.5785
-34.6831
-28.1024
-33.8692
-38.8799
-37.6076
-37.612
-45.9265
-34.7673
-42.8366
-36.5196
-31.6745
-23.8555
-23.0835
-38.0775
-33.0942
-27.036
-32.6109
-36.0355
-36.6859
-32.5216
-28.4136
-28.2241
-23.8562
-39.7476
-34.6127
-39.2902
-36.6425
-37.859
-37.3221
-34.4384
-38.4264
-36.5476
-41.2949
-40.0916
-34.1366
-43.0329
-42.5432
-44.1034
-44.0273
-41.5067
-36.2656
-47.0943
-39.4152
-27.314
-27.744
-17.1605
-17.8207
-26.2745
-24.8067
-22.4468
-20.9083
-19.6899
-28.5379
-22.1586
-19.1054
-21.9876
-24.2522
-22.3678
-30.342
-23.5332
-21.2739
-15.4705
-30.8952
-19.8476
-18.7358
-23.2994
-30.034
-33.8853
-38.589
-40.1135
-34.8549
-36.737
-35.9315
-36.9751
-28.5114
-15.7156
-26.5457
-28.8312
-22.5436
-21.2679
-22.7827
-29.4636
-24.3153
-31.9212
-27.0509
-27.6647
-27.4497
-28.2252
-24.1847
-34.7991
-30.1733
-30.0684
-29.7339
-23.4894
-16.1084
-34.1924
-23.8441
-7.80532
-22.1297
-21.6648
-12.8979
-21.016
-25.1353
-33.7852
-38.4712
-42.0025
-29.1512
-21.0322
-15.8622
-19.8417
-16.7969
-28.1362
-32.1898
-35.2653
-39.8949
-37.476
-29.4211
-24.1125
-20.9546
-32.9473
-30.8007
-24.1482
-28.208
-25.999
-27.1537
-23.5975
-32.0442
-20.2531
-8.56076
-15.1855
-26.8431
-21.9521
-21.8511
-29.4273
-12.4855
-25.4904
-18.4812
-20.3336
-15.95
-12.316
-10.229
-13.4544
-20.4636
-21.0256
-17.5876
-20.8575
-21.0993
-5.95911
-2.25789
-22.5526
-33.0767
1.86035
-5.64897
-2.75977
-7.9613
-16.3007
-11.5351
-12.7771
-10.7647
-11.3528
-12.1137
-12.7249
-12.54
-9.64402
-8.96028
-8.91438
-8.02065
-10.5425
-11.748
-8.3132
-6.57186
-11.1428
-10.186
-9.10014
-12.2286
-6.37449
-10.9113
-8.63342
-8.62321
-9.48308
-13.5434
-6.5532
-7.62119
-8.93092
-4.03676
-5.64607
-3.34429
-2.07974
-1.03923
-4.09926
-6.36004
-6.0919
0.345458
-2.09936
-3.53797
-12.6058
-9.81327
-5.9979
-7.62626
-6.46263
-8.25202
-24.1036
-27.2995
-30.0535
-33.2965
-30.3019
-30.2935
-34.5934
-27.6816
-28.7693
-29.7645
-28.2715
-36.3662
-28.2997
-17.004
-22.3379
-28.4385
-11.4132
-10.6152
3.85822
-4.9247
-5.16635
-11.3858
-8.44008
-5.74586
-10.1897
-9.44812
-10.9362
-12.8754
0.297226
-3.31208
1.49865
9.43632
10.6765
9.17807
7.29374
6.19229
7.87048
5.71374
4.44261
11.1041
0.485157
1.14539
0.880465
-1.75327
1.53238
7.44344
0.211471
3.2602
4.99972
2.9576
7.76012
2.63197
5.657
10.9599
5.10688
4.96494
-0.975552
-1.37654
5.60169
-1.07865
0.714158
6.981
1.73751
