-32.8797
-28.5314
-28.0568
-29.7114
-40.6956
-37.594
-29.9998
-38.8942
-43.642
-25.1446
-29.5677
-29.2856
-31.4792
-34.1178
-33.3944
-27.7725
-26.8555
-32.4103
-17.0982
-22.7743
-5.91898
-18.4852
-30.1448
-20.3784
-39.468
-39.6219
-24.7341
-27.9034
-23.4142
-14.6134
-17.2514
-12.8872
-7.68689
-8.48128
-9.54932
-4.23846
-20.4039
-23.2835
-21.5377
-22.4541
-27.8724
-16.3493
-37.2698
-36.5233
-26.741
-50.1938
-48.5368
-51.606
-36.4361
-41.5102
-34.4307
-33.2497
-34.9122
-30.4189
-38.8839
-21.0563
-31.3808
-16.8442
-21.06
-30.5463
-19.0157
-25.2061
-22.464
-38.2481
-21.3939
-25.9243
-30.1446
-28.7762
-35.4283
-36.0132
-30.4535
-31.1137
-26.8056
-33.437
-26.4724
-25.8373
-27.0192
-27.0524
-30.9835
-24.7442
-23.2442
-29.517
-23.9382
-35.3761
-35.4086
-31.4688
-33.3082
-32.9462
-23.3293
-26.2527
-25.3953
-32.0351
-41.4517
-37.9758
-27.1414
-33.0017
-30.9403
-25.3781
-29.9972
-30.902
-30.1654
-21.6758
-16.5909
-25.1508
-26.3583
-18.523
-26.9703
-19.6839
-24.6822
-22.9244
-22.2832
-25.0076
-23.9535
-23.7108
-25.6415
-11.6348
-16.0363
-12.8942
-5.87171
-7.90329
-5.80906
4.67881
8.02645
2.85912
8.93765
8.23609
10.1452
11.6324
5.0751
5.86308
15.7242
16.4829
16.9704
21.8037
8.60927
9.18142
7.52651
4.38316
11.5366
18.8413
9.0569
6.4723
6.97439
16.0765
14.4424
16.6104
5.12689
12.2774
6.64851
9.69501
5.57682
5.07683
7.63335
5.98396
3.1619
0.11166
-6.10416
-10.7775
-14.8068
-11.0816
-13.7588
-0.342453
5.47404
-10.7655
-5.06115
-22.4411
-12.9698
-23.4721
-10.256
-7.53268
-17.3474
-24.8267
-16.1585
-10.9489
-13.4659
-10.1179
-7.15837
-7.51869
-15.2179
-2.1468
-26.4779
-11.978
-28.8951
-17.3402
-10.5733
-3.53988
-12.1232
-17.3785
-7.73253
-18.4248
-22.5103
-8.64053
-16.2777
-13.3547
-18.2308
-8.81635
-9.58353
-16.9067
-18.6796
-26.8002
-14.0968
3.41716
-8.66275
-18.1767
-10.6143
7.67118
-11.2351
-11.8685
-10.3889
-16.7169
-16.1242
-16.6294
0.487861
-13.1486
-16.3698
-8.82468
-11.6037
-18.2677
-19.6139
-9.40587
-6.31827
-14.9875
-15.1769
-6.38691
-4.83581
0.715752
-5.677
-1.74094
-10.657
-0.31342
1.2713
-6.78537
-9.41818
-9.56337
-7.43153
-14.4242
3.82978
-15.8201
0.440716
-15.7573
-29.0891
-28.3899
-35.1077
-30.699
-37.3625
-32.4103
-31.192
-37.3354
-42.1388
-30.2932
-29.8936
-27.5808
-31.7965
-32.3449
-29.1362
-28.6459
-29.6815
-22.8375
-16.6156
-20.0338
-8.109
-23.7154
-30.4721
-22.2959
-40.5326
-41.6882
-26.7042
-27.1704
-22.583
-16.3412
-21.8351
-8.48739
-12.6837
-5.09751
-2.31735
-7.72422
-17.9515
-13.3521
-20.0328
-25.735
-32.6724
-27.5303
-37.5653
-44.4586
-31.3301
-42.6175
-54.1631
-45.7848
-36.1852
-41.8735
-32.1332
-29.8202
-29.2431
-26.3923
-37.9913
-20.9042
-34.8514
-19.4145
-25.8512
-29.3771
-15.5422
-18.4435
-22.3804
-28.3895
-25.5996
-22.326
-40.0588
-33.8972
-39.2082
-49.104
-32.3001
-37.1976
-24.8401
-34.3084
-18.8272
-24.9644
-30.0451
-32.9953
-33.1681
-25.6282
-22.7057
-29.596
-24.0676
-39.79
-36.9928
-32.1074
-32.4588
-35.1471
-23.2542
-23.024
-25.9807
-32.6903
-41.8043
-37.1106
-28.0588
-33.6898
-29.3752
-24.5965
-35.9275
-33.0719
-33.0395
-26.8182
-17.9669
-28.9531
-26.4725
-21.6428
-29.4425
-16.9114
-23.8896
-21.4192
-15.6237
-24.0496
-18.5289
-23.6773
-24.4954
-11.0943
-14.9068
-7.24095
0.466646
-6.37773
0.557505
12.231
4.46518
7.51549
11.8371
9.91959
4.0893
10.2094
8.224
14.6006
15.8214
12.8279
6.53617
24.6752
5.59977
11.8896
11.5567
7.02068
8.9117
10.9916
3.73599
11.8718
10.7244
10.3915
17.9614
13.4142
1.86208
12.2895
11.3314
9.13103
0.949005
6.78687
8.85749
9.91129
-0.369415
-8.18221
-8.40378
-8.18701
-11.7498
-11.691
-13.6423
-0.409246
5.41107
-9.12381
-5.83525
-13.8992
-25.518
-27.1949
-7.18216
-14.5395
-18.5862
-20.0676
-11.2989
-18.3175
-15.2015
-15.2985
-13.3942
-8.79329
-15.5215
-14.3479
-31.2185
-9.7808
-24.257
-14.8621
-9.66409
-1.29289
-12.0589
-22.1096
-9.25186
-21.4085
-23.6799
-6.90924
-20.3447
-8.88431
-16.8181
-9.89232
-8.91672
-14.426
-22.1535
-22.072
-9.26829
2.05992
0.39377
-21.7822
0.745362
-3.15166
-13.9009
-11.2105
-3.17315
-13.7795
-20.643
-9.77013
-4.00342
-12.615
-18.2286
-7.55151
-14.0268
-13.2678
-15.3319
-16.8567
0.455568
-20.6746
-8.65549
-13.9116
-4.50292
5.58048
-8.69534
-0.137246
-7.80251
3.14185
0.758377
-1.43057
-1.8057
-9.72744
-14.0882
-13.3477
5.18873
-9.30588
-4.23723
-29.3992
-26.1949
-25.4546
-41.6086
-38.4716
-40.4484
-32.0355
-33.7307
-37.9697
-32.7511
-31.4925
-33.5739
-32.8343
-32.5462
-31.5852
-26.2936
-26.26
-33.4562
-18.9693
-17.2182
1.21762
-10.5682
-28.4815
-29.7583
-30.3335
-40.0043
-36.7948
-31.5019
-28.9198
-25.4108
-17.8731
-20.7613
-6.85711
-3.27704
-1.4102
-0.446098
-16.1741
-14.8402
-16.0279
-25.0672
-23.6954
-32.1263
-32.9028
-43.8459
-40.1963
-45.254
-40.8817
-51.1077
-39.8464
-35.1664
-41.4988
-36.1869
-21.0831
-35.6622
-28.9071
-33.987
-23.9927
-44.3122
-23.865
