20.4674
16.3196
19.4974
9.6208
7.61827
7.55714
1.03161
-0.0932565
12.4984
-10.792
4.81049
0.766886
16.8135
9.94129
9.19102
13.5659
15.2907
9.65081
4.88248
3.56616
5.85074
10.078
11.2923
9.93493
3.52454
-0.735416
1.03995
-0.410259
12.1921
16.1841
7.91618
8.99434
20.9113
18.5729
14.5334
9.88197
14.4271
13.6901
5.35491
3.47477
14.6878
17.5234
14.4298
-0.44437
14.7055
8.88378
9.90549
6.14408
13.2223
14.1371
10.8352
4.50052
1.18825
18.282
3.48824
0.453536
9.3606
8.48594
10.2821
9.00403
13.6716
3.18833
8.5149
6.44583
9.93613
6.77447
4.66874
1.3956
2.15141
0.410321
-3.07696
6.87151
-3.55768
0.984583
2.61377
-4.01628
-2.42805
1.41215
3.01531
-2.19375
8.5176
1.82654
9.24749
-0.257524
-3.2845
2.34212
2.1067
-0.330746
-0.385478
1.18574
1.40396
-1.66012
0.575127
2.77832
2.14208
8.23244
11.3552
7.32383
5.31949
11.4152
9.63891
3.66396
9.07573
11.7751
7.92123
8.26566
14.2152
16.6866
24.6025
20.521
14.8991
15.2043
15.9362
15.8939
9.66058
5.23649
10.186
2.01654
-9.40378
-0.64033
0.673652
3.52363
11.6829
7.28416
6.87458
14.8419
15.2917
13.0964
17.356
21.3213
21.9127
20.8027
17.0203
14.7493
17.3574
22.094
23.8892
31.8664
29.6729
28.9483
21.5765
26.9019
24.7988
18.1154
22.2365
19.5582
19.8919
22.247
14.3223
10.3663
21.9605
10.3934
13.4432
10.6782
12.2941
21.1335
-7.03424
16.0945
11.3588
15.2788
18.7656
15.6327
4.30822
12.4759
2.48901
14.3951
4.03949
6.1041
5.38379
4.10232
3.94385
17.5802
9.27237
7.2947
10.9633
3.14757
6.02432
7.97261
-0.366002
16.9475
5.54192
13.2433
6.28094
6.35252
1.25473
6.91126
2.15501
5.59237
13.1044
13.0096
3.98723
1.88524
7.55917
10.4946
10.0509
-2.30902
5.23896
13.1622
10.5678
1.00968
8.66834
4.56587
13.8838
12.6835
7.86229
18.3375
10.3545
-1.0248
-4.33673
-1.11993
-0.368998
4.91917
1.6785
1.33683
6.07586
1.42741
5.91266
2.29885
2.42739
10.6079
8.77992
6.99766
3.55729
8.73687
5.69311
-0.654848
5.70087
5.75586
8.84154
8.86848
9.8802
2.85641
8.36073
20.4629
-2.37891
5.71723
8.72478
14.661
16.7043
-2.40653
18.9794
24.0614
26.4843
6.36419
2.71265
4.42599
-2.19898
-2.67473
8.23313
-7.46349
1.03733
4.57387
12.1624
8.24654
9.27538
9.41471
13.2057
-0.519498
0.738792
9.78263
2.85546
15.1245
4.97529
10.0846
2.19511
2.85302
0.989445
3.9442
15.9189
11.3332
6.91119
11.5006
21.4117
18.1307
12.9244
11.7102
8.51622
14.0107
-5.71921
3.38466
13.6826
21.2564
15.9563
-0.579798
5.09302
7.51387
10.0411
13.0259
12.4324
15.7548
18.5083
6.33807
3.79062
7.55146
5.56461
5.43773
9.46504
12.112
12.512
15.1995
13.5586
-1.44342
5.34996
11.0899
6.77654
4.27166
5.72266
4.22551
2.49568
-1.86472
4.83404
4.09235
-0.210942
3.18709
11.7575
-1.81219
-2.81626
1.86209
4.55327
1.85793
8.67519
2.63155
7.93936
-0.0167692
-3.41271
0.259837
2.88775
-1.10452
1.32527
1.66392
5.27441
-0.242361
1.147
3.9339
4.75406
8.42504
13.6299
5.59925
6.16768
12.6699
5.89651
-1.67966
9.54926
9.1076
9.1068
16.0046
12.711
15.8029
20.4272
17.2457
12.0861
8.17176
15.8961
10.6196
8.43046
4.5075
6.66567
1.7191
-7.97858
2.75335
4.59093
6.85635
9.54671
4.47707
12.023
13.3954
9.70745
11.9046
18.2101
17.6391
18.134
18.0651
14.5387
9.74144
17.6942
22.4319
26.5647
27.7122
22.8983
26.8098
18.1472
21.4645
21.2613
18.1562
24.7147
18.1193
24.3897
20.6735
16.0236
12.9091
13.7129
6.58138
14.9609
4.54894
16.1422
14.9453
-2.30167
12.6474
6.46568
11.1476
20.1756
11.4482
2.18287
8.29966
3.04003
3.43741
4.35055
-1.59711
9.65148
3.50078
6.68204
16.9807
10.0669
8.13994
9.81052
4.40087
11.4405
13.5353
0.683734
17.8475
2.19821
9.75207
1.52701
3.32552
-1.03362
7.37084
1.55959
13.6709
20.1582
10.7531
7.42951
6.65576
7.89904
10.3393
9.54503
-8.16965
14.4167
17.6907
7.63407
-1.17044
9.03459
9.51054
12.9456
7.04093
5.06185
19.8316
10.3998
-2.72154
-0.155862
-5.40114
9.09384
12.1608
7.46506
0.965863
9.39376
7.24754
2.02959
6.34217
4.70595
4.47131
13.243
3.86195
8.45851
5.87336
3.11026
1.66001
10.7386
8.80713
2.32956
2.31327
3.10014
2.3064
8.66767
14.2013
-7.7072
14.3115
9.1154
12.4229
12.3426
6.95382
19.1617
28.0125
31.7111
8.78338
4.38082
5.10311
-4.16834
3.10813
-6.4384
-5.34163
-8.0153
11.1506
12.7776
9.43351
12.579
11.6015
11.1447
-2.88127
-1.16432
-7.11269
0.844444
19.088
12.5684
7.01228
1.25199
9.84991
5.24592
7.18281
12.997
11.4191
11.2507
20.5649
16.2989
17.1486
12.5167
13.4333
9.0723
10.5469
-8.84557
12.0696
11.2071
20.721
3.97104
8.44408
8.40189
7.41518
5.64369
15.3529
13.8204
16.0775
10.9817
14.5675
15.0275
4.59158
-1.41465
6.92193
5.24185
9.12687
11.7465
19.1308
12.0013
5.57892
3.48854
1.09232
-0.132567
1.55749
3.75402
7.34786
1.8314
0.976334
8.69292
0.447176
4.97381
-1.40406
11.5399
-0.0124962
-0.596201
2.11334
1.4251
1.46191
7.62458
6.10213
6.08863
-0.994996
1.42613
0.176008
1.37668
-1.50587
-0.551708
0.913807
1.87599
1.99976
3.2626
2.02712
5.87047
8.90436
11.9265
5.02698
8.10824
15.0084
9.75957
-1.14118
10.7923
7.04133
10.423
20.7073
18.1992
24.8851
21.9848
19.0837
13.3308
9.96048
20.8859
11.3123
5.77559
5.6872
4.84665
0.142726
-4.84504
8.47873
9.61392
13.3036
9.61046
2.67547
12.7818
11.0956
16.2303
9.5045
20.1372
16.1316
16.6237
15.7891
15.6074
8.80505
16.7541
21.0652
27.1896
27.6444
24.7854
26.4469
26.1957
25.3743
24.7385
28.3428
24.1999
20.3213
22.8044
20.2
15.6479
18.6693
5.97259
4.69121
11.0912
3.24099
20.6047
1.75438
9.44077
12.2158
10.6601
10.0495
20.8065
7.85004
3.53023
4.97539
11.1898
1.08706
6.90813
-5.26609
10.4651
-0.56934
3.43293
11.1748
13.6225
7.20397
10.906
-1.6607
6.29555
9.32975
4.47116
8.52364
2.50178
9.09669
7.34358
3.55058
-4.04699
-3.05077
-0.611522
11.0018
18.6372
3.8387
3.69976
5.56818
9.71216
8.02323
7.41174
-7.88955
15.4827
20.768
9.62957
7.73609
9.78695
7.44541
9.85325
8.24657
7.26285
15.6327
4.95745
-2.30564
7.83733
-5.78003
11.9821
15.2431
3.96583
0.449498
11.2186
12.6859
-2.94512
4.89615
1.20938
-0.565668
14.05
4.73528
11.8055
6.85313
2.85152
3.1188
12.3168
17.9302
1.25573
0.252188
3.9977
2.96824
8.25709
10.314
-9.39328
15.3929
9.30751
15.7856
6.73088
12.5133
14.5073
20.5369
21.4788
16.4571
9.10317
5.28438
-2.57334
7.93171
-10.2526
1.69417
-7.83192
12.3187
15.9111
9.93801
11.0051
18.7465
16.0845
2.0629
1.68869
0.458998
5.2171
15.5972
9.30398
8.2373
0.449164
3.77918
2.66631
10.174
15.4275
12.4554
10.6964
24.186
18.3094
16.8992
9.47897
14.0095
12.2745
8.81689
-1.91211
13.7693
9.38896
14.9187
2.4794
14.4657
2.94782
10.8261
2.93211
14.1152
12.9002
15.3659
7.79782
6.76432
21.9601
2.29761
-3.90702
8.11258
3.46674
12.3609
12.4484
19.5319
11.5839
11.3346
3.04629
10.3905
1.29441
3.18199
0.208231
5.74227
-0.370862
-6.66067
8.31315
-2.94651
2.42315
1.66774
4.70378
1.70055
3.28298
2.07596
-0.997203
1.47451
4.23166
7.37957
2.7601
0.244176
6.1735
1.40326
-0.682543
-2.53859
-3.13387
-0.127582
-1.02243
3.14966
1.204
1.298
5.02818
8.60407
5.10332
1.91872
6.97927
10.1768
5.98571
0.92473
9.73582
7.00783
7.79962
19.7611
21.3341
24.7045
23.8162
14.4746
15.7072
11.8945
27.7552
10.2436
6.13077
7.77061
4.35581
-1.44572
-1.68692
6.51291
8.71355
16.9186
10.6344
2.87586
14.3342
12.8396
13.7189
12.6484
20.1699
17.2807
14.1351
16.1635
17.4554
12.3177
19.8193
25.5372
29.8603
29.2755
25.8317
22.2468
30.6793
26.0434
27.396
24.2945
22.6379
19.5574
21.9297
15.629
14.0123
19.7994
7.91903
5.94074
9.73485
6.53358
23.662
-4.34512
12.6943
14.8304
14.2049
14.9728
23.1136
8.8653
10.6003
4.29611
20.7429
3.15095
8.84763
-3.14056
8.61261
3.47651
7.35131
7.7315
11.1308
6.76907
4.58479
-1.29209
2.09459
3.303
14.5147
7.13932
7.62158
9.86949
9.72801
-0.41057
2.17638
-1.91458
0.905655
12.7602
16.626
1.00986
-1.24108
4.69206
8.54044
6.2431
4.93058
0.851287
12.0659
16.0089
5.46512
6.98797
3.92622
9.46867
16.4136
5.7597
10.5641
10.3698
-1.51875
-4.26593
6.50087
-6.83234
8.40179
11.2408
1.97362
3.94246
6.62331
12.1325
0.721082
4.07921
4.84923
2.69745
6.51307
0.27122
11.2263
10.6897
1.69718
2.88674
8.77544
14.7874
7.33536
6.81176
6.92375
3.33221
13.8307
2.98088
-3.09691
13.0812
14.0724
15.6212
2.33305
16.7626
16.3196
19.4974
9.6208
7.61827
7.55714
1.03161
-0.0932565
12.4984
-10.792
4.81049
0.766886
16.8135
13.3553
