13.5612
12.9773
15.7669
7.41232
19.7172
27.3333
31.2938
46.1748
45.9452
35.4575
26.4952
30.1433
26.9671
30.8416
35.6278
23.7822
24.7537
23.3514
23.8051
27.5487
26.713
30.2541
30.7812
15.3255
29.3757
13.2143
6.73495
1.6696
0.136297
6.48723
5.43812
5.79263
5.16293
0.795586
4.90459
2.56863
4.92544
9.55613
8.6705
14.7994
34.7854
25.3625
27.2181
20.6517
24.5504
19.0313
28.3386
7.32738
2.22513
12.4909
6.88365
8.86337
18.7857
26.1445
27.8709
19.0472
4.6582
-0.986878
13.919
14.5328
23.0622
24.3154
40.1656
36.0803
34.6062
43.1211
36.9887
35.3009
23.3119
31.8932
31.7304
28.3696
28.1506
32.6561
21.8989
30.4627
32.2239
28.3242
21.0369
19.5119
25.6455
18.9731
23.0612
27.4645
32.656
32.4979
27.0451
34.2855
30.9642
27.5329
27.2389
30.3998
27.2637
26.2015
28.3848
18.6714
21.9834
25.2629
33.1505
24.1765
26.1585
30.3784
21.9207
22.4219
19.2614
18.7294
25.4598
15.3111
19.5387
15.8424
8.24493
0.838887
11.4715
2.85225
0.562488
-0.495792
4.64515
9.48295
11.5539
10.2836
5.48586
9.35096
15.9248
17.6338
23.5438
17.5576
15.7623
26.066
19.6722
16.0721
21.4112
24.5619
25.2456
22.9927
24.6138
18.9383
15.8819
11.1927
15.8835
18.715
8.83012
9.90348
1.62217
12.2351
0.330585
9.66263
16.8984
20.0205
2.0307
14.445
17.1371
18.2362
26.3724
29.3778
17.3818
15.9081
19.3953
21.2324
4.68548
27.0303
15.7425
16.9526
10.1783
17.1805
24.3494
18.0276
18.8251
18.4917
16.9056
3.04538
7.65586
20.8824
28.9537
12.106
14.3268
19.2107
14.7293
2.76725
4.63071
15.0048
7.56723
3.17505
14.694
5.9257
13.3258
12.5264
14.9061
13.6276
12.3262
21.9622
9.92553
23.3425
26.1503
16.5446
9.34494
16.4375
19.9904
23.7522
21.1714
27.5945
18.5525
15.0452
19.7125
16.6162
8.55582
17.0746
11.7924
10.9503
13.5859
6.19829
7.0318
14.0454
15.5101
