30.8806
22.6348
23.1217
19.9049
24.4793
22.0275
28.5163
25.3643
23.2195
20.0074
28.9622
40.7757
40.6543
38.6743
36.8941
39.3377
33.511
29.6135
24.1224
17.5845
12.2435
17.4443
21.9021
22.4263
30.4953
27.6719
21.849
20.2438
17.2171
19.5824
23.2763
17.7564
23.0391
28.7374
29.3307
34.7367
32.5252
34.7637
34.295
27.5804
26.1265
31.0663
34.5952
40.4989
44.0564
41.7683
44.2417
56.0276
50.2835
46.3279
38.0109
33.0614
28.9171
32.9104
28.194
29.3548
31.1126
27.9385
26.2907
25.7259
31.7844
31.0913
24.6343
29.9449
41.9047
43.4051
51.1353
48.7449
49.2269
46.7143
53.4682
43.6254
37.6338
30.5673
19.2407
18.0008
7.8931
5.24077
6.07962
15.5493
18.3065
17.3101
14.6496
14.0988
10.4792
8.73377
10.3963
0.0115251
-0.527972
-2.40996
1.77925
7.32729
5.50195
5.7054
-0.179865
4.96453
3.02676
3.84202
4.65309
3.84246
-0.0569488
-4.49539
-0.198203
-11.0553
21.8238
3.91709
7.01284
17.4982
4.57677
12.4641
3.84342
13.0957
22.4147
28.9961
13.9988
2.37418
6.18656
-6.61723
-3.26598
5.19817
3.79231
-0.798548
5.45155
18.0152
6.98996
7.97355
6.50897
17.5984
7.04482
12.4517
22.5979
28.6454
29.7583
21.215
18.0515
17.5559
17.9374
15.6827
19.3926
15.7219
13.6391
15.7191
12.2798
16.0567
17.2891
16.738
13.5512
15.8293
18.2476
14.3473
13.3328
13.7067
14.5597
14.3961
19.7873
17.3996
15.3521
15.832
14.4285
18.3342
15.1577
15.181
11.9017
13.085
8.67712
14.6011
18.5007
18.7433
18.404
19.1643
18.1583
19.8636
18.7104
22.822
21.5298
24.2498
21.6007
20.822
20.4015
18.815
21.3836
20.1165
20.8809
22.5505
16.9642
25.0521
15.0026
16.2904
23.2686
25.023
25.6358
22.0191
22.8602
21.3527
23.0348
27.1198
21.6654
17.1131
10.6763
11.8093
9.6603
10.4835
6.91584
10.3379
11.5098
12.5635
11.4125
10.89
7.34193
9.46959
11.8609
11.7082
7.147
14.7721
11.1567
10.7522
9.78451
9.86441
8.83538
12.2386
10.2216
9.10428
7.96122
6.35057
9.305
10.9837
11.5567
10.4217
10.6937
12.4717
11.8692
9.26921
8.49994
9.52789
14.0038
6.00313
6.95596
4.58733
14.1229
13.2142
13.2478
9.39874
8.56506
5.93183
8.54181
8.46395
7.83349
3.22892
3.73623
6.29287
8.26455
5.43508
7.95839
3.43124
6.83318
7.6715
4.41292
3.96497
5.95885
11.161
9.65675
5.85208
16.3072
27.8112
31.1618
28.2979
30.9246
27.8402
28.1455
28.9051
38.8637
28.1039
32.3024
28.1927
23.5309
22.1566
22.3497
14.5906
8.27809
6.67657
6.57816
12.4346
19.805
9.58989
4.15211
18.4276
13.816
11.2993
13.3867
7.35596
15.6579
7.47346
8.79688
8.61174
7.22494
2.1786
5.97457
5.56785
3.93032
11.349
23.9008
24.6355
35.4448
33.825
35.5307
36.6003
20.3827
15.8067
12.9338
9.86878
9.00952
4.28229
3.63319
4.00959
6.02554
12.8561
11.1995
17.1308
16.8562
15.9294
17.0058
21.1303
20.0172
17.8502
13.6414
8.08147
0.941296
-0.401944
-13.517
-4.12087
7.21427
8.09535
9.73922
16.6774
14.0031
16.8869
17.6618
18.8085
18.2639
11.5987
14.1571
8.31002
10.4005
11.3802
8.03263
5.22326
2.04618
0.13696
0.31592
-0.190489
0.336967
0.826899
8.66335
14.7237
12.4934
18.0764
10.7291
14.415
13.827
15.2413
14.1364
14.5244
30.163
26.0064
15.2864
17.7507
19.5671
19.3179
14.9274
15.7238
16.4064
17.9386
15.0893
23.1465
34.8672
32.8469
29.967
31.2141
28.0995
33.8003
29.749
24.1687
20.7013
14.5911
16.0655
21.0665
20.484
20.4408
20.7494
20.4055
16.8232
16.9567
20.0803
16.357
14.1115
21.0067
22.2302
30.0189
20.681
22.2018
19.8141
20.6024
20.2112
22.4143
25.1446
23.9038
30.3648
30.8539
29.6722
35.8777
36.2745
37.1754
39.3534
38.324
38.4193
38.7391
36.2327
37.877
30.4275
27.0917
25.5033
19.3138
21.9973
24.8521
28.4986
22.3546
28.6563
24.1297
14.3323
21.4199
34.2125
31.2677
39.7952
27.2473
14.971
13.4967
7.58446
7.80821
3.84875
3.83306
8.95945
4.83281
-3.53546
-6.56323
-7.16674
0.481175
6.62069
5.17167
11.1906
15.2429
9.76127
11.0576
12.0943
12.9406
7.42834
6.53882
11.5719
-0.777093
12.8991
8.07903
1.39614
9.20498
10.6239
5.31081
9.65258
11.0804
10.9205
2.63112
-2.19677
1.72034
1.20117
8.54591
-2.76503
3.42359
9.44171
-10.5368
0.790263
-1.04988
2.74583
-9.20233
3.85055
-1.36779
4.3558
10.6603
2.13473
-2.53066
-2.1786
-4.30316
-9.33562
2.13681
0.0574689
1.33794
1.05349
-0.276853
-5.88056
3.19562
4.73017
1.2579
7.91607
-3.56699
5.14787
12.9484
23.4495
27.6813
5.81606
3.96607
-0.91193
-1.84169
0.466946
-0.722829
-1.6641
-1.81183
-1.04387
-4.1708
3.50112
-3.97065
-9.78487
-3.93575
1.78589
3.18266
9.201
-1.55248
19.2932
24.1736
13.6779
11.5223
10.4609
8.39688
7.4709
-2.57293
-3.01191
-0.695537
-1.78335
2.13716
0.738838
4.63655
4.44494
3.20813
4.16661
3.44578
0.270812
6.62836
8.801
12.0124
11.6899
12.3028
11.1339
11.1343
9.867
10.4632
4.36351
0.69115
4.79561
4.3377
6.8428
10.7338
8.36758
13.6986
7.42131
4.10871
11.9455
8.06749
6.8975
11.6756
16.1244
15.3785
17.1565
12.306
12.9843
15.0878
16.7558
16.7217
14.0443
23.4167
17.2645
12.673
12.3451
13.0705
8.44552
24.4033
23.8257
21.4641
12.8267
24.2461
14.4194
4.11021
8.8834
14.7158
-0.320375
11.8366
5.86489
9.17868
16.6908
18.9992
20.922
21.553
18.6106
20.612
15.319
10.8477
-1.29112
2.65026
3.11086
1.63449
4.87748
3.75554
3.54234
5.51463
6.70134
3.18523
4.42491
3.04488
11.6185
9.74734
9.21738
8.57632
5.53108
6.37428
9.78178
8.76447
8.51308
7.98799
10.8959
13.0859
12.1235
2.08408
8.02743
6.50451
9.71688
8.495
9.36255
7.58144
6.85006
5.54626
6.99492
6.37489
3.31728
8.98771
8.03886
8.31194
7.34505
8.42476
7.83925
10.0045
9.85182
9.10836
2.38014
-0.591905
0.637913
5.11
9.41868
4.83197
6.02761
-0.580689
6.09122
3.84039
-0.177738
3.28299
1.63345
2.21915
4.56246
5.86155
2.60803
1.12328
-2.78957
-2.36717
0.443821
1.45432
-3.11216
0.170214
6.84728
1.6509
0.171882
-4.81102
5.12579
5.92957
8.66334
7.9131
7.4985
6.60994
1.99201
-0.132961
0.994368
5.8424
7.3568
3.6184
10.2681
9.82016
8.2182
12.8715
21.0417
24.2412
22.1142
23.7328
24.3591
26.4444
25.0535
20.1453
22.4784
23.9056
25.7463
23.1834
23.1779
31.6896
27.7967
31.5554
39.4581
36.4878
20.8878
19.8547
18.1284
18.6308
19.634
21.1438
20.7653
26.2936
18.191
15.2828
5.88845
2.04536
4.33713
-0.681217
-0.167734
8.13169
17.71
23.8289
24.1422
23.3913
21.642
18.5914
17.9058
15.2656
15.0501
10.879
13.4875
16.4048
12.9441
14.8916
13.4405
15.9564
16.2748
15.8527
5.25418
-1.62882
3.34704
4.01767
10.6178
11.2797
7.60832
9.31725
7.05419
10.2827
11.0625
13.2612
10.5652
9.86972
12.4772
12.9412
18.0803
16.5905
17.7795
18.3053
19.8258
22.3646
23.6123
20.825
20.8986
16.2673
18.308
18.0503
16.7572
17.4736
18.5394
15.7134
12.7551
16.3011
12.3627
15.127
16.0636
16.2132
19.198
18.1871
16.9146
14.3702
15.8505
12.7418
12.3649
13.4908
13.0321
15.7213
16.3754
13.3716
14.5823
15.5449
17.6262
17.694
17.665
17.4337
20.0582
18.4048
19.3261
18.6777
18.8282
17.4332
15.8935
15.3007
15.0859
11.8878
13.5652
14.2232
17.3867
18.3981
27.3596
56.9487
49.1
54.9878
46.8844
48.2534
46.3544
46.0765
47.1071
42.8697
43.6384
34.2679
31.5114
30.5999
33.9231
36.0522
40.1455
46.1485
47.262
39.9056
40.1267
38.0942
42.3387
34.7684
34.5451
34.9589
35.6381
35.4844
42.4355
36.2598
33.0139
31.7842
42.215
45.138
35.1064
40.4686
41.4705
35.3314
39.9848
41.4603
37.7016
36.1739
39.3611
38.9428
39.2986
34.1632
30.9401
35.099
31.3791
34.422
36.3721
37.6802
38.6753
33.9312
41.2161
41.4075
40.4341
42.157
39.3805
33.5833
41.0586
38.1543
40.3242
38.9034
33.112
34.6324
34.4744
35.6202
34.185
37.1877
36.7719
40.907
31.8432
33.5538
35.6868
41.8348
37.1562
39.0888
40.6053
41.11
46.9373
42.8449
38.1098
40.8651
40.302
43.0921
42.0342
43.7048
41.5092
44.2236
41.7576
45.5215
39.2278
39.5193
40.3603
35.8757
37.5796
43.6056
44.5733
38.458
37.062
39.6915
41.3332
39.9761
41.0307
35.44
33.2897
31.6819
31.6666
28.4058
23.3274
26.1226
34.9711
32.0514
31.288
37.1054
25.4965
10.9418
11.5958
11.4874
16.4275
12.367
14.4971
9.24191
10.9843
9.25453
7.87056
6.65461
3.52905
15.869
14.3716
14.1145
-3.28535
5.80081
7.13014
14.0092
10.8261
8.72302
2.81683
4.30025
3.92407
2.94904
6.79695
-1.56666
3.94593
1.9817
4.97149
6.13115
7.60116
9.89334
6.27619
11.8315
14.4431
13.6331
10.1262
9.88367
10.1085
10.7451
11.4228
12.4048
15.3846
28.6175
22.5205
21.6961
11.2845
5.35371
12.0533
15.4531
14.2865
21.1147
13.4331
11.8088
15.9326
12.7039
17.3196
17.0243
15.9619
13.7663
11.515
8.81407
18.3959
17.3999
17.7395
19.5233
21.197
24.3639
24.2449
19.9399
16.6155
21.8396
25.5239
23.1798
21.641
18.1497
19.4879
23.7663
21.8681
22.7264
19.7287
26.0409
23.2839
25.5295
26.4767
20.6939
25.8215
22.3941
26.2987
23.8002
27.0631
24.5562
28.0458
27.5228
24.3398
27.3777
22.18
27.8516
24.0078
22.0888
23.7692
24.2944
20.0125
22.073
20.8799
21.9781
25.5287
21.9987
19.6742
20.2589
19.6179
26.0288
23.8998
17.2398
24.3734
11.3281
19.0984
20.6301
20.4098
27.4312
32.9307
23.391
15.2686
23.1887
28.6815
20.4894
21.6745
15.6419
15.7755
14.0175
16.183
15.0093
24.5738
23.0326
25.5772
23.2978
30.8455
27.5928
18.5954
17.4751
19.1051
21.1623
23.9077
28.0218
32.297
28.0676
25.9986
24.8509
25.9272
31.3521
27.7511
25.7157
29.75
25.8452
30.4057
32.2839
29.3558
30.9292
31.6671
25.8827
23.9487
22.4941
24.7927
22.6529
26.3286
25.5329
21.6368
25.0361
23.9658
17.609
