-106.236
-151.691
-155.666
-156.245
-165.161
-152.376
-149.538
-162.58
-155.661
-177.763
-173.804
-172.039
-171.666
-152.282
-127.982
-121.381
-114.902
-115.698
-115.362
-127.35
-158.415
-195.354
-177.788
-166.555
-125.795
-127.578
-130.322
-135.106
-134.433
-134.485
-136.23
-135.652
-129.005
-140.661
-130.891
-135.614
-137.436
-143.417
-149.493
-165.069
-155.915
-157.91
-155.362
-150.691
-147.772
-147.448
-154.847
-161.088
-159.175
-153.985
-156.342
-158.662
-156.225
-164.256
-153.474
-160.417
-158.639
-156.366
-156.154
-161.361
-162.758
-162.319
-162.648
-163.661
-158.654
-163.029
-150.446
-159.767
-156.507
-157.409
-159.515
-160.831
-162.795
-158.342
-167.844
-164.09
-165.475
-165.5
-163.198
-164.396
-160.336
-161.917
-151.285
-165.883
-159.402
-165.208
-159.481
-164.633
-155.001
-157.622
-153.671
-149.514
-148.394
-168.603
-170.88
-163.065
-155.353
-155.671
-167.65
-164.792
-163.839
-168.231
-178.018
-164.479
-169.801
-159.162
-163.603
-162.452
-161.373
-155.765
-145.961
-162.93
-158.335
-147.859
-141.84
-152.214
-146.296
-156.559
-170.54
-159.345
-168.148
-157.945
-161.348
-163.876
-157.464
-160.837
-165.178
-161.821
-163.1
-161.713
-163.948
-160.004
-150.189
-150.621
-156.882
-144.664
-148.429
-140.63
-146.774
-158.763
-157.959
-155.808
-152.835
-152.119
-138.301
-140.016
-162.911
-163.847
-178.309
-170.388
-163.201
-148.539
-172.862
-163.649
-155.608
-145.649
-147.02
-142.225
-140.248
-144.016
-135.866
-140.271
-139.765
-138.2
-138.817
-139.041
-141.074
-137.613
-139.226
-137.097
-140.468
-151.435
-143.94
-143.113
-147.597
-153.824
-143.816
-143.765
-149.748
-132.594
-136.687
-131.742
-126.348
-116.67
-113.176
-109.599
-102.828
-103.609
-100.59
-106.572
-102.776
-103.801
-109.319
-111.188
-108.163
-113.722
-119.824
-125.509
-149.479
-132.722
-128.868
-130.854
-146.335
-131.879
-123.859
-128.417
-119.803
-112.258
-123.004
-135.215
-138.986
-134.001
-140.68
-147.084
-153.103
-153.084
-150.822
-149.587
-146.601
-153.116
-150.363
-152.661
-148.784
-147.307
-152.941
-141.248
-148.95
-144.349
-146.987
-132.127
-132.212
-131.643
-142.278
-142.815
-144.734
-139.17
-136.201
-135.062
-126.388
-110.922
-99.4144
-95.3381
-93.9528
-92.8197
-94.6664
-94.3261
-88.6831
-89.9837
-91.1656
-100.719
-97.1519
-93.3772
-107.865
-108.127
-103.434
-106.349
-110.848
-115.234
-123.043
-124.688
-115.963
-117.462
-120.826
-112.068
-112.529
-125.856
-120.02
-120.8
-116.378
-113.678
-105.388
-101.797
-94.7405
-99.8309
-94.0149
-97.4816
-100.326
-99.3516
-96.4483
-98.218
-92.0262
-101.784
-99.4605
-109.878
-108.05
-117.429
-118.454
-116.157
-108.691
-103.501
-104.695
-96.2159
-98.5914
-100.106
-103.164
-111.78
-104.25
-125.305
-124.566
-127.432
-127.265
-134.813
-130.79
-129.077
-131.212
-135.194
-128.262
-132.063
-137.149
-130.692
-128.962
-128.792
-131.114
-126.244
-124.35
-127.192
-123.748
-122.44
-122.503
-126.074
-135.308
-132.005
-130.357
-131.198
-123.241
-114.946
-104.597
-99.9361
-100.787
-99.9155
-93.2655
-97.0696
-104.048
-96.3561
-91.3642
-93.8868
-105.408
-89.5675
-101.035
-100.951
-104.124
-109.658
-116.511
-110.76
-120.663
-120.317
-103.217
-105.164
-101.204
-102.211
-103.241
-101.742
-88.9081
-88.3083
-82.3955
-76.9113
-72.0829
-72.377
-61.1925
-62.9613
-50.9291
-57.4478
-61.3513
-62.5415
-62.0997
-67.3961
-66.7571
-73.9511
-70.7042
-68.4292
-80.1304
-90.1935
-73.4034
-92.3097
-94.23
-105.556
-114.089
-120.472
-127.419
-122.408
-123.205
-73.5741
-103.683
-133.511
-131.441
-154.696
-167.008
-181.436
-202.883
-204.392
-201.482
-198.022
-203.274
-206.831
-207.779
-206.877
-207.729
-217.654
-229.664
-226.57
-230.29
-170.446
-136.969
-121.428
-130.924
-131.001
-134.939
-123.082
-146.539
-152.061
-152.232
-153.308
-157.661
-161.877
-155.723
-156.822
-152.125
-149.934
-146.223
-146.429
-149.32
-148.899
-149.817
-147.548
-152.004
-149.145
-152.038
-155.685
-158.949
-158.223
-157.154
-168.428
-162.766
-160.567
-163.301
-157.912
-156.599
-158.357
-158.379
-160.249
-158.794
-145.57
-148.34
-149.187
-142.434
-159.255
-156.407
-152.577
-151.582
-149.289
-150.665
-150.32
-151.452
-153.406
-159.856
-157.584
-153.927
-157.617
-157.302
-141.706
-140.679
-140.566
-151.048
-151.522
-155.781
-159.808
-157.1
-155.286
-155.318
-153.888
-150.358
-146.433
-151.31
-143.018
-139.744
-141.56
-126.936
-114.625
-117.37
-126.464
-114.412
-117.101
-112.609
-114.672
-126.284
-121.752
-114.983
-152.67
-160.268
-151.456
-149.141
-153.439
-140.488
-136.051
-134.045
-140.053
-140.17
-140.757
-133.193
-133.317
-133.387
-128.838
-139.011
-112.864
-108.615
-123.939
-123.067
-122.956
-127.894
-133.844
-137.918
-142.606
-144.055
-147.226
-147.003
-136.831
-138.212
-139.271
-136.925
-136.772
-136.341
-134.84
-141.773
-134.055
-141.57
-141.704
-137.496
-131.889
-140.016
-137.596
-144.533
-135.235
-135.698
-123.895
-127.434
-134.122
-128.562
-125.431
