-18.8749
-24.8942
-23.3219
-25.0782
-22.9547
-24.1137
-17.2713
-23.1328
-33.2242
-28.7235
-29.3551
-29.4985
-22.613
-19.5835
-7.53252
-11.3309
-15.6118
-8.24903
4.19569
3.55893
12.9583
9.07002
7.24563
5.73526
11.8477
14.0275
12.572
12.3886
9.22881
3.61259
-2.11541
3.86665
6.47204
-0.779107
1.68135
2.07263
4.65925
0.535761
1.81827
5.44658
4.55235
8.19776
11.5528
4.06558
5.82502
11.7565
4.98915
4.42277
2.25725
1.71759
-1.74842
-0.81855
-11.7074
-9.83356
-17.7682
-7.86649
-8.57704
-14.6465
-8.99896
-11.4311
-7.21758
-5.93064
-7.19193
-5.29929
-10.0712
-3.80128
-2.86206
-6.71936
-4.78416
2.33524
2.10843
-1.5454
1.40925
0.424722
-0.120174
-16.8485
-19.7601
-24.8213
-21.91
-15.4639
-23.8924
-22.1909
-16.1324
-21.8885
-20.7099
-21.1522
-22.0507
-25.6606
-25.5803
-23.5764
-26.7713
-28.5335
-18.2552
-17.9693
-19.6211
-18.6141
-19.6208
-18.8915
-25.841
-22.4888
-4.5907
3.31589
8.75767
5.90171
-0.273392
-26.3251
-11.9629
-10.2114
-15.7407
-22.486
-23.0981
-33.1761
-31.4468
-24.0528
-17.0068
-23.6448
-22.7982
-25.4741
-13.4129
-15.1428
-19.0424
-21.8996
-20.0516
-13.3699
-38.5847
-14.6103
-7.16142
-7.21396
5.87614
-14.535
-15.2299
3.08865
4.16409
-1.67735
-10.9713
-16.3241
-15.3071
-21.7019
-25.5488
-27.3425
-31.491
-33.4788
-29.5542
-35.355
-35.9718
-37.5384
-34.5135
-33.8715
-37.5587
-37.1119
-33.5232
-34.6317
-35.5176
-34.5823
-37.4074
-31.522
-35.1428
-31.7481
-35.7884
-31.3189
-33.0549
-33.5148
-37.8272
-35.1376
-41.3305
-37.9869
-40.4893
-35.4373
-42.846
-40.7665
-34.8998
-34.9389
-35.6701
-37.5083
-38.9616
-40.6097
-40.1675
-31.5164
-35.0132
-34.8853
-31.8323
-31.63
-29.2108
-26.6113
-31.1983
-26.4357
-28.1147
-21.2971
-28.1899
-28.1407
-27.2915
-24.5136
-26.1321
-23.601
-31.8919
-27.199
-31.7277
-32.1024
-29.6092
-26.7884
-25.3753
-23.8157
-25.2596
-28.9662
-35.1656
-37.1887
-34.637
-35.512
-36.3812
-32.3463
-32.4111
-31.3099
-32.798
-27.5295
-29.2622
-25.9125
-28.4917
-30.9629
-24.2309
-34.5608
-32.3677
-34.0434
-29.9015
-32.9015
-30.5613
-34.8986
-38.9519
-39.9763
-31.129
-26.5421
-31.183
-33.9928
-33.7578
-29.0305
-38.2025
-31.997
-27.5807
-26.017
-31.5047
-34.119
-27.7178
-25.3817
-23.6844
-33.1614
-28.5416
-32.4665
-29.5312
-35.0513
-29.9279
-33.7286
-28.911
-35.373
-31.943
-34.9984
-35.4882
-33.6774
-32.7229
-43.8524
-50.7093
-59.9323
-48.6206
-34.7259
-48.6068
-22.5361
-38.9251
-41.0079
-39.1323
-36.2894
-34.2833
-34.9668
-46.83
-43.2417
-35.5685
-28.5255
-30.9698
-42.05
-30.1104
-40.8953
-51.479
-49.9281
-45.1402
-34.1256
-32.5571
-39.7072
-38.1563
-35.3587
-38.7127
-34.7623
-42.8381
-49.0792
-51.2506
-47.0157
-55.9645
-55.2577
-54.544
-53.8317
-53.3501
-50.287
-46.3593
-36.827
-29.5619
-26.726
-26.0605
-21.4543
-26.8532
-25.7532
-25.88
-25.6036
-23.8766
-35.9334
-41.6349
-45.0999
-46.848
-42.616
-40.6736
-38.3077
-43.3347
-30.216
-21.6505
-19.851
-22.4081
-21.4834
-23.0189
-23.4025
-24.8958
-43.7896
-42.5809
-43.5318
-49.0761
-40.8271
-35.4636
-32.2434
-33.0753
-29.0951
-27.8303
-30.249
-27.5165
-26.7834
-28.2823
-37.0385
-28.1859
-29.2834
-29.8003
-34.8214
-33.5082
-36.0324
-30.8755
-35.3984
-34.2863
-40.9554
-42.5245
-44.3203
-38.7971
-38.5124
-35.2379
-7.93996
-22.1042
-25.1566
-26.8602
-26.1746
-24.8508
-24.201
-3.92772
-5.33724
-2.56294
-4.13215
-7.45698
-7.28905
-7.52396
-6.91473
-3.50465
-5.77585
-6.5553
-2.55687
-4.22586
-2.00979
1.04385
-2.46761
-2.41005
-1.52303
-1.77518
-6.19729
-7.22639
-10.4712
-4.5361
1.83954
0.32585
-1.86183
1.72983
-0.340554
-3.20276
-0.994963
1.0793
-3.93653
-3.97629
-1.11079
3.1182
-4.34478
-34.275
-31.5013
-33.9349
-33.634
-32.6285
-32.4663
-38.706
-36.2873
-43.4725
-35.4363
-27.1465
-32.7565
-25.2946
-22.6064
-25.5677
-15.45
-14.8792
-17.3631
-10.4122
-11.7527
-10.3024
-8.83824
-8.71717
-15.0876
-14.3033
-18.1569
-26.9502
-23.5942
-38.9639
-19.5128
-23.2058
-8.44138
-17.6371
-33.0021
-24.9351
2.42314
-44.2756
-10.2969
-36.0074
-53.8856
-47.8689
-47.0396
-56.8485
-64.8151
-65.7601
-42.291
-52.2068
-48.0479
-50.7453
-41.8
-56.484
-29.7888
-37.2928
-37.5373
-45.6695
-36.4259
-34.2113
-35.5284
-32.2674
-41.1343
-41.1012
-38.632
-46.6182
-44.7813
-47.8875
-39.3538
-37.3321
-53.0297
-45.0238
-45.7986
-44.0556
-51.9589
-39.1752
-33.396
-39.7598
-34.7598
-48.4141
-49.1707
-54.0209
-48.0718
-47.318
-37.8702
-37.9925
-42.08
-41.5921
-48.5134
-51.1456
-34.177
-50.3966
-52.5648
-33.9352
-43.6089
-41.7721
-33.9285
-42.2107
-40.3713
-41.4497
-40.9743
-57.0136
-40.6436
-34.6369
-35.2179
-46.4183
-33.1164
-24.3857
-36.1823
-34.1642
-32.1119
-28.8434
-36.9172
-29.9743
-37.6967
-31.2031
-33.641
-32.5066
-36.7889
-35.7827
-36.1079
-32.5345
-24.4379
-45.9013
-33.7545
-15.7771
-12.749
-30.1554
-52.4176
-50.28
-48.5208
-47.8357
-51.2612
-56.0314
-50.7231
-57.2461
-60.8821
-56.0175
-59.7522
-61.8225
-60.9245
-57.3866
-56.8468
-62.4536
-57.2613
-53.9156
-57.0358
-53.1149
-56.5135
-53.3596
-50.2772
-47.12
-43.7112
-46.5132
-42.266
-49.9163
-47.4241
-45.3245
-49.0379
-45.7726
-51.9873
-52.855
-53.4419
-62.6613
-65.6251
-55.7634
-45.9014
-50.0354
-54.4173
-54.7693
-59.8268
-57.1601
-52.7093
-54.9951
-56.1135
-60.303
-67.6513
-63.4054
-62.6444
-59.8582
-57.5796
-57.1066
-54.0828
-49.6814
-26.673
-30.3836
-47.003
-41.1937
-30.8664
-45.3198
-38.8591
-36.7865
-35.1698
-47.2519
-50.5923
-51.0686
-44.8789
-47.1569
-36.1148
-36.0883
-34.6815
-31.1273
-37.7752
-28.5847
-24.5844
-23.076
-22.781
-16.1548
-18.7713
-18.8472
-14.6216
-21.4231
-8.34369
-19.5511
-19.3609
-14.9486
-24.5196
-15.0211
-13.7875
-20.2162
-15.36
-17.4659
-18.5307
-14.8525
-15.273
-17.3201
-9.55337
-16.7942
-18.7788
-12.1876
-19.3307
-15.6364
-14.1413
-18.4054
-12.3331
-12.5902
-12.501
-10.3355
-12.4057
-12.7716
-10.1684
-10.6203
-15.0538
-11.3909
-16.0193
-14.9902
-8.54354
-12.9226
-15.8708
-9.66862
-17.3704
-16.5081
-10.4948
-17.4012
-13.2388
-16.035
-18.8637
-13.1311
-18.6281
-15.612
-11.7629
-20.0093
-19.2916
-12.2595
-19.6197
-17.9691
-13.0381
-18.1348
-20.5473
-9.86772
-17.7665
-18.1734
-12.2807
-20.237
-15.2077
-20.8702
-21.9046
-21.255
-20.3478
-24.1335
-23.8639
-21.266
-22.9554
-23.36
-19.8021
-30.8957
-24.1595
-27.4628
-27.7696
-26.5429
-30.0633
-24.6442
-25.3725
-29.3275
-25.9982
-15.6899
-19.3252
-35.8023
-32.5957
-43.6916
-40.7712
-35.898
-30.3528
-27.3614
-26.1923
-26.2176
-33.7773
-23.2424
-48.3577
-45.2014
-50.7288
-40.4909
-50.5827
-49.6978
-40.0074
-19.4738
-22.9892
-28.0963
-19.9579
-18.39
-6.37916
-12.0378
-15.3249
-24.0892
-29.0739
-27.3073
-27.2431
-22.9426
-16.3508
-14.355
-12.7237
-20.554
-16.4333
-12.5511
-11.7305
-9.19314
-9.4152
-9.64563
-10.8691
-6.58993
-12.2642
-5.44152
-4.41437
-9.13703
-6.81006
-17.2987
-8.11622
-42.1625
-42.5518
-40.0125
-42.0532
-38.7041
-32.3537
-32.5136
-34.504
-32.1459
-14.1082
-31.4175
-21.8071
-20.9249
-23.7846
-23.5695
-27.8505
-21.9073
-21.9074
-22.1307
-18.3011
-21.5642
-24.3027
-22.105
-23.4941
-22.586
-21.3966
-24.4107
-22.2951
-23.4581
-22.2431
-23.6959
-20.442
-24.1521
-19.1538
-21.7431
-20.3695
-18.5179
-19.1432
-21.9836
-21.6999
-25.2091
-28.026
-24.8696
-23.4253
-24.5376
-23.2777
-23.7147
-24.4192
-27.5989
-25.8211
-25.5258
-23.6977
-25.0131
-18.7604
-21.1983
-23.1471
-21.6521
-22.1547
-25.4092
-21.676
-22.0363
-23.1341
-19.4885
-24.3485
-25.4267
-25.9945
-26.876
-28.8897
-26.3684
-18.5871
3.61527
-33.0883
-31.1393
-18.5478
-15.3202
-24.6188
-17.9766
-22.0108
-11.3801
-11.5164
-8.72301
-1.00396
-1.17044
-3.32243
-7.93606
-7.47598
-7.63954
-5.61412
-7.94674
-4.01615
-4.86598
-6.37684
-8.25967
-10.2647
-13.3254
-15.2786
-14.2945
-9.71629
-11.9952
-11.8793
-15.4943
-10.7652
-3.08128
-14.8367
-15.58
-17.4243
-18.8696
-19.9908
-15.3962
-13.7765
-14.4245
-18.5781
-22.3355
-24.256
-16.2041
-17.113
-17.7656
-9.63725
-14.6069
-16.4984
-4.2927
-8.2745
-14.4268
-16.1071
-17.2674
-18.3787
-26.1587
-25.766
-21.9769
-23.347
-15.0958
-10.863
-12.8023
-8.2414
-6.96771
-6.92499
-5.17057
-5.80691
-11.851
-15.8528
-12.5034
-10.5784
-16.2689
-17.6159
-13.1342
-12.7916
-13.0736
-11.538
-12.6285
-19.6812
-15.1438
-17.8944
-20.7842
-20.7971
-18.4983
-14.5071
-17.8665
-15.6665
-21.0911
-20.3453
-22.6235
-20.7182
-17.577
-18.1959
-18.3396
-17.1324
-20.3651
-17.4924
-27.3024
-25.7669
-27.3547
-25.9487
-25.6937
-32.5807
-28.53
-31.2484
-31.7252
-31.0949
-29.7637
-31.9451
-29.0533
-24.6678
-21.9527
-24.8933
-20.8243
-8.59677
-13.5395
-1.50528
-9.70967
-22.6992
-45.4598
-43.6203
-34.1964
-38.9546
-35.5799
-28.0668
-25.3558
-35.9477
-42.3571
-41.6325
-36.3721
-24.6081
-24.4215
-22.1657
-21.6503
-17.3214
-12.993
-10.9995
-11.7903
-14.4233
-12.3058
-15.1247
-16.295
-23.6774
-21.1692
-25.1863
-26.5709
-21.3712
-26.2209
-25.7041
-29.8445
-23.5106
-23.5898
-18.6563
-23.7362
-23.8821
-26.3906
-26.4583
-28.0047
-33.0231
-36.3848
-50.7818
-43.0725
-57.6317
-46.9165
-48.7452
-46.2227
-37.5389
-36.2514
-47.7735
-36.4088
-38.6979
-39.7836
-36.8463
-35.2109
-37.6666
-38.3637
-39.7356
-40.2826
-45.5186
-42.0468
-45.73
-44.4347
-44.14
-40.3451
-44.6793
-42.1939
-40.2671
-46.7555
-45.821
-41.2575
-34.4095
-39.4624
-33.9719
-39.6319
-37.5673
-42.4385
-41.3426
-36.2922
-37.9268
-35.8279
-42.9042
-36.4049
-42.1346
-42.4499
-39.5618
-37.7266
-36.0598
-39.9901
-38.7758
-35.6038
-35.9369
-40.8338
-36.9916
-37.8157
-37.0934
-39.3193
-40.1203
-36.9623
-40.3835
-42.6989
-41.3132
-47.2047
-44.789
-38.7498
-41.1333
-42.2884
-45.5961
-42.9497
-36.2113
-43.5636
-32.5513
-17.8924
-44.6216
-35.786
-45.6326
-32.4992
-36.0721
-35.1261
-23.0315
-23.9175
-24.7354
-32.4819
-28.6398
-39.9422
-37.2052
-35.0964
-39.0378
-38.4164
-36.1837
-28.6329
-31.252
-25.8669
-14.1554
-19.0044
-26.6468
-33.8203
-33.9196
-36.0037
-34.5505
-29.0338
-24.7178
-19.7733
-23.5558
-24.7321
-30.9583
-19.3105
-17.1136
-24.3046
-26.0962
-24.1844
-26.5222
-23.6159
-21.8254
-15.1477
-12.7874
-18.9285
-20.2275
-26.8714
-26.4481
-25.8335
-23.1206
-22.2713
-25.5193
-24.5263
-27.2913
-23.2367
-21.6035
