112.296
103.386
110.944
104.585
110.253
109.088
110.527
107.692
118.879
109.641
112.066
110.567
117.208
107.787
107.667
104.714
108.252
117.885
112.143
107.873
101.722
106.377
115.02
117.735
113.561
118.723
115.315
116.316
109.996
106.409
114.456
118.266
113.605
111.315
113.964
107.326
118.949
117.284
120.915
119.449
124.946
116.759
119.692
122.082
121.169
115.843
115.442
120.365
120.386
117.413
110.078
116.986
113.88
117.172
119.58
113.806
113.049
111.599
110.554
108.003
115.098
116.372
119.333
116.463
114.867
105.326
107.539
102.421
112.493
113.335
116.304
111.631
112.212
118.254
111.909
115.276
117.456
117.603
113.058
115.829
124.229
122.973
120.038
120.427
121.991
122.499
125.518
122.439
128.394
123.761
121.318
128.188
126.201
128.881
130.119
127.082
127.119
126.196
123.545
125.452
123.177
121.667
123.233
126.122
123.958
123.41
125.887
128.614
127.46
127.634
127.5
128.367
124.075
127.297
127.619
126.322
130.491
131.159
130.083
131.814
130.284
128.064
130.164
128.688
129.281
124.363
124.437
126.726
125.083
116.636
115.35
105.661
109.371
111.09
116.54
116.997
114.172
114.562
108.949
108.85
106.716
111.12
112.1
108.561
105.886
101.248
109.351
107.524
108.609
110.423
112.373
105.786
93.4938
92.4633
95.8039
102.195
82.8386
93.4927
110.543
116.703
118.4
128.024
127.512
124.642
125.181
125.765
126.551
129.747
128.818
130.27
131.577
129.638
138.568
131.727
131.865
129.019
118.021
115.392
123.597
123.429
122.393
123.095
123.775
123.436
123.107
122.682
123.649
120.893
117.125
115.187
115.481
112.659
114.011
109.975
116.617
118.364
115.447
116.531
113.475
117.083
119.618
112.193
114.164
110.837
108.732
116.952
111.434
103.059
101.863
99.4617
99.2234
107.737
115.445
104.245
102.87
102.028
112.993
103.25
115.709
104.859
108.785
96.0064
103.231
107.183
106.792
104.757
108.117
108.734
111.494
116.231
110.841
104.889
105.343
105.123
98.76
113.213
130.124
122.99
128.892
127.988
125.077
124.686
126.303
124.886
129.354
133.413
136.467
136.917
135.111
135.638
130.189
131.187
131.575
131.572
128.372
126.751
130.764
127.776
128.793
130.379
126.834
125.586
130.56
130.499
125.643
125.671
128.053
124.88
128.231
125.192
125.672
122.202
121.124
117.492
119.87
121.734
119.004
114.358
108.091
103.655
100.294
101.233
103.021
103.808
106.129
104.834
97.4158
107.448
114.975
112.31
107.632
110.524
108.963
110.588
109.14
103.759
109.805
105.488
111.164
110.962
116.826
114.322
112.317
112.136
110.811
116.136
108.723
117.581
114.964
116.547
126.238
121.186
118.454
106.638
104.308
111.386
111.991
116.001
114.564
115.491
118.269
121.64
116.864
110.575
113.36
116.531
104.034
108.371
104.618
112.801
104.17
105.315
116.027
110.798
110.92
105.641
105.3
104.514
99.7942
102.464
100.837
103.57
100.819
108.091
108.086
105.883
105.09
106.536
105.679
105.278
109.163
112.877
107.864
111.832
108.933
122.384
114.486
114.299
115.575
115.478
117.563
116.208
116.461
110.537
114.528
109.043
104.25
103.588
107.821
102.487
100.192
102.538
102.807
102.586
108.573
105.169
105.701
100.894
102.874
100.018
102.679
108.201
112.151
112.322
105.041
118.4
116.526
106.227
109.194
108.558
105.668
109.903
103.287
107.301
107.581
107.468
116.467
117.304
111.363
104.008
107.079
110.407
109.22
113.694
109.012
113.467
109.625
109.708
109.09
108.193
111.651
107.06
107.072
108.982
105.548
104.193
107.149
114.988
110.751
122.729
111.728
114.743
107.641
110.839
110.068
113.79
115.13
111.179
104.932
110.851
105.72
106.74
107.099
108.155
108.811
106.082
105.896
108.288
105.647
107.717
109.251
109.683
114.271
112.882
110.609
114.852
110.194
106.453
110.044
107.83
108.35
110.281
107.491
111.464
103.36
109.283
107.773
110.456
110.833
107.383
106.533
111.68
113.273
115.891
112.237
107.678
109.483
106.994
114.323
109.072
110.825
107.838
108.539
108.683
113.643
106.806
105.707
109.867
104.617
108.439
106.915
108.076
110.624
110.983
108.623
110.116
109.644
114.664
110.193
116.068
114.905
110.526
110.628
114.571
114.339
114.577
117.81
111.892
114.823
111.683
110.947
112.532
109.424
111.774
115.365
110.278
103.299
113.078
107.908
108.041
110.277
104.62
108.269
109.798
108.408
108.328
109.853
107.29
108.225
108.179
108.105
108.511
114.456
109.674
108.372
109.32
115.892
112.902
110.068
110.354
109.08
109.319
101.214
106.665
105.936
106.675
102.142
107.547
107.12
108.57
112.029
106.523
111.182
111.49
119.133
107.435
111.629
104.803
114.974
108.132
107.308
107.778
117.486
117.693
116.2
126.097
120.604
116.56
117.748
115.321
100.083
116.467
114.187
116.279
115.678
112.227
108.779
105.516
95.155
98.9648
99.7749
93.576
102.456
105.458
112.343
126.109
118.85
118.383
125.702
121.1
110.548
116.108
110.508
108.549
109.081
106.496
109.403
107.172
106.065
104.804
106.588
103.606
107.074
101.816
110.255
109.127
116.855
112.809
112.824
112.736
114.131
116.88
116.047
121.454
122.97
120.292
123.989
98.1412
96.8534
101.975
93.0134
100.504
97.1964
108.085
103.388
103.212
110.612
94.5248
108.264
109.875
97.6784
110.127
95.8853
99.177
100.979
100.263
107.679
101.564
110.12
101.71
96.8388
105.237
103.44
100.392
90.9235
90.1057
93.6128
95.7343
99.1228
98.6286
99.0462
104.946
111.081
106.796
102.501
114.115
93.7212
101.088
103
98.0838
99.5574
103.983
89.7887
96.7409
85.4225
85.855
89.7643
89.7866
88.4716
92.9689
87.3153
84.8472
81.3861
84.7947
84.329
88.8044
87.2898
85.163
81.5255
81.368
84.6182
87.7721
89.7532
87.0151
88.8371
86.1776
85.7164
85.0898
86.7179
83.4956
85.8354
79.5697
81.2081
82.6399
78.9423
81.8433
84.1275
80.1178
84.0659
84.0561
86.7199
87.0669
89.5631
90.1083
89.2117
92.7051
88.0589
88.3142
88.6984
85.5029
87.431
87.3198
93.722
88.1046
89.0759
90.9967
89.056
89.567
87.4136
88.8548
83.3342
88.731
79.2848
84.3849
88.8764
84.8327
92.0161
91.371
95.252
91.6632
94.6012
92.5657
96.6165
91.8423
95.6455
90.9208
94.0827
90.0061
85.098
92.3688
90.3063
86.4943
92.7599
87.3938
87.6504
88.1642
92.5149
94.1345
95.2134
96.6919
91.4309
93.0487
91.1334
87.8368
91.6344
89.6188
89.3802
86.4209
95.1903
92.9671
92.8491
92.5586
87.7953
90.0565
104.975
109.044
114.946
112.057
107.25
110.203
108.594
105.084
107.804
105.874
106.56
103.901
103.64
103.5
103.138
106.821
102.555
104.324
108.881
114.541
110.402
114.053
119.535
118.078
109.474
113.964
120.399
111.537
100.625
101.449
107.704
101.118
100.196
103.88
102.376
99.3182
88.8639
97.2472
98.6433
102.702
101.09
99.947
109.313
104.603
107.899
106.956
107.86
110.833
118.643
121.183
121.782
116.448
115.556
108.643
113.604
123.979
115.767
121.054
128.142
129.06
119.439
115.2
119.224
122.502
123.286
121.344
117.861
117.162
114.985
122.294
123.154
118.022
119.976
115.142
110.183
110
115.856
120.001
116.67
122.315
121.541
118.788
121.255
122.492
112.586
119.443
120.702
120.544
116.148
117.37
120.777
121.83
123.899
125.469
126.436
118.856
121.399
120.102
122.714
115.716
113.046
117.668
121.364
114.112
118.611
121.007
122.285
123.53
123.322
123.461
125
122.047
124.343
127.832
124.744
121.068
121.212
113.016
119.717
116.15
114.609
117.817
128.726
118.957
115.173
113.908
115.23
116.022
108.87
104.235
107.095
115.673
120.575
124.273
114.217
111.094
112.062
106.144
104.522
104.062
107.743
105.08
110.931
109.178
110.483
109.229
105.721
105.372
109.57
107.995
111.318
111.238
115.278
112.323
118.38
114.501
108.909
109.169
108.356
98.4604
97.7426
98.1758
102.44
107.998
106.448
113.072
117.906
114.837
116.229
121.197
111.646
111.263
109.842
100.169
106.732
100.564
96.3115
92.1663
91.4596
100.58
104.194
104.155
118.075
114.757
112.583
119.431
118.407
112.864
112.443
114.892
112.493
109.125
108.776
96.5174
99.8048
95.6611
99.411
98.3698
102.427
112.723
110.019
113.116
119.766
113.385
114.896
113.555
109.555
106.747
112.642
112.495
110.919
100.589
102.232
105.681
111.733
112.381
112.274
115.549
113.856
