-101.122
-138.09
-145.271
-140.884
-141.786
-141.448
-137.64
-144.342
-136.956
-134.675
-148.215
-147.589
-136.109
-138.693
-148.019
-151.508
-147.653
-149.946
-156.54
-146.1
-155.157
-159.209
-153.486
-154.192
-150.703
-150.491
-159.727
-148.141
-148.57
-155.719
-161.133
-154.002
-150.605
-147.438
-144.544
-131.759
-136.896
-134.467
-146.436
-137.342
-147.503
-153
-147.771
-139.256
-147.421
-149.856
-138.146
-154.896
-137.803
-145.956
-137.75
-149.584
-144.84
-141.831
-145.341
-132.769
-140.87
-144.47
-144.35
-143.839
-138.817
-143.524
-142.362
-143.602
-145.265
-136.393
-137.122
-146.003
-145.08
-150.804
-91.8724
-92.8381
-107.146
-119.565
-123.896
-116.444
-118.816
-122.171
-125.527
-133.961
-134.348
-139
-140.219
-140.27
-137.676
-137.08
-136.747
-138.15
-133.723
-129.345
-125.832
-123.381
-127.111
-127.643
-128.879
-133.237
-131.779
-134.335
-142.926
-139.974
-139.349
-134.244
-139.576
-136.866
-134.726
-138.632
-135.045
-139.259
-141.206
-140.907
-137.086
-133.631
-142.822
-137.587
-137.451
-137.763
-132.527
-128.766
-130.793
-128.86
-131.17
-132.229
-132.959
-136.799
-136.203
-142.651
-142.258
-138.95
-136.304
-125.735
-111.17
-86.7504
-96.8979
-105.317
-95.2372
-96.8392
-98.9413
-99.061
-103.674
-95.6219
-94.7036
-99.4493
-97.254
-101.604
-97.806
-102.053
-102.491
-108.978
-109.106
-108.007
-107.011
-94.3406
-83.6243
-55.7922
-45.4808
-45.8218
-43.247
-45.9439
-68.8653
-98.2543
-100.215
-110.792
-118.973
-116.251
-116.941
-108.241
-114.25
-115.451
-114.189
-117.192
-126.069
-133.498
-133.13
-135.119
-127.391
-124.547
-123.089
-132.257
-126.937
-123.451
-122.83
-126.141
-131.501
-126.722
-133.94
-134.118
-131.447
-126.899
-132.057
-133.91
-129.096
-125.891
-126.237
-129.712
-131.435
-131.696
-137.374
-137.656
-137.246
-139.812
-138.043
-137.459
-132.596
-133.901
-134.411
-135.556
-126.65
-129.298
-122.324
-121.061
-124.953
-125.08
-69.5173
-42.9742
-47.3595
-56.647
-42.2323
-50.5039
-51.8088
-68.4188
-74.9154
-78.0785
-69.5356
-61.3353
-65.5717
-66.2381
-76.538
-71.7315
-75.6706
-66.5027
-63.4469
-65.5548
-62.5337
-76.6007
-86.2777
-78.0547
-84.6122
-84.0191
-85.204
-75.4484
-82.2431
-86.8064
-86.1894
-87.2678
-84.657
-92.6404
-99.2958
-105.748
-95.9689
-95.1385
-90.4392
-89.3062
-89.1937
-93.5544
-96.5191
-96.0279
-95.7076
-95.2827
-94.676
-93.9528
-90.882
-95.3475
-96.9829
-95.255
-97.921
-103.502
-95.2889
-80.8672
-83.0276
-80.7083
-81.4779
-77.4385
-80.8375
-75.7186
-86.081
-87.1566
-88.8108
-96.7885
-83.17
-50.6397
-49.7978
-58.5653
-56.7299
-54.2502
-68.1103
-86.5754
-115.302
-123.886
-129.219
-126.436
-124.048
-126.012
-124.543
-124.119
-123.575
-117.818
-121.003
-114.374
-110.225
-105.446
-104.626
-114.109
-111.844
-104.69
-107.505
-104.424
-116.733
-107.032
-116.556
-108.793
-125.531
-114.047
-96.4149
-92.9172
-83.373
-83.7079
-86.1948
-93.9758
-89.783
-89.9622
-86.4396
-83.713
-86.648
-52.3625
-67.4794
-71.9329
-71.8531
-68.9299
-58.0055
-50.3192
-51.707
-64.1269
-113.841
-119.4
-133.579
-137.263
-137.546
-138.694
-142.626
-148.83
-144.516
-143.517
-143.05
-144.762
-135.838
-136.788
-133.086
-130.382
-126.701
-124.947
-129.503
-124.364
-118.088
-127.874
-130.692
-119.033
-120.101
-115.741
-115.844
-121.658
-121.941
-128.217
-129.718
-114.881
-80.3873
-88.5479
-75.7978
-110.839
-129.258
-124.475
-117.66
-124.905
-119.786
-122.877
-119.692
-114.999
-109.489
-103.696
-106.804
-111.619
-105.441
-76.1027
-95.992
-134.413
-133.781
-133.021
-114.976
-114.262
-117.161
-112.735
-122.987
-123.207
-113.756
-125.16
-111.904
-111.895
-107.254
-136.611
-123.701
-125.985
-125.167
-130.652
-102.437
-136.076
-124.33
-122.074
-145.187
-108.945
-122.649
-130.633
-128.843
-128.489
-128.98
-135.747
-129.334
-126.279
-131.733
-123.671
-123.898
-128.244
-138.925
-135.089
-122.014
-132.13
-126.764
-136.067
-133.258
-130.531
-136.997
-125.596
-109.779
-143.424
-132.926
-132.963
-130.153
-137.749
-130.196
-128.402
-128.165
-131.438
-118.25
-117.613
-121.344
-120.971
-126.874
-126.006
-131.086
-121.792
-123.712
-146.15
-141.42
-156.476
-137.485
-135.71
-141.482
-136.663
-147.474
-138.437
-142.57
-128.628
-132.974
-140.991
-139.588
-134.797
-143.712
-142.757
-134.46
-137.929
-141.363
-134.666
-133.964
-135.678
-133.262
-129.59
-130.649
-123.786
-138.146
-129.506
-142.901
-124.223
-127.04
-126.004
-132.493
-129.988
-132.664
-136.802
-135.917
-134.659
-141.457
-141.975
-138.611
-132.599
-122.241
-129.485
-137.203
-128.084
-118.002
-133.029
-128.856
-141.738
-155.39
-133.864
-121.161
-143.527
-132.945
-122.609
-131.145
-126.492
-133.778
-132.437
-153.544
-154.887
-142.079
-129.518
-108.361
-130.057
-123.536
-123.577
-132.128
-127.013
-128.141
-134.126
-131.385
-132.56
-139.225
-130.241
-131.857
-126.242
-123.876
-130.171
-130.349
-133.135
-140.597
-146.521
-143.675
-138.102
-148.913
-153.998
-152.973
-143.371
-140.142
-128.197
-84.2924
-108.471
-96.5957
-103.013
-98.7793
-94.8591
-99.9982
-97.4682
-110.227
-103.041
-109.578
-60.5693
-55.8105
-53.446
-60.2986
-73.5585
-54.6077
-68.1811
-106.407
-74.7987
-95.2603
-82.0729
-84.031
-82.5839
-79.1449
-69.1238
-75.1211
-72.6725
-72.0282
-79.6612
-61.0047
-65.0291
-99.6244
-106.466
-99.822
-105.995
-114.532
-117.607
-127.492
-122.142
-124.721
-125.878
-127.061
-122.77
-128.819
-136.483
-137.616
-132.604
-135.239
-125.771
-122.323
-125.92
-114.136
-114.653
-125.476
-122.51
-126.992
-126.223
-120.216
-114.002
-119.117
-121.427
-120.457
-112.843
-110.027
-111.921
-132.417
-136.786
-142.327
-144.679
-128.789
-129.767
-126.569
-117.612
-112.633
-124.118
-120.297
-124.701
-113.389
-109.553
-111.329
-120.315
-129.547
-105.793
-97.9235
-101.195
-98.7632
-91.204
-91.1968
-103.893
-91.9657
-88.0731
-91.1405
-95.5992
-104.271
-110.995
-117.914
-116.034
-108.596
-110.104
-91.0123
-84.0926
-84.4506
-73.1205
-87.035
-43.8238
-46.2247
-47.3254
-64.6848
-65.9548
-62.5273
-60.6214
-59.594
-59.1276
-58.1098
-61.378
-62.9351
-63.1466
-71.5636
-77.7734
-81.2966
-84.9354
-83.8183
-86.869
-90.1582
-86.2715
-78.9983
-80.7062
-85.5517
-85.6699
-83.2994
-83.3936
-87.5879
-81.0181
-80.4464
-81.6175
-85.7399
-85.9828
-86.5988
-85.1317
-85.2849
-88.5858
-86.5156
-82.8517
-81.0543
-78.9886
-81.9434
-81.2293
-80.9958
-78.9271
-81.9515
-82.7781
-81.4164
-81.2091
-75.0848
-78.8481
-78.0357
-75.5689
-73.929
-78.4249
-79.2544
-80.1092
-85.0783
-82.3199
-83.3726
-81.988
-82.4125
-83.3158
-79.18
-86.5667
-78.221
-80.1572
-84.4463
-80.9135
-87.2827
-84.3294
-85.0262
-80.6718
-88.6754
-84.3516
-83.9964
-86.2067
-82.0553
-81.8656
-84.3585
-79.5751
-77.6566
-76.8572
-77.6884
-80.747
-80.1031
-77.5856
-81.4081
-83.6605
-83.6533
-81.67
-82.6482
-83.894
-80.8481
-81.551
-80.6899
-78.57
-88.1723
-83.8537
-83.1205
-81.0907
-85.8768
-85.1416
-94.3147
-91.3134
-93.3886
-94.458
-78.0266
-79.2845
-74.6236
-76.5063
-88.1262
-81.6521
-83.6179
-88.1867
-87.9556
-88.2853
-89.1831
-90.8311
-86.0118
-90.2658
-90.9548
-104.002
-98.0106
-102.553
-103.335
-94.1387
-76.1274
-56.3801
-51.0086
-61.2225
-68.3695
-69.2837
-64.5769
-77.6492
-109.782
-106.21
-111.488
-106.065
-94.7171
-102.958
-106.278
-103.594
-106.774
-106.547
-115.08
-110.491
-117.246
-105.67
-111.501
-107.097
-108.965
-106.076
-106.338
-106.097
-101.622
-110.699
-112.854
-108.823
-96.0653
-103.314
-89.1677
-102.543
-96.6992
-102.099
-107.779
-90.9648
-95.2612
-95.0518
-84.8717
-88.0803
-85.9172
-85.6091
-94.2077
-91.0482
-103.139
-105.598
-111.552
-108.35
-110.147
-104.433
-109.806
-118.131
-110.086
-105.255
-111.108
-112.903
-111.702
-111.15
-108.905
-117.012
-103.452
-106.02
-93.1132
-93.001
-102.285
-103.302
-111.161
-111.122
-105.12
-108.141
-100.561
-107.619
-85.8986
-88.8517
-88.5205
-97.352
-82.6877
-90.9576
-98.5375
-100.481
-99.7952
-99.0999
-114.792
-111.748
-117.086
-113.206
-110.433
-107.784
-104.62
-86.479
-87.7987
-79.3752
-83.1117
-98.7395
-81.0632
-80.7255
-95.7002
-110.312
-105.433
-107.848
-108.093
-106.481
-102.893
-107.875
-100.908
-113.576
-103.757
-101.137
-96.0993
-98.8023
-88.895
-82.1025
-96.3477
-87.1565
-91.9352
-88.8078
-92.3098
-86.2754
-89.8483
-91.2866
-102.2
-99.3875
-94.1698
-93.8781
-102.245
-102.355
-103.496
-97.8169
-90.4517
-89.742
-100.619
-97.6423
-87.6538
-87.3943
-89.581
-85.9398
-85.1413
-79.8499
-86.8253
-93.4466
-90.9832
-91.0164
-91.745
-78.7252
-87.3087
-80.7162
-85.5032
-92.6773
-96.3025
-101.305
-100.768
-99.0102
-94.2512
-98.4412
-98.3423
-102.638
-100.621
-93.6907
-87.2075
-101.018
-100.489
-85.8471
-84.2576
-73.7903
-82.6787
-94.2142
-90.4018
-92.7057
-94.743
-92.0789
-101.316
-93.9975
-99.8328
-96.7277
-86.481
-90.1419
-92.8217
-95.2596
-105.454
-111.568
-89.6894
-89.5533
-94.7156
-95.7097
-94.7874
-94.8994
-89.6079
-90.9656
-92.7785
-92.8261
-85.9924
-88.2757
-94.7967
-93.8436
-86.4505
