3.4035
14.5079
25.9118
22.836
15.0458
2.33388
7.42614
8.02675
2.692
4.11634
17.4269
16.7571
19.7365
12.025
15.6479
17.4428
12.3696
14.3605
12.7901
16.78
16.0167
31.9606
29.0893
28.2401
5.3508
8.73229
4.86368
1.14148
6.50109
4.00193
-2.61488
2.3236
2.35961
-0.725237
-5.60183
-6.88067
-3.65085
6.86498
2.75948
3.20496
-11.756
-16.5986
-7.98128
-13.0517
-4.24798
-1.04391
-2.35865
-2.04949
-8.49088
-8.18857
-3.55522
-6.10256
-4.36784
-10.2345
-7.16342
-4.27652
-4.57226
5.49322
-5.50435
-7.21312
-2.90884
-0.942416
-7.75199
-8.24382
-5.29198
-5.25669
-5.42956
-4.47932
-0.925822
-8.66091
-2.39891
-3.97395
4.86454
-5.23967
-9.92891
-2.96341
-6.81507
-8.4163
-15.2757
-10.2361
-10.0413
-6.9541
-14.7922
-1.48929
-1.10267
0.689822
-6.88915
-11.7693
-15.5185
-7.76301
-2.3475
0.0356664
4.1779
-2.5169
5.16875
-7.39636
-2.08356
-3.22091
-6.06951
-10.4081
-5.32942
-8.90476
-0.483624
-4.55915
-3.68424
-0.650687
-1.99797
-11.4174
-6.08122
-5.17815
-3.34855
-2.37258
1.491
-6.74824
-7.48444
-3.67001
-8.47683
-5.81389
-4.92366
1.81959
-1.19093
-4.48755
-7.23428
-8.77946
-13.7854
-10.9642
-6.6524
-0.75299
-9.81871
1.69179
2.92028
6.7551
11.6153
8.21881
9.12287
1.94302
7.70729
7.26982
3.6049
4.08064
7.47955
2.58195
4.78095
-4.24585
-9.69571
-1.34278
11.8512
-6.12449
-18.5622
-21.4139
-13.9041
-13.8491
-9.82205
1.40159
3.63009
13.536
14.7753
18.0388
14.8994
12.4433
14.6526
15.4165
15.6057
14.4812
11.2187
11.5581
9.63044
8.09086
15.4582
13.9869
15.6875
20.9827
15.2727
9.42324
8.71252
5.84756
2.65908
6.59826
1.24356
5.41715
1.37802
10.2481
4.77872
5.91494
4.18848
3.6771
4.17747
5.02209
4.13824
9.30288
-0.522078
1.18611
4.62494
6.70708
6.02924
6.61334
11.1362
20.6824
21.4083
17.2948
7.62223
10.834
15.7464
7.63986
6.66695
7.4871
9.07016
15.0954
12.5906
16.2593
12.5486
7.45258
3.04437
9.05466
9.15669
5.56277
1.25279
4.89552
14.2815
13.3652
18.1806
12.9942
9.44158
15.8358
16.2367
16.353
16.2949
20.7829
16.515
26.9821
30.8068
20.5157
10.5732
3.13317
-2.59948
8.63881
2.37582
3.62869
4.60694
7.25182
18.6705
15.5162
14.1301
17.2834
19.3024
20.9784
18.7273
16.2729
9.29691
15.222
12.4643
12.3433
17.0019
19.3425
15.1597
13.8628
18.1192
15.0723
14.1289
8.77844
7.43655
10.5572
7.90404
5.99419
0.894369
-7.73514
-0.903058
5.22248
-3.85934
0.0497819
-5.3269
-6.78417
-7.20302
-14.7619
-4.19309
1.47479
-3.93801
-1.24429
0.0334229
3.52679
-1.99899
-5.04072
-5.41894
-1.85617
9.2351
3.93355
16.2828
2.47886
9.96912
3.012
12.9729
14.8747
14.0416
17.5187
5.46048
20.1765
33.6796
22.346
24.659
18.1401
20.0867
20.2089
22.7877
15.4552
19.603
12.5414
17.4737
13.243
5.85184
12.8442
8.46732
14.9214
6.60757
10.0404
16.9558
16.6881
15.7723
4.02456
-1.51637
-14.0543
-17.0803
-19.4574
-13.4637
-11.8072
-8.90714
-3.46125
-4.70546
1.08141
11.4938
16.5543
9.83119
9.62905
6.89001
7.47725
9.43496
8.96406
-2.52883
10.3702
7.8148
1.37162
4.49404
-4.42946
5.38134
6.02888
2.34871
2.46563
2.53518
-4.41963
-5.41691
1.04377
-0.251437
-2.69406
-12.1085
-5.91566
-15.1052
-13.3452
-16.3794
-12.2339
-19.666
-12.6648
-14.736
-10.9387
-10.518
-13.6308
-14.4027
-13.9567
-9.62014
-6.76143
-3.45965
-14.2093
0.516288
10.9028
-3.62248
2.21034
-1.44276
-1.2804
-10.9147
-1.1525
-2.43812
-2.6408
-4.91311
3.94587
11.8336
19.5319
14.1338
14.2421
14.3882
7.43727
12.1444
7.8824
6.02776
10.9616
9.9112
10.0616
6.77328
-0.128637
0.414883
-4.78578
-2.38928
-2.87586
-5.16898
4.31961
11.1662
14.8507
10.6773
11.4426
15.2016
4.53489
10.4308
12.8151
7.42497
6.04595
-0.269361
13.485
5.86231
6.15282
10.3487
5.63647
13.3532
9.67849
9.33344
7.28008
2.51106
3.00726
7.96537
2.99833
0.737492
6.92831
10.044
9.56628
5.1583
4.70746
7.79018
9.23709
9.02187
7.71753
7.64152
10.8144
6.90272
9.5223
4.50755
9.81036
11.0602
5.9922
5.08054
5.3175
6.74275
8.49148
5.19524
4.00932
3.16591
1.49156
3.40226
4.32696
2.90566
2.98413
5.77565
9.35046
8.24129
2.15568
3.43757
3.88061
4.61047
0.245393
-4.32874
-5.82067
1.94226
-4.18245
1.13969
-4.958
-1.13398
0.0190709
-2.67083
5.05709
5.81914
5.64552
-3.71416
-5.98569
-2.81893
-8.94091
-11.0667
0.340237
-6.55433
-10.2315
-8.25755
-7.8007
-12.6233
10.0569
-4.75593
-10.6634
-1.36152
5.06794
9.85654
6.70674
12.6395
8.91852
10.5219
8.79609
6.83908
7.4571
5.40243
4.94907
8.53841
-5.55214
-1.98244
0.187635
-5.01507
-6.37585
-1.18508
-2.78899
-6.63304
-1.82792
0.844056
3.20873
5.04005
2.26586
3.05213
4.19061
5.29622
8.8778
9.01107
10.9781
6.26825
9.66371
10.5966
12.3622
9.66358
12.5915
13.4936
14.9312
12.8509
14.9502
16.528
16.5834
14.8379
15.6725
14.7407
15.4852
