8.27802
14.7902
17.1423
8.50602
9.39021
8.21834
-4.04529
11.8174
3.07537
3.93743
-6.87994
-4.27615
-10.1193
15.9464
15.0697
32.6644
29.4205
18.5435
30.0273
8.83943
3.21481
-4.91326
-2.4954
6.055
13.0807
9.99034
8.23174
8.91757
15.0209
10.1834
20.227
9.13812
-7.88084
1.66282
-1.55195
13.3008
24.7793
37.6413
35.0259
27.2081
29.2655
34.2017
28.3866
39.5795
31.8777
35.364
43.2512
34.9292
38.016
35.0371
31.804
36.7408
38.5339
33.9653
28.5339
33.8858
29.9721
24.1089
29.9176
30.5442
28.6806
35.254
34.6973
32.4101
29.1128
29.9627
32.6155
34.4134
38.4951
29.2863
25.4071
33.0159
25.5471
34.843
50.6897
56.0946
60.0546
51.9976
43.2232
42.6874
35.8368
34.0281
28.5145
15.1131
9.1842
6.24956
-2.11817
6.95361
-10.3375
6.85652
0.449888
-2.63342
-10.0882
15.597
26.0834
30.5065
28.1117
26.0759
17.7688
22.7253
20.2931
21.1477
18.3102
25.0635
22.5846
24.2065
19.5778
23.3951
21.6439
17.6567
17.9602
13.0347
9.50127
9.40437
15.5388
18.678
16.3437
12.4968
9.74795
12.1514
12.852
12.2474
16.9306
13.6374
13.42
17.7444
13.6766
15.7532
18.2377
32.7504
33.787
-2.72215
-0.899077
-2.6974
-4.71746
3.21943
4.74305
7.25254
14.2058
6.86938
1.08154
-0.736133
10.4777
4.42096
11.3534
10.4566
4.36
4.69724
2.84563
9.32063
7.9111
2.89614
5.15429
30.4605
35.9864
31.421
24.2062
39.4805
27.9432
28.8718
22.2409
36.7437
26.3226
24.7802
23.7254
34.2148
30.5247
30.5404
25.0957
29.4671
35.9621
32.2197
27.1107
24.6506
30.9848
30.2313
25.4632
26.8241
25.7289
25.8333
27.9613
21.1004
21.296
22.0382
24.4402
19.0204
31.533
17.9783
16.9283
23.7518
24.3672
23.8703
30.2129
29.5911
24.4868
25.2489
22.8023
21.8213
24.8351
29.9333
29.5027
17.4629
25.5119
15.9631
19.2046
21.3665
14.6293
14.9912
6.81525
10.7912
13.094
12.4539
8.74367
7.74488
17.8364
22.9658
18.4277
21.5502
22.2062
11.8253
19.6549
16.2717
18.5538
20.3868
15.8145
19.2778
16.6156
24.2704
21.8663
22.3888
28.3122
25.9698
33.0629
24.8929
15.4339
42.0752
36.5396
30.6975
28.9113
29.9525
38.2757
34.0693
34.2497
34.5558
23.1077
29.1039
23.9443
30.624
30.6077
30.4375
31.2794
20.542
14.0358
20.6328
16.2152
11.3606
8.23475
17.9532
9.44111
13.48
10.5446
7.95882
14.6362
2.15414
6.59225
-2.67318
3.30573
17.4331
19.291
12.0927
7.34622
24.1163
26.5546
20.4767
25.7614
28.8452
31.892
22.1066
21.0348
25.3672
25.2615
22.1234
16.1504
17.6401
10.3329
9.64332
11.2838
18.5492
16.0029
15.3328
14.9758
19.5267
17.5169
15.201
23.2993
24.4377
26.6683
19.4223
24.049
26.3613
25.1462
27.0271
27.0207
23.9949
29.7211
20.5487
17.7374
24.0233
22.21
20.9156
24.3362
24.9407
24.3963
23.7434
18.2356
21.9063
23.559
27.8833
22.7986
31.0571
30.2994
29.5623
29.6158
27.4435
27.3685
26.4063
28.5516
28.64
29.378
34.1005
26.6631
23.1153
24.1848
19.5937
19.1212
25.1217
33.8969
23.3788
23.515
22.6977
21.4753
24.8841
23.845
32.9438
25.1811
34.3779
19.4585
16.7846
21.6891
24.8492
20.3544
22.8456
24.2273
20.104
26.7845
25.3465
22.8762
7.57971
19.4099
21.0928
13.8875
13.9138
17.662
15.5078
1.42589
3.63462
7.98581
15.8925
13.091
4.69851
12.3935
12.7319
-1.92976
9.46513
9.21265
0.626192
2.36131
11.3587
3.75983
5.90669
-2.12669
8.24192
14.432
-11.3574
3.06726
9.14718
5.52258
3.73735
10.986
16.4537
14.9013
16.8957
13.5355
8.69467
13.0974
20.4809
20.6529
22.1228
25.887
17.1985
26.2213
21.9826
26.5547
18.9969
29.0972
29.0881
25.2982
29.2666
27.0904
31.4186
26.195
25.241
20.8562
15.702
22.7432
17.2362
13.6756
1.87099
-0.805531
3.1714
-4.99734
7.85877
-2.65926
0.82465
-2.72278
8.49739
17.1658
17.2908
14.2593
-1.92675
-2.31554
-5.56607
-0.16864
4.33829
7.23606
9.60101
2.68319
4.55952
6.87295
11.9199
22.8985
21.4019
9.10778
10.47
3.43339
8.70378
9.29854
0.439359
13.5363
23.1459
29.0304
16.1226
14.5237
6.86041
13.3909
18.787
14.6931
16.6797
15.9062
14.2223
16.7489
19.6628
14.2375
19.9357
10.3088
12.5816
15.6231
8.88881
13.4118
5.72659
-0.0596678
2.27843
7.16892
1.38818
1.58629
-0.0495874
5.71516
11.4389
18.34
22.6007
27.4
26.5422
28.0879
23.9565
30.0067
23.2133
14.9637
20.3673
