22.18
22.1946
21.8958
12.2221
25.549
30.9735
14.8642
15.1162
29.1162
23.1432
23.9588
21.8322
16.9111
17.4365
20.8742
18.8984
13.4156
23.5159
21.232
18.8383
13.3081
12.9315
9.69024
12.5169
14.6556
7.57551
17.773
17.7745
12.2225
12.0104
21.7955
14.9074
23.8833
23.52
16.7478
17.5759
18.2484
13.3192
11.1967
26.1539
17.7338
17.6841
16.0645
11.8532
10.9156
12.0527
4.10142
11.2418
11.4948
15.1854
23.2816
16.9733
8.64353
12.472
23.0914
11.0293
23.6129
16.6215
18.0438
5.82856
8.6651
-0.227011
12.3412
5.21674
21.0229
-2.91062
3.41295
2.10477
-5.9895
-23.0971
6.47628
25.503
-1.34097
-9.09534
-12.7441
-5.4682
4.33246
6.28531
-0.08874
2.48727
2.65607
1.99843
6.80411
10.3613
5.95349
5.06396
3.86232
1.70879
7.09366
5.51364
4.79122
13.3341
10.8088
9.65326
7.13102
6.8663
11.1007
11.6915
5.99179
7.72218
10.2215
10.7898
11.6007
16.8288
17.8017
12.8512
14.4671
14.3643
15.0289
14.0609
11.8982
16.2764
2.44523
9.81137
7.13261
4.83289
6.54828
6.38502
6.27082
9.90749
11.13
8.81898
14.7307
17.3548
21.5324
20.3667
21.9371
26.5063
25.6305
20.8081
16.2944
18.9822
20.3427
4.49078
9.15551
3.78863
1.82824
8.15217
-0.185546
7.55584
3.79867
4.59718
5.35089
-0.422334
2.30729
4.05439
4.21234
6.31266
4.35
4.83316
-2.09266
-5.82373
0.562876
6.12417
9.03176
20.2819
17.616
16.6666
10.2534
1.46289
-5.91081
-8.53802
-8.48841
-12.8247
-18.4581
-12.3489
-13.5642
-6.50632
-9.27707
-15.2563
-17.7583
-24.3675
-23.4258
-30.8247
-26.4798
-26.713
-28.8023
-32.2602
-36.7738
-33.7034
-32.7223
-34.4192
-30.2606
-28.1156
-25.0009
-28.8743
-26.8126
-28.9764
-34.1622
-34.2428
-32.4347
-31.256
-33.0718
-33.0298
-26.5374
-24.7766
-26.2213
-22.6328
-24.4586
-23.8766
-25.6533
-29.3231
-28.8461
-33.2232
-29.1452
-33.6156
-31.9804
-28.5774
-31.5504
-30.173
-29.6739
-36.4082
7.25074
14.696
6.06429
3.17516
4.51669
6.24545
18.4858
28.7544
26.7784
15.8586
19.2897
19.2195
16.7055
12.2888
9.49474
8.19
4.28699
0.32388
-3.57091
-4.43021
0.124457
0.523835
-1.31824
20.5293
29.0309
25.3411
29.8442
24.0682
30.9464
29.9752
25.2191
20.5338
19.8258
29.1655
31.1984
28.0149
29.4301
27.7537
25.2591
26.7272
26.2724
22.2264
18.3418
17.2818
21.5541
19.3947
22.2739
20.0683
18.1837
22.0937
20.7399
22.033
17.2189
10.9103
11.1814
12.4508
15.7745
13.2621
20.7035
17.5076
20.0653
15.0447
12.8
8.83335
15.2453
11.8776
18.5237
0.483576
11.1184
-5.65543
3.38648
1.47324
-15.1582
-1.89111
5.90789
12.0386
9.86687
14.9091
16.3386
10.0674
7.30976
7.74718
5.54518
-0.511265
-5.9599
-5.05204
-4.18722
-6.90417
-6.00328
-14.7645
-9.15672
-10.4452
-7.86203
-6.10674
-8.70073
-9.23168
-9.44951
-12.012
-3.48989
7.82883
6.96119
2.76448
4.6561
5.73275
8.87963
10.7864
15.0685
11.4669
9.42427
10.7531
19.5467
18.2155
18.0617
8.86567
5.27343
9.55951
8.96775
4.87982
4.77392
18.7393
11.9719
7.48473
16.2622
17.3285
12.6296
16.0273
17.2122
24.845
19.4706
22.3836
19.349
14.2118
15.3991
18.3072
12.3185
15.4733
11.6866
9.16977
6.29773
11.0406
14.6886
12.7671
17.1427
6.30015
9.74839
15.2117
9.03317
5.06167
9.48949
9.91239
20.0825
21.1139
11.5587
10.7884
13.1453
10.4619
17.6
17.1397
14.4676
25.2121
26.6143
19.3325
20.4504
12.5935
14.5511
17.3568
23.331
20.0802
21.0323
17.423
11.8924
5.42032
7.00696
-1.59086
9.15869
6.07155
8.45292
0.871003
2.66063
10.6438
5.99941
10.9524
7.45317
10.3264
9.93839
5.20975
4.5466
10.4337
14.9281
5.82834
7.41796
12.8713
3.19976
10.8326
5.70777
11.9198
-0.637094
4.37101
5.69758
2.3987
0.370748
-3.11497
3.82384
6.37676
0.791616
11.9387
5.78173
-0.167687
12.1578
8.91466
5.40296
3.90695
3.08669
7.05774
6.71845
6.48712
4.7726
7.73745
2.36639
4.39608
-1.59284
9.17802
10.9862
8.55299
0.965758
4.80186
4.26612
8.4541
12.1662
6.51369
7.91624
7.88101
1.78673
2.835
10.6832
3.67526
9.44288
7.19079
10.9269
10.6565
6.27207
7.34387
2.8807
12.6061
6.18119
5.59837
4.81571
6.62955
7.25081
8.68645
4.34744
0.956041
4.85538
3.31487
-3.30279
1.74494
6.59272
8.7914
-0.416411
3.04732
2.8172
2.52649
7.67779
9.22523
0.981478
10.2764
0.238275
0.657326
7.37736
1.9213
1.11078
1.13008
3.46642
8.69184
4.1913
1.68717
-10.3365
1.56564
-0.738117
13.367
6.25634
11.799
6.16571
7.28765
6.404
5.48664
1.60589
7.76099
11.144
9.23201
11.3766
0.946162
17.8333
8.02235
7.38605
15.05
9.94248
16.1352
9.34975
14.4141
14.4864
14.4562
22.4413
5.20117
12.205
9.44599
12.3844
11.875
12.537
12.5155
14.508
6.84426
5.95736
8.35015
5.97252
9.52449
18.9274
12.6502
8.95427
10.0357
9.71008
11.2113
10.142
10.0485
2.03175
8.78045
8.82368
9.69611
6.85827
13.1595
11.3236
-3.49289
-14.5988
-10.604
-7.13728
-4.98641
-4.2544
3.52119
-3.01795
-9.19688
-17.2615
20.624
16.6535
18.7909
26.9443
25.8648
31.5573
24.1854
9.8838
20.4086
27.4911
30.4427
29.4869
23.5475
33.9268
38.2584
35.9459
51.2836
39.578
30.8494
41.3547
9.45084
11.1438
19.1467
8.49535
-7.44984
-13.4248
3.05543
-6.35857
3.18212
1.21574
7.33953
2.34354
8.23329
7.35774
4.90253
9.34562
7.70173
5.68629
7.81316
0.711416
8.58148
10.2414
9.45472
11.0186
10.6003
5.6989
5.31934
8.42955
1.97314
7.04115
9.54275
9.08078
6.61834
-7.04239
-9.26468
-4.27935
8.00568
6.04509
7.4227
9.24334
5.54611
5.02741
16.3347
6.54246
5.67213
8.9553
4.03782
10.4209
11.4032
9.91396
6.67169
6.3382
2.90055
15.896
16.4609
8.23324
7.06589
0.883569
9.16898
6.04505
13.4897
10.4415
3.4784
10.2177
-3.43795
-16.5038
-7.26218
-17.3456
-5.02526
-16.9351
-8.23981
-2.97502
7.42398
3.37452
14.3451
17.3137
15.073
8.56855
20.313
15.6373
17.5498
18.4075
23.1308
26.3215
19.5218
24.6745
24.4615
26.2377
22.8915
22.2114
20.5401
23.8899
24.9385
22.9511
24.6209
23.8627
26.3077
29.5842
26.9654
28.6239
30.9216
29.793
27.203
30.7876
28.4251
26.8672
27.7039
33.1217
26.6999
25.6453
26.7538
28.3291
26.6442
24.2146
24.4471
21.6132
24.5164
23.8336
28.1564
26.348
27.6014
29.2973
34.7735
33.378
30.5283
29.6247
30.3355
31.7389
36.2617
37.128
33.5679
32.1283
36.7957
32.9911
33.0596
35.9046
37.2635
35.7094
38.6139
35.9211
34.2117
38.3836
39.8981
40.9767
39.4275
40.5068
39.9163
41.9905
38.5717
40.6619
40.5453
38.9215
35.2236
40.2188
39.3198
34.3121
35.2615
35.6128
28.7443
32.8214
31.4503
29.5217
33.6856
30.5039
32.1806
34.6433
34.8532
29.054
31.3681
30.401
30.5184
28.2526
28.5203
30.3026
28.3643
29.892
28.8774
23.504
27.4187
25.0928
28.5053
28.3479
-0.387493
-0.731084
-7.98992
1.22422
-1.65854
-3.90473
2.22716
2.4062
7.30355
9.87708
9.51373
4.80971
0.635035
4.71363
-3.62643
-5.94748
-9.36509
-10.8801
-2.03829
-6.47472
24.5558
11.7021
6.70313
3.14369
11.1155
10.8776
16.8062
4.10415
0.0276576
1.02358
-0.490227
2.97027
-7.99098
-8.62826
-4.30364
-0.982278
2.06698
1.82841
4.4149
-9.52357
-1.37453
-1.14156
-2.14562
-8.94861
-3.55001
-7.24081
-7.59235
-8.83117
-6.61677
4.77389
2.35159
9.86096
-6.06939
2.82826
11.7665
-2.50925
3.91318
8.64949
-6.70565
-4.75251
-6.9934
-0.87429
2.85129
2.49991
0.506925
-14.217
-5.64491
-12.6814
-8.04214
1.82483
3.7004
7.45022
1.40277
0.0735959
1.40989
4.80421
2.86363
5.82215
5.54747
10.4402
6.23814
-3.55417
-4.77992
1.65166
1.79832
3.03689
9.08555
6.79423
18.4415
16.4718
9.18578
10.5291
7.40493
14.6217
17.3691
9.38156
9.84372
16.2984
8.08394
4.48749
4.71254
8.63031
3.19857
11.0215
18.7404
11.7054
13.8639
22.0544
13.7625
16.9455
20.9168
13.7005
23.0541
11.6154
5.09101
1.351
8.68317
13.915
12.7277
15.6241
17.5277
26.306
19.7847
15.0837
14.3166
8.39617
23.2972
20.3282
6.00842
14.841
2.10215
5.06305
11.4536
8.73441
24.3137
16.8472
8.22687
8.98754
11.7415
10.6859
12.0183
11.6934
10.5982
7.94278
4.90345
2.20267
-0.799814
2.89256
0.579304
5.30001
6.17083
13.178
10.1228
1.83792
1.56347
6.54619
9.43525
12.1648
16.8799
11.8174
14.4692
13.7606
7.1094
9.22019
11.1128
14.9298
11.236
8.95776
14.5185
9.37978
0.0384214
-0.272324
1.54212
10.6027
13.4796
15.8536
16.6126
18.7741
12.2653
13.6501
17.4512
17.9648
13.3723
17.79
9.8838
17.0375
23.2723
12.958
20.9466
17.3988
13.1975
14.1157
15.1971
19.7798
20.8841
20.2796
16.2075
14.6302
23.4314
19.6301
12.3729
15.9797
7.00147
17.4667
16.043
10.8833
12.1376
19.3104
22.9415
22.491
25.6614
24.3116
23.9916
15.4569
20.5107
20.2529
18.7369
14.6799
