96.1552
109.264
96.2261
98.68
99.6183
101.518
101.759
96.7934
93.6754
84.4635
84.6782
95.4779
92.4041
97.1251
115.735
117.154
116.79
118.328
119.999
111.078
95.8494
83.9137
67.6504
87.9243
97.7507
100.229
102.279
101.484
98.5264
96.3321
93.46
97.5279
99.3822
92.0835
89.7321
87.0029
93.6768
87.2226
88.7761
103.488
91.5309
96.2822
100.394
101.239
113.279
115.055
100.372
103.003
96.3804
92.5482
89.9293
94.3638
101.027
92.2556
101.896
97.9689
104.962
110.514
100.328
104.079
96.5067
96.9712
107.207
99.2096
106.226
99.7072
108.833
110.734
112.43
101.877
93.4563
97.7968
98.9768
103.874
103.041
94.8008
94.6334
93.4767
83.3916
90.273
94.0077
89.6852
93.8694
98.9642
93.1473
100.64
98.6922
101.343
104.122
106.771
110.886
116.001
115.537
109.745
104.723
98.1071
105.91
107.067
100.301
91.0784
97.2001
94.6046
90.2665
98.186
98.2612
105.205
103.856
97.8454
99.7282
103.617
113.407
104.347
103.891
112.91
116.964
114.062
107.393
111.271
101.53
95.6708
91.6579
96.1931
91.59
91.2351
89.8738
83.7846
87.4612
86.3254
91.9703
98.536
109.944
108.884
105.4
110.387
105.113
119.803
111.509
117.656
120.248
108.912
102.706
106.475
109.486
90.2761
83.7308
78.6981
101.064
82.0824
83.3598
94.2417
90.7655
76.2586
86.5504
92.9735
88.4938
89.6676
93.4726
91.185
92.27
87.7227
93.3576
88.3487
89.2536
90.7739
85.9451
84.5763
87.8357
83.1662
86.6967
88.7871
90.8336
93.8283
92.0979
87.3025
89.5474
96.838
83.8465
84.2992
84.3789
85.2171
89.0469
92.2302
90.4464
87.6475
85.7137
88.9026
88.7336
88.0575
88.8935
85.3146
81.7117
84.7004
85.9037
84.2113
83.152
80.3832
85.8934
85.3769
98.6984
86.1665
100.196
102.998
101.639
103.401
109.131
101.633
102.851
101.44
113.526
108.997
109.222
115.155
109.615
106.112
112.328
111.276
106.575
112.816
119.743
122.07
124.408
123.192
121.086
122.103
122.452
125.432
120.515
120.677
116.769
122.13
119.202
112.593
102.225
99.9377
105.107
108.281
103.021
107.229
107.3
104.661
112.195
108.7
112.546
110.041
110.302
110.352
114.706
106.32
116.177
111.799
106.693
112.541
113.185
112.551
110.614
115.396
115.654
117.992
120.523
114.279
115.665
121.409
118.343
123.934
121.088
118.859
112.212
110.283
116.504
108.995
116.037
113.41
111.279
111.636
109.949
108.886
112.035
113.39
111.072
110.658
112.895
112.745
112.886
108.824
103.454
109.084
104.289
102.529
90.9704
94.7395
90.5733
87.2407
89.2802
89.2867
88.5979
87.6993
92.4906
96.8346
97.2617
87.4566
93.3625
96.6779
88.0836
94.4991
91.5607
95.6407
94.1984
91.4158
99.4786
97.9824
92.3013
97.663
90.5048
94.3661
101.662
92.7186
94.5827
97.1905
97.7491
93.9
91.7445
88.4532
84.892
85.7045
85.9453
88.0709
92.4251
93.2041
92.7298
93.2363
92.1379
92.6044
96.0604
92.9711
94.0559
88.9074
84.1871
90.8826
93.6767
96.1114
95.4246
93.4876
90.9208
89.6581
90.2491
92.9512
98.9642
94.7389
96.2333
99.1243
95.2177
106.069
93.1145
96.6243
98.148
91.0863
93.0077
97.8843
94.7511
98.3931
99.314
99.8882
92.4583
101.236
86.4757
93.4824
94.4786
99.4443
98.1374
93.4709
97.2659
99.9849
103.728
96.2168
99.12
97.9461
100.574
91.7677
99.0415
105.867
97.6967
95.95
105.075
96.9827
95.6005
98.7972
103.711
97.7307
100.925
101.76
102.07
101.031
97.8739
98.7628
100.247
102.461
109.667
100.14
99.9448
110.187
101.833
106.256
102.261
116.543
121.446
109.233
95.0491
87.6755
93.5433
90.9925
100.172
100.026
101.176
104.261
103.12
102.427
100.397
102.22
109.18
110.464
104.664
98.4015
95.2495
87.8204
87.4097
92.5168
93.2252
93.0387
93.8571
89.4525
92.9007
95.3584
97.3677
92.669
97.0452
101.502
98.5073
100.119
99.4202
97.8613
101.661
98.2457
98.2593
98.007
93.605
90.5802
95.1236
91.209
94.8735
98.4034
95.6686
92.0858
94.0189
96.5751
96.8631
94.1351
92.2132
96.3511
97.8387
94.2458
95.7553
95.7644
88.7696
94.1648
94.1125
89.8073
94.4532
93.3285
96.0812
92.5067
96.2364
91.6466
92.6537
92.0311
88.0466
81.9275
98.0778
92.221
102.387
101.714
94.9464
91.4055
89.148
87.5746
83.9363
86.7111
82.122
91.9241
108.766
110.756
107.471
96.1748
106.735
113.239
113.258
116.32
113.935
112.195
107.995
108.637
109.233
96.8156
93.0024
85.7472
86.082
98.1175
100.977
101.404
94.5835
92.1256
94.3029
95.4722
93.4903
94.6665
85.333
91.3583
90.9583
85.053
88.8797
88.854
83.9727
87.6636
87.5054
88.2024
90.7691
88.406
87.822
90.1318
86.7211
90.0005
85.015
86.0334
89.4832
85.0531
85.0398
86.4503
80.3305
86.7891
