-90.7496
-101.814
-100.721
-103.248
-102.867
-98.0917
-94.0556
-93.174
-83.442
-92.8764
-80.9198
-87.2253
-74.5011
-62.5106
-49.2545
-50.5029
-40.7934
-37.278
-32.0495
-47.6374
-115.461
-101.302
-96.7502
-94.1805
-95.1426
-98.3035
-99.2228
-97.0343
-93.4082
-103.24
-85.1833
-101.219
-100.979
-97.5153
-92.9374
-86.6314
-90.3229
-96.9347
-94.4957
-88.2711
-86.5374
-91.7714
-90.3197
-74.4177
-62.5062
-80.2624
-71.1941
-71.7396
-57.3868
-62.1957
-66.8127
-67.8041
-56.6549
-53.8062
-57.806
-67.1277
-95.8268
-97.3116
-102.034
-108.858
-108.449
-117.782
-114.45
-108.924
-113.373
-114.017
-116.398
-114.893
-110.327
-114.488
-114.741
-111.122
-117.063
-115.068
-121.197
-126.314
-104.564
-117.287
-110.765
-114.773
-117.674
-120.341
-124.457
-115.275
-113.006
-120.982
-117.297
-105.521
-113.175
-109.968
-117.655
-116.883
-113.602
-113.801
-117.082
-114.074
-114.639
-116.47
-113.968
-115.897
-111.165
-110.773
-112.853
-112.658
-106.318
-109.482
-100.315
-99.0673
-82.8296
-76.9373
-67.3898
-61.5777
-68.975
-85.1222
-84.7224
-94.7982
-92.9695
-92.4153
-97.2884
-87.6253
-83.9656
-94.0559
-101.607
-100.576
-101.853
-101.824
-98.3913
-95.9422
-98.2425
-104.837
-99.0406
-92.2043
-94.534
-94.324
-88.3306
-89.9235
-92.4642
-96.834
-95.8087
-99.8733
-101.285
-107.123
-100.282
-102.205
-79.8774
-75.4848
-72.3647
-57.8681
-44.747
-45.7212
-59.5428
-47.0067
-48.3005
-44.2104
-41.2618
-45.2873
-41.8171
-46.7014
-39.3858
-33.4031
-37.2574
-35.708
-33.5503
-44.6733
-37.9695
-50.4387
-25.5167
-45.1219
-36.3932
-32.8725
-44.1765
-41.4627
-46.6552
-42.3858
-43.7404
-27.148
-37.9909
-44.3429
-30.6596
-30.6234
-40.7478
-39.611
-45.9319
-34.413
-44.4922
-47.0961
-40.8266
-48.2871
-48.0316
-42.9932
-39.8704
-39.5702
-43.6047
-36.4527
-36.1972
-45.7894
-44.5205
-49.754
-36.7741
-37.7176
-25.9571
-42.4636
-39.2728
-37.8013
-34.817
-38.5546
-35.6731
-44.419
-38.6112
-40.7137
-40.1904
-42.1419
-43.5533
-29.7435
-39.4343
-38.8108
-39.9089
-35.0713
-40.6901
-31.5643
-43.7194
-40.4715
-40.0811
-36.9656
-42.7062
-41.1091
-40.725
-37.0955
-42.2232
-41.9451
-29.4172
-31.2497
-37.4413
-27.5072
-39.4266
-29.1854
-35.5421
-44.1761
-35.9267
-58.0754
-84.2767
-107.858
-100.945
-100.765
-100.799
-95.5306
-99.3304
-91.297
-84.5575
-91.1065
-86.7891
-76.8267
-75.738
-58.3239
-50.9168
-45.2844
-33.8705
-36.7544
-32.0647
-50.2245
-112.942
-104.21
-96.6351
-81.8701
-96.7361
-101.041
-105.741
-92.5487
-86.4947
-98.2625
-87.9454
-100.506
-104.156
-98.2371
-89.5304
-83.2919
-91.8411
-95.1739
-94.7754
-84.5819
-99.4174
-103.533
-85.4677
-78.1805
-64.2385
-76.2188
-80.0624
-65.4943
-64.1453
-65.747
-65.2077
-64.762
-52.2142
-56.5596
-56.6542
-79.8374
-98.1154
-95.7939
-101.687
-107.665
-116.806
-114.821
-113.259
-105.502
-116.395
-116.79
-110.938
-115.937
-109.73
-120.072
-118.894
-117.267
-113.551
-121.702
-129.909
-120.681
-112.247
-122.232
-109.444
-119.739
-118.09
-128.58
-127.515
-111.79
-120.908
-121.717
-119.492
-105.181
-114.144
-112.118
-125.019
-114.631
-114.73
-115.478
-115.222
-117.87
-117.438
-116.485
-118.084
-122.638
-116.61
-116.367
-119.459
-119.707
-107.697
-110.468
-108.635
-97.4385
-87.4732
-73.1723
-68.1006
-62.0285
-75.1128
-88.7537
-89.0331
-98.7013
-93.8061
-93.2858
-97.9653
-85.478
-89.8368
-92.9254
-101.338
-99.3241
-100.695
-96.7149
-108.974
-92.043
-94.5679
-101.686
-98.0748
-96.6277
-102.179
-93.7646
-86.6756
-84.2806
-93.2447
-97.7449
-99.1484
-110.462
-105.568
-98.4
-99.9715
-104.282
-79.0411
-72.5099
-65.6186
-63.6499
-43.9427
-43.0324
-48.709
-43.9722
-49.0556
-44.4871
-41.1636
-47.2353
-43.4026
-41.5331
-36.0324
-35.3242
-33.5047
-34.9612
-33.4386
-43.4471
-42.2465
-46.1558
-29.4107
-48.6567
-33.9531
-38.1482
-35.523
-44.4014
-45.1336
-44.124
-42.9643
-33.6065
-44.0105
-40.0053
-28.8806
-31.4593
-45.2042
-47.4408
-42.8815
-34.3379
-42.6589
-49.1532
-40.4601
-51.1964
-54.2286
-43.4759
-41.2932
-36.9278
-43.5976
-31.1865
-36.9938
-38.9539
-49.7959
-45.7438
-38.6287
-43.1997
-22.5195
-43.1836
-31.9335
-40.9219
-31.1008
-43.9017
-30.6803
-51.6354
-37.1577
-47.9651
-39.4157
-34.2705
-47.2392
-28.9657
-38.4937
-43.0893
-37.7266
-36.4966
-31.1797
-33.5452
-43.7818
-36.2511
-47.7388
-37.4803
-44.7455
-33.5475
-43.6577
-32.8768
-40.772
-38.813
-26.458
-35.5291
-31.3213
-26.3236
-43.282
-32.8766
-35.2178
-38.7561
-35.8058
-77.2107
-86.3264
-105.326
-102.902
-103.301
-98.4332
-92.3704
-103.428
-92.055
-90.1782
-90.0172
-94.4743
-72.3513
-72.0364
-58.6531
-54.3591
-42.2749
-35.1108
-34.1883
-37.5576
-86.7781
-104.747
-105.733
-96.9441
-77.1247
-92.1892
-99.013
-107.396
-92.8263
-92.1449
-95.7379
-89.7048
-98.124
-99.1293
-93.8139
-89.6785
-83.9009
-92.996
-96.6704
-98.7241
-84.715
-104.921
-101.344
-84.9122
-73.0105
-77.2041
-70.8643
-80.596
-59.1381
-68.3797
-72.7084
-65.6361
-52.5201
-48.0236
-57.7931
-62.505
-88.6436
-98.6002
-103.628
