-37.2682
-19.7672
-20.0295
-13.0412
-20.7634
-17.4885
-12.9064
-16.5401
-39.1448
-43.748
-39.1516
-37.6931
-27.9063
-31.0057
-34.5916
-30.4744
-29.2833
-24.091
-22.5743
-26.2734
-24.8315
-25.4464
-24.9499
-10.9858
-18.0702
-11.2884
-19.0147
-15.9599
-14.4448
-21.767
-22.1368
-21.363
-16.8513
-17.3322
-14.4954
-14.2315
-7.6091
-16.7432
-27.6725
-15.2867
-26.5804
-36.1768
-38.7012
-43.049
-36.7311
-41.9985
-46.5852
-53.3777
-52.4649
-39.4329
-37.4169
-33.4382
-25.0842
-25.7464
-10.7255
-14.9462
-16.8596
-15.3866
-18.6147
-23.3216
-25.1371
-25.6267
-35.7819
-36.0343
-37.6589
-38.4997
-37.6334
-44.7511
-51.8901
-51.3348
-48.4657
-41.0868
-31.7145
-32.7182
-34.6073
-48.4523
-48.2298
-42.8466
-35.8696
-34.5131
-36.6197
-40.1429
-39.6422
-36.8948
-35.5201
-36.2782
-39.0393
-49.2429
-43.0405
-45.0641
-49.1566
-45.0408
-43.2406
-44.2542
-43.6296
-43.2926
-45.4752
-40.9986
-40.516
-50.8521
-53.7716
-45.9317
-43.6851
-43.9013
-58.7299
-56.1148
-48.3814
-43.6556
-43.6083
-32.0418
-35.8724
-44.5476
-30.24
-39.3056
-36.5557
-39.2887
-40.6444
-42.7185
-49.5482
-46.7103
-65.4331
-60.4175
-40.7643
-45.3503
-39.4889
-32.1027
-47.2985
-37.1822
-39.855
-38.635
-37.0083
-34.0238
-38.9138
-50.9222
-52.566
-48.1296
-47.3976
-45.2906
-47.828
-49.8227
-51.4523
-56.1214
-50.7974
-51.0729
-47.7455
-50.3885
-47.626
-48.9939
-50.3583
-54.2442
-50.8008
-52.8061
-53.4148
-55.836
-52.1528
-55.3464
-53.7162
-50.5127
-51.8691
-51.9332
-53.7187
-55.4425
-53.745
-56.741
-61.0023
-56.7651
-57.867
-56.2042
-55.5823
-55.182
-55.3874
-54.8436
-52.0225
-57.9161
-55.7917
-53.9811
-54.9781
-51.6482
-54.2502
-54.1402
-55.4774
-57.474
-58.4774
-54.879
-62.216
-58.9354
-58.9926
-56.5169
-57.3614
-63.7601
-59.8373
-61.0197
-57.8733
-59.3404
-68.8575
-62.0204
-58.0937
-54.7184
-53.4145
-49.8841
-50.6164
-51.5295
-51.6943
-53.3327
-50.9592
-50.6436
-48.2551
-42.3748
-49.0606
-49.8578
-52.4601
-53.4329
-53.6919
-55.1254
-54.3573
-55.7783
-56.8969
-54.4835
-54.6907
-52.8781
-52.2618
-55.9188
-55.6572
-54.2442
-51.1376
-50.5937
-51.729
-52.5821
-52.7692
-52.1196
-50.8292
-51.664
-52.1084
-55.8813
-60.4161
-59.3621
-58.9301
-59.1343
-61.5816
-62.4971
-55.2211
-57.281
-58.8751
-59.2199
-59.4993
-61.4247
-61.8147
-62.812
-58.6304
-63.4153
-64.682
-66.76
-70.0978
-69.28
-68.7097
-62.0804
-67.2319
-66.0944
-68.0583
-62.7473
-48.4724
-47.7818
-43.8312
-51.1776
-55.8854
-56.7078
-57.5693
-56.2491
-57.4004
-60.0056
-57.9773
-59.2099
-60.0321
-64.5596
-59.8522
-59.3561
-53.369
-46.8131
-49.6169
-47.6354
-47.3948
-53.2826
-53.2248
-51.4407
-46.9214
-47.0153
-51.9878
-51.2196
-49.2791
-49.3798
-42.5867
-44.4262
-43.8593
-41.9904
-41.759
-42.8048
-42.3294
-46.262
-43.5672
-42.3656
-45.6363
-52.725
-58.9542
-57.7292
-57.2927
-50.9129
-54.9205
-51.4547
-49.5319
-51.1069
-47.6978
-51.6035
-43.0111
-37.3612
-38.4367
-37.354
-35.8332
-39.4321
-44.4693
-43.9112
-47.2704
-51.5683
-43.6947
-43.9843
-44.6323
-44.6479
-45.3334
-42.8591
-42.6091
-41.6259
-45.2258
-46.1925
-42.0097
-41.092
-48.7443
-49.1793
-46.801
-47.3219
-44.9869
-46.204
-43.1933
-45.295
-42.9413
-46.7829
-46.7989
-43.2253
-48.1953
-48.3085
-47.087
-49.4656
-46.1
-45.2017
-44.8256
-38.8289
-41.577
-46.1545
-57.6221
-56.1435
-54.1674
-52.6363
-54.4406
-55.3962
-47.2846
-41.6038
-44.8202
-48.3676
-43.8861
-44.913
-47.2825
-46.8719
-46.9671
-44.4694
-44.1388
-49.5894
-53.2599
-48.2971
-50.9351
-48.0801
-48.4455
-49.498
-50.5344
-48.6462
-48.7632
-50.85
-50.9415
-41.9904
-45.4406
-42.3789
-41.6198
-41.4104
-42.4058
-46.8222
-48.0557
-45.6752
-44.1248
-43.5589
-42.818
-42.0762
-44.3879
-45.0859
-51.592
-60.6685
-58.9731
-55.7521
-55.3092
-55.1171
-50.4696
-54.7698
-42.3249
-44.9891
-38.4861
-36.2045
-44.598
-39.7888
-43.0739
-48.6073
-44.0179
-49.5051
-48.1131
-50.7585
-52.7276
-55.2232
-46.5623
-47.2894
-46.1259
-35.2741
-30.3445
-44.2743
-44.874
-36.1682
-26.4844
-31.3679
-33.3395
-49.4839
-55.5363
-37.8092
-59.1455
-54.7023
-48.9677
-41.2842
-59.9287
-52.4775
-48.2315
-40.5771
-37.3207
-33.0378
-23.9833
-27.358
-31.7525
-23.3264
-22.6376
-29.6752
-23.7711
-30.3458
-27.3776
-20.147
-24.0459
-25.2467
-25.4538
-22.0538
-21.0526
-25.0572
-19.3263
-17.5322
-19.8883
-37.6503
-22.5392
-20.2757
-26.133
-16.805
-20.9113
-26.4196
-19.2856
-23.5669
-31.0872
-26.589
-22.2824
-15.3999
-25.2669
-18.1774
-23.602
-25.0099
-9.20377
-27.033
-30.9877
-21.8611
-23.7668
-18.7436
-13.7059
-24.3483
-22.4815
-18.8272
-19.2423
-7.66566
-20.2485
-24.2232
-17.5175
-20.8605
-30.1041
-24.0358
-19.6458
-19.4739
-25.1469
-19.6754
-24.6273
-36.1418
-22.7912
-10.7561
-11.9456
-21.666
-23.495
-32.0694
-29.9254
-28.1534
-36.2998
-19.0339
-26.5199
-24.2253
-23.7951
-25.4243
-33.1026
-18.8734
-32.7515
-26.0183
-38.6811
-48.0947
-47.5232
-50.2014
-50.8019
-45.4957
-48.7317
-41.1578
-45.2408
-46.0959
-46.0734
-46.7286
-47.8661
-39.3879
-41.4621
-35.847
-38.1179
-38.1075
-35.4424
-40.0964
-35.7858
-41.5136
-39.5869
-30.926
-39.258
-31.9029
-44.8454
-44.8179
-38.7912
-47.1054
-50.3135
-45.0345
-50.3436
-51.3887
-54.8312
-55.0204
-48.9671
-46.1034
-46.063
-44.9418
-40.6663
-40.3062
-40.8392
-45.302
-44.0149
-43.6834
-47.5546
-46.2408
-47.2996
-44.1111
-48.8227
-53.0531
-41.728
-41.7922
-42.0161
-42.3562
-26.5416
-41.2038
-34.9273
-29.8118
-23.5415
-24.1581
-27.997
-23.7948
-18.0343
-17.1549
-3.38721
-10.2683
-10.25
-6.77058
-10.086
-5.34213
-3.33595
-9.03065
-5.71514
-4.82545
-1.69431
-4.02392
-7.15158
-15.943
-16.1359
-14.1613
-14.2296
-12.265
-13.3835
-14.3205
-17.0292
-19.3031
-19.0043
-17.1213
-20.9622
-21.8996
-22.3957
-21.7355
-18.1962
-19.128
-18.3507
-13.0808
-13.3486
-13.6752
-14.5659
-21.191
-18.3772
-19.2965
-18.5908
-18.5045
-14.8563
-18.3617
-18.6684
-16.3291
-15.4385
-17.5281
-16.1933
-17.8224
-15.8716
-17.056
-14.727
-13.2745
-12.4712
-18.699
-14.1411
-17.4812
-14.6133
-11.7256
-16.191
-18.4176
-13.6082
-17.2365
-12.7662
-15.9965
-16.0006
-14.0553
-15.7403
-13.5683
-12.683
-10.0281
-16.492
-12.8636
-15.6971
-13.7724
-10.8911
-13.8289
-18.8461
-14.4024
-16.5564
-17.231
-9.9393
-16.6619
-19.4429
-17.1663
-15.4354
-21.1321
-17.1394
-19.1463
-18.1966
-13.4113
-18.2082
-16.5641
-12.7286
-16.4766
-16.003
-9.81773
-16.3327
-11.6481
-9.53017
-15.9037
-31.022
-47.4958
-42.4324
-50.687
-41.6159
-42.0146
-38.5292
-42.0414
-43.3592
-44.8255
-41.8026
-34.5864
-42.5174
-35.4052
-26.2465
-20.413
-23.7244
-21.9193
-27.2123
-34.3594
-18.8391
-5.33684
-2.59526
1.67223
7.0517
10.7456
-4.03954
-8.21313
-12.0389
-17.3965
-14.4916
-12.7345
-11.7345
-8.63403
-9.73952
-11.8246
-14.6896
-14.141
-17.5895
-20.8873
-25.5398
-25.0229
-28.2109
-27.391
-25.5884
-25.59
-21.8959
-22.8683
-21.2818
-18.9264
-29.5615
-39.9656
-43.54
-36.9119
-38.4292
-36.4529
-39.5682
-39.2274
-43.6525
-43.4484
-40.8465
-33.8538
-57.8528
-50.5839
-50.5858
-45.8831
-48.5134
-51.2617
-53.723
-53.4961
-52.1639
-53.3563
-52.0575
-53.5742
-54.9234
-56.3582
-50.9465
-51.3546
-51.0503
-53.065
-52.0128
-51.5613
-55.6415
-54.0458
-56.9172
-51.4474
-51.5249
-50.2651
-48.3034
-51.5676
-51.868
-51.1933
-53.2381
-53.5185
-54.1121
-55.0583
-56.3274
-53.2243
-55.2869
-55.6867
-57.2652
-57.3571
-53.3295
-53.8034
-50.9929
-48.3047
-50.1673
-52.6996
-49.4955
-52.7649
-50.6481
-48.4116
-49.6289
-52.3685
-50.1186
-52.6014
-51.8489
-51.0195
-52.7414
-53.3686
-53.8404
-50.1623
-32.2183
-42.3325
-41.045
-25.1296
-23.3594
-18.7548
-29.466
-23.6153
-23.1503
-27.1709
-16.8546
-12.1004
-13.2462
-16.1585
-12.8093
-17.8737
-19.1532
-11.3785
-14.3031
-16.1425
-20.4923
-23.758
-31.5318
-34.5705
-32.1658
-30.7302
-26.4
-20.5183
-11.6886
-12.5949
-11.1544
-13.9358
-11.8176
-14.8446
-14.2069
-21.6283
-22.8106
-29.6571
-28.6751
-32.9141
-31.5513
-40.8029
-34.14
-27.6328
-19.629
-19.1986
-17.3714
-13.3163
-24.7443
-17.852
-14.8116
-15.2649
-12.0587
-22.5122
-28.1424
-34.1959
-34.9784
-32.9619
-23.2229
-25.5829
-16.5058
-14.8262
-12.4345
-14.3301
-14.078
-16.7368
-12.227
-9.58345
-18.9176
-22.6418
-29.6763
-30.1309
-36.8948
-32.8014
-32.2499
-26.3523
-18.1469
-16.3125
-14.4433
-18.2294
-11.1611
-17.0963
-15.7386
-18.6471
-26.1367
-31.6956
-38.6895
-38.5293
-35.252
-28.9808
-21.0584
-21.253
-13.4491
-14.0686
-16.2449
-24.479
-21.3149
-12.7954
-14.215
-20.0584
-27.7935
-29.7695
-34.7074
-34.2647
-36.1859
-30.9822
-30.932
-27.1577
-26.9068
-33.6653
-36.6706
-27.9022
-29.7809
-31.8459
-37.9556
-36.2076
-33.6726
-44.7421
-33.2647
-45.4731
-43.6269
-45.6707
-52.0563
-51.9606
-54.7999
-55.1726
-60.3115
-54.2393
-53.3348
-55.1436
-51.0715
-56.4822
-50.7056
-45.4521
-56.3483
-52.3968
-57.338
-56.3689
-63.8048
-62.8028
-65.7636
-70.7618
-71.1887
-72.8883
-67.2849
-75.0187
-71.0373
-68.5574
-67.2097
-64.6423
-63.3089
-58.9419
-57.1994
-58.0056
-53.9883
-55.3231
-51.3121
-52.9152
-51.9654
-53.6318
-48.8622
-46.0045
-46.8157
-46.0475
-37.6159
-39.6668
-39.9468
-39.703
-43.7168
-37.0886
-38.2502
-46.7434
-41.0506
-44.2362
-44.2474
-42.5605
-40.9575
-44.5222
-42.3218
-45.6138
-42.6531
-39.6819
-42.6149
-41.0007
-41.2047
-43.4011
-41.5477
-45.4862
-50.7557
-45.0956
-44.235
-44.5314
-45.937
-43.3424
-41.4754
-42.677
-42.6425
-44.4441
-45.9202
-44.2339
-45.0086
-46.1007
-43.0888
-46.2686
-43.9451
-42.2069
-41.9782
-43.4779
-41.5232
-45.4305
-42.2713
-39.2459
-43.4168
-38.7121
-39.3758
-40.0392
-42.3278
-45.4561
-42.6393
-46.6474
-48.5794
-46.3888
-48.6466
-45.4779
-42.0449
-45.5977
-42.495
-40.3753
-43.0662
-43.26
-44.7035
-46.7325
-39.8907
-31.8004
-13.2309
-13.501
-1.44589
-18.0771
-10.9694
-27.4801
-47.9205
-46.3388
-53.9265
-39.9619
-42.8361
-37.6504
-38.7608
-38.6409
-36.483
-37.9757
-38.5284
-38.7113
-41.5264
-40.9162
-42.3928
-39.8817
-37.8073
-37.0756
-41.8837
-42.2976
-46.3282
-49.6015
-45.0321
-48.8128
-48.4796
-54.2236
-59.4849
-49.1894
-44.6183
-45.3654
-47.3709
-48.4414
-47.0194
-49.7017
-46.1853
-50.0849
-54.4555
-48.176
-51.5347
-49.3827
-49.7429
-51.0722
-45.9864
-50.331
-46.1529
-48.3162
-45.9298
-48.5673
