118.556
108.658
110.787
109.554
102.053
106.777
109.444
95.4304
108.469
110.101
103.306
100.448
107.409
103.431
114.78
112.603
96.3638
103.187
106.493
99.1136
108.358
104.71
116.415
112.86
114.474
125.583
121.713
114.408
119.201
112.415
107.74
98.9731
105.988
113.019
113.081
95.123
119.114
121.244
116.689
122.393
129.208
128.208
124.834
134.582
127.736
132.53
136.484
125.403
127.679
128.142
126.733
128.253
128.05
129.047
134.686
139.339
133.513
132.823
135.35
131.786
134.352
140.682
126.994
135.09
135.927
134.914
136.673
134.53
133.211
131.368
120.566
121.045
108.177
113.266
124.164
124.177
122.234
112.807
106.151
105.879
109.188
96.4049
105.837
109.005
116.703
112.945
116.951
121.572
112.347
101.939
110.763
120.016
115.809
110.118
105.864
117.891
117.942
132.904
133.794
135.659
134.922
143.328
140.044
133.57
126.937
137.333
136.486
135.362
141.769
135.714
146.091
138.328
139.896
131.299
128.99
130.023
129.493
134.371
139.434
135.722
137.029
138.778
138.246
134.393
134.069
133.794
134.757
130.801
131.551
124.761
114.332
112.639
104.457
109.967
112.127
123.534
113.752
110.961
117.774
97.105
104.036
106.729
104.658
105.313
104.334
107.031
99.4081
92.4709
99.0689
100.274
101.406
99.4416
109.107
98.4678
103.33
100.089
111.898
116.877
114.954
112.434
113.598
120.959
126.454
115.341
115.315
115.056
117.187
120.286
115.274
121.425
117.295
113.035
112.692
115.035
113.353
122.228
117.203
122.265
133.103
121.698
120.239
130.017
119.297
115.698
119.423
123.92
117.665
118.858
122.73
116.085
117.726
116.615
117.634
122.02
117.535
113.65
124.299
117.111
120.926
125.081
125.549
129.025
127.004
123.909
121.721
118.153
124.75
124.041
120.698
118.119
114.681
116.588
121.169
121.118
118.328
119.342
122.963
122.856
122.234
120.684
122.229
119.529
126.731
115.798
123.606
120.018
112.406
114.782
125.649
116.496
114.42
112.94
116.167
108.274
119.084
108.92
115.125
121.195
123.54
115.976
119.297
119.152
114.783
118.77
117.887
112.585
100.509
102.302
109.065
114.817
111.165
110.757
115.219
112.51
107.851
109.478
113.344
112.585
109.643
104.924
108.14
108.51
110.036
110.664
95.8147
88.744
112.505
100.278
115.099
113.026
108.483
112.493
114.995
129.147
129.099
140.629
139.733
135.511
135.607
133.214
135.446
131.029
139.057
135.781
132.27
130.448
128.301
126.793
138.031
134.325
132.085
132.239
134.443
136.008
135.613
133.305
134.132
135.78
140.158
139.135
138.162
136.163
133.514
129.713
135.484
127.887
130.188
131.85
133.765
136.741
139.355
135.233
135.436
134.505
135.625
132.884
133.286
140.541
142.68
139.406
132.774
132.51
134.134
135.764
134.71
129.134
136.855
131.779
138.535
147.418
133.331
133.979
133.754
133.817
136.48
132.645
133.77
127.431
129.81
129.717
132.469
132.225
138.375
136.059
125.898
124.832
117.078
103.159
90.3579
82.6423
88.1401
82.26
82.539
87.3761
84.4405
76.3385
78.6433
117.709
109.185
98.3953
106.506
113.067
117.231
110.817
113.401
103.904
100.02
104.372
101.495
107.714
116.559
100.089
118.474
117.032
97.8574
101.685
102.89
111.486
110.52
115.381
105.415
106.252
101.664
108.194
106.823
117.96
103.948
107.999
109.486
101.808
106.581
97.118
101.809
100.569
96.4398
101.189
99.5113
103.624
104.067
106.558
103.998
101.442
107.139
98.6916
111.249
105.01
106.769
104.183
104.073
107.777
104.948
106.452
104.985
106.708
110.344
118.607
112.987
118.358
117.119
107.518
108.078
113.843
115.157
106.399
102.025
102.075
111.022
115.161
108.185
111.015
108.213
111.653
114.354
111.933
119.017
127.044
114.513
104.586
109.882
110.307
95.9041
86.8439
84.984
87.9938
88.9097
88.1343
85.027
89.4724
102.842
109.945
117.256
117.452
121.479
118.5
125.862
126.389
124.209
128.027
120.02
122.367
127.576
125.024
120.725
125.287
124.43
118.585
114.851
114.504
114.613
106.913
112.601
108.27
107.075
104.2
111.432
114.003
119.679
127.275
121.652
122.604
122.337
119.869
101.216
123.582
124.953
105.874
101.429
99.9042
