15.0091
11.3327
0.841699
18.0045
19.145
31.9794
23.4452
25.2329
24.5129
28.2745
30.4693
23.9646
21.9149
20.9274
19.9264
1.83409
11.451
28.5137
29.7407
25.3173
19.4783
22.0555
27.0094
25.9204
23.9658
28.1989
25.6914
30.0053
32.6795
39.3088
28.7219
30.8108
31.2855
29.6929
27.8887
31.694
38.5728
27.5258
26.165
30.5833
27.8371
29.6918
32.2704
38.7339
33.1864
31.7199
30.8962
31.5622
34.214
32.8317
33.7787
30.2319
31.0041
33.1403
30.7339
32.9128
28.5128
38.0982
32.1528
31.2962
29.3609
31.4308
34.5102
32.1799
34.9076
36.521
31.8296
36.7117
38.7999
34.593
32.4877
32.3273
32.4518
31.1927
30.0636
30.4364
34.8684
32.0867
28.2813
33.0493
33.4108
36.2786
34.5391
31.8173
32.2636
36.5256
32.9834
32.5569
25.9507
29.3151
28.8678
33.5941
29.2814
27.6471
32.9448
28.5715
33.4542
29.3801
33.3423
27.2722
32.8364
26.657
28.586
24.4063
18.743
21.0878
23.3657
22.8919
23.3737
20.5793
12.5138
24.1817
19.137
17.3909
23.4665
23.5494
27.4898
20.3229
24.2578
19.4688
25.4519
24.8258
26.7619
22.4922
35.4742
29.1941
29.1375
23.3503
26.1452
26.4024
28.4108
38.0428
29.931
27.6159
26.1656
30.8241
25.473
28.6592
32.1789
29.7796
31.6219
29.0654
30.9012
28.2949
33.7625
31.6729
31.8086
31.8121
28.3543
33.5476
31.7599
32.054
33.9844
30.8791
30.5116
31.1305
28.3171
30.6183
30.717
26.6295
28.0152
25.0621
26.2144
23.9125
18.4932
16.1002
9.61119
15.2185
7.63169
-7.05599
6.66969
9.51237
29.2723
25.4999
23.2295
38.6375
42.7791
30.7362
42.0338
33.6663
28.8075
32.002
28.755
25.0378
35.3066
34.7221
31.1002
28.354
30.1375
25.5879
30.2909
33.2381
31.9339
30.8405
29.9803
37.7521
30.4229
40.9382
38.9411
33.2549
34.6243
36.0241
35.1026
33.0278
32.2395
38.6971
40.1201
45.525
43.4127
33.1523
5.12865
4.51022
4.31153
