-27.1699
-25.4339
-24.5926
-24.8086
-24.7874
-24.6995
-23.8753
-23.7691
-23.5094
-23.6194
-23.5181
-23.6536
-23.3219
-22.3091
-22.4765
-21.7688
-21.8856
-22.4031
-21.9651
-22.2937
-22.3031
-22.2566
-22.0012
-21.6578
-21.3067
-21.3828
-21.7117
-21.7207
-22.4239
-22.4605
-23.1748
-23.2449
-22.7727
-22.314
-21.8671
-21.675
-21.4454
-21.4559
-19.034
-18.7711
-17.5111
-16.6745
-16.7392
-16.3498
-16.3993
-16.4635
-16.0188
-16.0399
-15.5569
-15.3402
-15.5131
-14.7371
-15.0008
-15.036
-14.9118
-15.5385
-15.6037
-15.5255
-15.6929
-15.9497
-15.9113
-16.0902
-16.2598
-16.2756
-16.521
-16.6593
-16.8561
-16.7459
-17.2294
-17.0788
-17.1099
-17.2998
-17.022
-17.0278
-16.8086
-16.5408
-16.735
-16.7203
-16.5222
-16.4219
-16.3416
-16.1929
-16.2005
-16.4829
-16.0163
-16.2723
-16.6657
-16.2386
-16.3884
-16.933
-16.6428
-16.6639
-17.2061
-16.7112
-16.8318
-17.2652
-16.9173
-17.0096
-17.1638
-17.0132
-16.9331
-16.8459
-17.0149
-16.8334
-16.8664
-17.0254
-17.0346
-17.1887
-17.3729
-17.5262
-17.7329
-17.8746
-17.8319
-17.6951
-17.4936
-17.4499
-17.2336
-16.965
-17.0652
-16.7978
-16.5863
-16.6491
-16.6578
-16.5613
-16.414
-16.467
-16.3959
-16.583
-16.8648
-16.7587
-16.5996
-16.732
-17.1852
-18.0629
-17.7263
-15.8943
-12.9133
-10.0163
-8.0909
-7.36113
-8.1341
-9.8482
-14.0029
-33.0474
-30.7363
-29.224
-28.3566
-28.0902
-28.0524
-28.2465
-28.4613
-28.1363
-28.0488
-27.975
-27.8506
-27.8471
-27.5636
-27.179
-26.6418
-26.3228
-26.1709
-26.0804
-25.9872
-25.8685
-25.9454
-26.0116
-25.9507
-26.063
-25.8964
-25.8885
-25.6947
-25.3659
-25.1213
-24.811
-24.796
-24.9833
-25.0963
-25.3388
-25.2532
-25.2674
-25.345
-25.4097
-25.5396
-25.4309
-25.1512
-24.6783
-24.4462
-24.3526
-24.2013
-24.224
-24.0822
-24.0366
-24.1012
-23.9306
-24.0026
-23.963
-23.7716
-23.7512
-23.4744
-23.29
-23.1158
-22.879
-22.5952
-22.3449
-22.1859
-22.0085
-21.9152
-21.9664
-21.8811
-21.9094
-21.8557
-21.5536
-21.3994
-21.1593
-21.1614
-21.3195
-21.4668
-21.7512
-22.0833
-22.3589
-22.7183
-22.7836
-22.9082
-23.0449
-23.1435
-23.0488
-22.71
-22.3049
-21.8246
-21.5913
-21.436
-21.3356
-21.272
-21.1664
-21.1385
-21.2702
-21.2293
-21.1338
-21.0821
-20.8755
-20.6928
-20.5884
-20.6289
-20.6677
-20.6326
-20.5503
-20.4927
-20.5034
-20.7095
-20.6754
-20.7205
-20.784
-20.6285
-20.7261
-20.9182
-21.3286
-21.9017
-22.4292
-23.13
-24.2093
-25.7999
-28.0241
-30.2691
-31.3087
-31.6346
-31.2834
-30.9307
-30.5817
-30.4794
-30.6969
-30.7559
-30.8934
-31.0569
-31.1798
-31.1885
-31.4609
-31.8782
-32.1587
-32.1875
-31.7366
-31.5637
-31.7522
-31.6876
-31.6026
-31.6257
-31.7081
-31.7658
-31.7709
-32.0452
-32.3086
-32.6915
-32.7177
-32.2027
-32.1063
-32.117
-32.1295
-31.9817
-31.8587
-31.7301
-31.631
-31.6706
-31.5917
-31.7851
-32.3957
-33.273
-34.2754
-35.3053
-36.826
-39.2753
-42.8501
-44.4405
-48.5333
-49.7843
-50.8665
-51.0806
-44.5289
-39.3829
-38.4464
-31.9884
-27.0884
-22.6124
-20.7153
-19.0659
-17.9442
-17.3342
-16.745
-16.5525
-16.5412
-16.6854
-16.9848
-17.1462
-16.9276
-16.3693
-15.765
-15.3109
-14.8807
-14.1683
-13.7461
-12.928
-12.1589
-11.441
-10.8189
-10.6522
-10.4674
-10.5866
-10.9653
-11.1034
-11.6331
-11.6144
-11.5917
-11.4171
-11.3156
-11.5045
-11.6467
-11.4655
-11.604
-11.7193
-11.905
-12.1734
-12.6847
-12.886
-12.6243
-12.6097
-12.4352
-12.4132
-12.4014
-12.537
-12.8683
-12.7019
-12.8583
-12.7471
-12.6327
-12.3359
-12.3923
-12.7765
-12.7597
-12.7718
-12.8408
-12.6698
-12.5259
-12.5774
-12.9639
-13.0158
-12.8783
-13.1024
-13.1524
-13.296
-13.8051
-14.4719
-14.4828
-14.6037
-14.5283
-14.2199
-13.8755
-13.8383
-13.6508
-13.5943
-13.4802
-13.4804
-13.4546
-13.3009
-13.2025
-12.9022
-12.9638
-13.4115
-13.2821
-13.5856
-13.8736
-13.8295
-13.6239
-13.6945
-14.01
-13.5907
-13.3905
-12.9368
-12.3571
-11.978
-11.9609
-12.1281
-11.9866
-12.1666
-12.272
-12.4221
-12.8871
-12.3387
-13.8431
-10.9827
-10.6244
-19.1242
-17.3918
-15.0444
-11.1614
-12.1827
-19.3521
-13.9801
-12.7292
-18.2042
-18.9808
-28.1087
-22.2673
-19.004
-16.9915
-15.5732
-14.5513
-14.1206
-14.1363
-14.248
-14.5963
-15.3632
-15.7614
-15.96
-16.5162
-16.7706
-16.9783
-17.0831
-17.1115
-17.1125
-16.8956
-16.4879
-16.0617
-15.7391
-15.5724
-15.6193
-15.7633
-15.7932
-15.7261
-15.3632
-15.0237
-14.5366
-14.2042
-14.5555
-15.0545
-16.3974
-17.8493
-18.4153
-19.1812
-19.4482
-20.0957
-20.9352
-20.6989
-20.1483
-19.4842
-19.2533
-19.1102
-19.4238
-19.9183
-20.1182
-20.1423
-20.0004
-19.4864
-18.9833
-18.3338
-18.1414
-17.7832
-17.5043
-17.3003
-17.0524
-16.8525
-17.0394
-17.2791
-17.48
-18.1193
-18.6242
-18.85
-18.8454
-18.6896
-18.3782
-18.457
-18.4708
-18.6928
-18.9514
-19.0467
-18.9598
-18.7463
-18.3889
-18.4454
-18.4187
-18.5252
-18.8957
-18.9185
-18.7959
-18.5001
-18.0711
-18.0099
-17.9275
-17.7798
-18.1697
-18.3709
-18.4698
-18.3256
-18.2024
-17.9379
-18.1284
-18.2887
-18.6057
-18.9922
-19.1547
-19.3114
-19.388
-19.4721
-19.9156
-20.5124
-21.0146
-21.5299
-22.0343
-22.0229
-22.129
-22.374
-22.7173
-23.0431
-22.769
-22.4052
-21.6583
-20.7017
-20.4389
-20.5455
-21.9249
-23.8901
-26.1604
-28.7123
-26.7646
-25.2148
-25.0143
-24.7148
-24.1846
-23.9539
-23.9896
-22.9559
-22.6575
-22.7784
-22.4983
-22.5357
-22.1619
-22.0212
-21.7836
-21.5503
-21.6652
-21.8681
-21.6064
-21.1645
-20.9369
-20.4767
-19.6785
-19.5027
-20.0215
-18.602
-18.2588
-18.9456
-18.0447
-18.0813
-19.4236
-18.4909
-18.8226
-19.8563
-18.678
-19.6318
-19.9596
-20.2394
-22.0327
-22.2632
-23.9579
-25.2146
-24.5718
-25.8214
-24.9075
-25.9084
-26.2416
-26.6384
-26.8627
-26.0236
-27.2597
-26.6035
-27.5914
-28.7606
-28.5619
-29.7292
-29.0845
-29.6048
-28.8133
-29.5789
-29.7296
-29.7571
-30.6299
-30.7451
-30.9447
-30.2142
-30.2176
-29.4934
-30.2682
-30.7141
-30.9631
-31.0383
-31.3978
-31.4549
-31.2226
-31.4881
-31.1359
-31.6136
-31.9206
-31.987
-32.6702
-32.5925
-33.1683
-33.5067
-33.8178
-34.2558
-34.4988
-34.9718
-35.1263
-35.2581
-36.0829
-36.4228
-38.1217
-38.2148
-39.4894
-39.1279
-39.6008
-40.2149
-42.0412
-44.7565
-49.2279
-51.946
-43.4638
-36.3243
-32.7379
-31.6637
-29.6904
-28.522
-27.8022
-27.5874
-26.9443
-26.3554
-26.4064
-26.2699
-25.792
-25.394
-25.291
-24.1245
-23.5447
-23.04
-23.044
-22.4606
-22.1075
-21.8521
-21.7526
-21.4615
-21.303
-21.439
-21.4286
-21.4682
-21.4981
-21.3182
-21.2683
-21.0821
-20.9207
-20.7808
-20.8549
-20.7741
-20.5527
-20.1675
-20.1309
-19.8827
-19.8834
-20.2307
-19.6286
-20.7474
-21.2452
-21.6753
-22.3697
-22.3859
-23.4036
-24.055
-24.5313
-24.831
-25.323
-25.879
-26.0869
-26.5729
-26.5263
-27.3018
-27.6096
-27.9775
-28.552
-28.9915
-30.6288
-31.8004
-33.3199
-35.1792
-35.9728
-38.9408
-42.5072
-37.4256
-34.8053
-32.5728
-30.6052
-30.313
-30.5803
-30.4218
-30.5916
-30.457
-30.2634
-29.7065
-29.4888
-29.3083
-28.6212
-27.9701
-27.4549
-27.3342
-27.2179
-27.758
-28.6452
-28.9802
-30.0783
-30.6173
-30.7017
-30.4878
-30.5567
-31.1683
-31.4144
-31.8455
-32.0841
-32.5378
-31.7919
-27.5768
-24.9392
-24.0536
-22.9663
-23.1777
-23.1631
-22.7987
-23.0608
-22.6355
-22.0817
-22.0336
-21.5453
-20.8227
-20.8104
-21.0642
-20.2605
-20.0101
-20.3383
-19.5092
-19.5333
-19.759
-19.2817
-19.0914
-19.2212
-19.7401
-19.6367
-20.3582
-21.2707
-20.7205
-21.1407
-21.8918
-20.9592
-21.0078
-21.6092
-21.4476
-23.2224
-23.6895
-22.5392
-22.4924
-22.5924
-24.107
-26.3822
-25.7396
-25.0678
-23.7455
-24.1368
-25.4987
-23.8073
-24.0582
-22.9936
-21.759
-22.0788
-21.1048
-20.7405
-21.0839
-21.4356
-21.1956
-20.9303
-21.055
-19.8087
-19.4867
-19.4327
-18.8387
-18.8858
-19.0462
-19.4841
-19.26
-19.5948
-20.3166
-20.531
-21.9605
-22.6705
-22.6054
-22.2534
-22.1487
-22.1025
-22.5457
-21.7474
-21.2111
-21.8573
-21.1968
-21.8679
-22.6771
-22.1097
-23.2216
-23.1284
-22.1113
-22.8634
-22.0119
-21.6928
-22.1202
-21.7197
-21.3585
-21.3937
-21.0663
-20.033
-19.6308
-19.7154
-18.6048
-18.2497
-18.2284
-18.1982
-18.5128
-19.2437
-19.8447
-19.719
-20.0196
-20.2242
-20.243
-20.1774
-19.6504
-19.1421
-19.4613
-18.5138
-18.5201
-18.6022
-18.2264
-18.6281
-19.2819
-19.9322
-19.9339
-20.7213
-21.2653
-20.8393
-21.381
-21.6733
-20.9527
-21.0913
-21.3964
-20.5327
-20.4454
-20.9333
-20.0387
-20.0018
-20.7535
-19.7921
-19.7212
-19.882
-19.3857
-19.3503
-19.2913
-19.8031
-19.2011
-19.2974
-19.7398
-19.1086
-19.3132
-19.4526
-20.1575
-19.8388
-20.0385
-20.5826
-19.9942
-19.9146
-20.0401
-20.2588
-20.2198
-20.858
-21.8557
-21.2562
-21.6524
-22.4703
-21.4161
-22.0626
-22.0893
-21.6732
-23.0655
-22.9632
-23.5773
-25.6259
-25.0992
-26.3328
-24.8205
-23.8856
-24.2923
-23.9374
-23.3204
-23.8928
-22.7878
-23.6844
-23.4978
-22.8353
-23.522
-23.1484
-22.6654
-22.8213
-22.1532
-21.0584
-20.564
-20.5255
-20.3842
-21.1392
-22.0863
-22.4506
-23.4532
-24.5008
-24.7152
-24.4637
-24.0612
-23.4004
-23.6551
-24.0433
-24.2064
-24.2025
-24.3221
-24.2518
-24.0911
-24.5341
-24.6648
-24.6383
-24.4487
-23.7361
-23.3877
-23.3589
-23.2468
-23.2717
-23.3568
-23.4219
-23.1827
-23.2458
-22.7901
-22.8456
-22.2216
-21.9176
-21.7615
-21.139
-20.9757
-21.3965
-21.366
-21.5631
-22.839
-22.716
-23.7895
-24.7916
-22.9825
-23.2848
-22.9103
-21.8173
-22.2337
-23.0678
-22.7296
-22.9777
-22.8744
-22.057
-21.657
-21.7573
-21.7398
-22.2182
-22.6574
-22.0965
-21.1079
-20.4073
-19.9519
-19.7421
-19.862
-20.1534
-19.2688
-18.8644
-18.6296
-18.6079
-18.7022
-19.2632
-19.9045
-19.4474
-19.876
-20.0556
-20.7078
-20.2312
-20.3789
-21.0876
-20.286
-20.587
-21.4265
-20.6708
-20.9057
-21.3998
-21.0183
-21.2201
-21.8117
-21.5612
-21.3724
-22.0321
-21.9559
-21.6591
-22.3931
-22.2428
-21.6298
-21.9972
-21.6032
-21.2914
-21.823
-21.7323
-21.2398
-21.0048
-21.4742
-20.5427
-20.2972
-20.4425
-19.6667
-19.4027
-19.2846
-19.7923
-19.2234
-19.1522
-18.9493
-18.8617
-18.86
-18.9056
-19.4155
-18.9162
-18.9208
-19.0613
-19.6318
-19.033
-19.0944
-19.2583
-18.8882
-19.0369
-19.3662
-20.2457
-20.3859
-19.7422
-19.3193
-18.5409
-18.1038
-18.2825
-18.4326
-18.3741
-17.8733
-18.6093
-19.6555
-19.6678
-19.487
-18.1837
-17.1563
-16.9914
-18.0805
-17.5937
-16.1452
-15.6447
-15.7001
-16.9129
-19.8597
-20.6449
-21.6629
-21.972
-22.6001
-25.957
-24.3941
-23.0689
-20.6557
-20.6757
-21.1367
-21.9833
-26.4881
-28.6461
-30.5117
-23.8126
-20.4224
-19.8165
-19.7376
-20.5866
-21.7129
-22.4112
-22.519
-23.8622
-29.0865
-30.8899
-30.9697
-31.6767
-32.152
-32.4885
-32.0291
-31.4147
-31.52
-31.5242
-31.5283
-32.5136
-33.1639
-33.8003
-34.9251
-36.2979
-34.3737
-31.5859
-28.8729
-26.897
-25.7175
-25.0417
-24.9902
-25.2357
-25.465
-25.5585
-25.1583
-24.8645
-24.7749
-24.5152
-24.5437
-24.3705
-24.3712
-24.3427
-24.3355
-24.2302
-24.2745
-24.2707
-24.4226
-24.2247
-24.2228
-23.9956
-23.76
-23.8337
-23.8144
-23.8361
-23.7347
-23.9696
-23.8315
-23.8279
-23.6313
-23.4518
-23.1987
-22.8998
-22.6825
-22.5222
-22.4967
-22.3683
-22.2886
-22.0206
-21.9538
-21.7983
-21.3365
-21.0186
-20.4687
-20.1504
-19.7758
-19.4395
-19.1899
-18.874
-18.698
-18.4701
-18.1538
-17.925
-17.5725
-17.5686
-17.3919
-17.2165
-17.1368
-16.8876
-16.9758
-17.1035
-17.7829
-18.6476
-19.5415
-20.0682
-20.8268
-21.9562
-23.3249
-24.8366
-25.18
-25.2598
-25.5907
-26.6171
-27.9903
-28.5939
-28.4196
-28.8331
-29.4657
-28.7619
-28.813
-28.8519
-28.668
-28.5271
-28.5839
-28.8149
-28.3407
-28.6172
-29.3778
-28.8071
-28.9488
-29.1452
-29.0832
-28.952
-28.9783
-29.2078
-28.5815
-28.6726
-29.3272
-28.5437
-28.6813
-29.033
-29.0554
-29.1133
-29.4838
-29.8267
-29.2702
-29.3669
-30.1895
-29.6132
-29.5764
-29.9218
-29.9383
-29.5238
-29.7059
-30.4688
-29.7841
-29.8303
-30.5039
-30.3398
-30.1398
-30.7713
-31.0278
-30.4508
-30.6907
-31.2605
-31.0302
-31.0825
-31.4695
-31.6532
-31.4606
-31.5625
-32.1706
-31.6592
-31.8574
-32.1573
-32.807
-32.5347
-33.285
-34.3553
-34.2191
-34.991
-35.023
-34.6097
-33.7849
-32.1428
-31.1757
-29.8673
-28.7238
-28.2154
-27.9015
-28.3122
-28.7432
-28.6445
-28.0734
-27.4111
-26.7015
-26.3843
-26.4377
-26.2309
-26.3417
-26.4331
-26.3802
-26.4513
-26.4667
-25.9582
-25.7732
-25.8456
-25.7482
-26.0695
-26.3912
-26.5209
-26.823
-26.744
-26.7509
-26.8853
-26.8921
-26.9336
-27.0919
-26.8902
-26.7057
-26.4954
-26.1677
-25.9641
-25.7038
-25.415
-24.8997
-24.017
-23.6121
-23.162
-22.9723
-23.1605
-22.9851
-22.6864
-22.6286
-22.5447
-22.641
-23.0736
-23.1391
-22.7998
-22.528
-22.2996
-22.0775
-22.1051
-22.2823
-22.0009
-21.4521
-21.2899
-21.1335
-21.2026
-21.4765
-21.1585
-20.3586
-19.7494
-19.333
-19.1911
-19.3491
-19.0052
-18.8272
-18.6798
-18.689
-18.9906
-19.304
-19.2506
-19.2487
-19.3477
-19.5569
-20.0734
-20.1435
-19.8228
-19.6796
-19.6215
-19.6537
-20.1914
-20.3982
-20.2144
-20.1121
-20.1511
-20.1344
-20.4442
-21.0229
-21.0518
-20.9379
-20.867
-20.6868
-20.6062
-20.7772
-20.7043
-20.435
-20.2726
-20.4014
-20.4438
-20.6992
-21.2172
-21.0972
-20.7664
-20.624
-20.4608
-20.3454
-20.5808
-20.5623
-20.2597
-19.8887
-19.7703
-19.419
-19.2528
-19.3
-18.9301
-18.292
-17.9425
-17.4543
-17.0902
-17.179
-16.9295
-16.4223
-16.1839
-15.8874
-15.7294
-15.8723
-15.7537
-15.3842
-15.3667
-15.3627
-15.5747
-16.206
-16.446
-16.5003
-16.578
-16.4622
-16.437
-16.7586
-16.6933
-16.4817
-16.4422
-16.2872
-16.0794
-16.1819
-16.3699
-16.2678
-15.8532
-15.6055
-15.1335
-14.8173
-14.7978
-14.455
-13.8537
-13.5931
-13.2701
-13.2469
-13.622
-13.6319
-13.5091
-13.5691
-13.4498
-13.5747
-13.929
-13.8056
-13.4161
-13.2134
-12.9647
-12.8638
-13.306
-13.3741
-13.1754
-13.1234
-12.967
-12.7823
-13.1354
-13.1515
-12.757
-12.684
-12.4932
-12.175
-12.3062
-12.3378
-11.7587
-11.6858
-11.5108
-11.3649
-11.6291
-11.7315
-11.1747
-11.0409
-10.8337
-10.7396
-11.1078
-11.2439
-10.9075
-10.793
-10.471
-10.3731
-10.4658
-9.97052
-9.82499
-9.56439
-9.67025
-10.4309
-11.5534
-13.4519
-15.9117
-18.4256
-20.7519
-21.0645
-20.9139
-21.8092
-22.3648
-23.1667
-23.6502
-23.6775
-24.1329
-24.7912
-25.2207
-25.3459
-25.6202
-26.0638
-26.2803
-26.5068
-26.7676
-26.6843
-26.3446
-26.1664
-26.3328
-26.7849
-27.5455
-28.3855
-29.1351
-30.2157
-30.8471
-31.1238
-30.8758
-30.9311
-31.0928
-31.1917
-31.1503
-31.3562
-31.8393
-32.0538
-32.3147
-33.1006
-33.713
-19.9537
-16.1923
-14.6839
-15.6596
-17.7601
-16.6953
-15.5416
-15.7784
-16.7153
-18.2581
-18.1734
-17.7677
-16.4314
-15.2025
-15.2203
-15.2844
-16.4137
-17.1098
-17.1405
-16.6986
-17.1297
-17.1506
-16.7449
-16.8459
-16.7066
-16.1069
-16.2595
-15.8972
-15.8873
-16.3412
-16.1933
-16.9491
-16.6983
-16.2938
-16.081
-15.554
-14.6521
-13.8794
-12.6774
-12.3576
-12.0156
-11.8625
-12.1266
-12.2883
-12.7398
-12.7055
-13.0509
-12.902
-12.9849
-12.9994
-12.4744
-12.6831
-12.3156
-12.619
-13.2472
-12.9923
-12.8188
-13.1476
-13.1887
-13.7037
-14.6034
-14.8375
-15.3305
-15.9745
-16.2732
-16.3885
-16.2563
-16.4931
-16.6856
-16.3857
-15.8451
-15.4044
-15.2343
-15.2322
-15.5932
-15.6289
-15.8164
-15.8145
-16.0383
-15.942
-15.5593
-15.3894
-15.4983
-15.2652
-15.089
-14.6777
-14.7464
-14.8774
-15.1249
-15.4812
-15.5685
-15.5572
-15.4084
-15.2549
-15.2229
-15.1168
-15.1565
-15.1286
-14.9593
-14.7194
-14.7928
-15.0016
-15.0635
-15.0213
-14.8979
-14.8589
-14.4617
-14.3994
-14.2626
-14.1274
-14.2404
-14.035
-14.3025
-14.4935
-14.3882
-14.1127
-13.906
-13.9148
-13.9967
-14.3712
-14.3109
-14.055
-13.9607
-13.8994
-13.6734
-13.5668
-13.0737
-13.0936
-12.9322
-12.8268
-12.7102
-13.1929
-13.7319
-14.2024
-14.2984
-14.5043
-14.4949
-14.8068
-14.6186
-14.146
-13.2969
-12.69
-12.4624
-12.4192
-12.5349
-12.582
-12.6358
-12.6858
-12.5383
-12.7409
-12.8922
-12.737
-12.5807
-12.1819
-12.3855
-12.6373
-12.8828
-13.2915
-13.5646
-13.7569
-13.4713
-12.9506
-12.6722
-12.5927
-12.5283
-12.7483
-12.9232
-13.3562
-14.1952
-14.5058
-14.4478
-13.7177
-13.0979
-12.786
-12.3476
-12.0408
-11.8869
-11.7594
-11.919
-11.8567
-12.16
-12.2396
-12.0224
-11.8136
-11.4968
-11.7521
-11.8653
-12.1526
-12.5773
-12.7959
-12.7873
-12.3578
-12.2184
-12.2398
-12.6047
-13.1053
-13.2817
-13.456
-13.7229
-14.3815
-14.3506
-13.8467
-13.0066
-12.2781
-12.0747
-12.0653
-12.2942
-12.5215
-12.8375
-13.1687
-13.3154
-13.2757
-13.1739
-13.1311
-13.2736
-13.2628
-13.5162
-13.5138
-13.4927
-13.7951
-14.0258
-14.6899
-15.4521
-15.8383
-16.23
-16.4679
-16.8123
-17.0146
-16.9029
-16.6336
-16.7456
-16.991
-17.4117
-17.7874
-17.6475
-17.3718
-17.0945
-17.0134
-16.5065
-16.231
-16.2664
-16.0383
-16.0873
-16.0679
-15.8467
-15.7021
-15.6122
-15.5488
-15.4536
-15.4362
-15.3522
-15.2534
-15.1073
-14.9112
-14.6695
-14.3605
-14.1638
-13.9121
-13.5626
-13.4128
-13.5964
-13.5759
-13.6891
-13.9006
-13.7848
-13.6162
-13.3955
-13.1694
-13.053
-12.9647
-13.1313
-13.1543
-13.0325
-12.9855
-12.6903
-12.2768
-12.2149
-12.4042
-12.4252
-12.7793
-12.9152
-12.7349
-12.4025
-12.3301
-11.86
-11.4983
-11.54
-11.6165
-11.7443
-12.189
-12.3754
-12.5241
-12.7635
-12.918
-13.1304
-13.3899
-13.5162
-13.5935
-13.4799
-13.4599
-13.434
-13.4506
-13.42
-13.1819
-13.0693
-12.9688
-12.6463
-12.6003
-12.7393
-12.6723
-12.8915
-12.9577
-12.6763
-12.3741
-12.1566
-12.0679
-12.1153
-12.0569
-12.1804
-12.0683
-11.8264
-11.84
-11.3786
-10.891
-11.0066
-10.9495
-11.2843
-11.816
-12.2251
-12.7108
-13.1846
-13.4646
-13.8727
-14.0269
-14.066
-14.166
-14.1184
-14.1328
-14.2295
-14.2179
-14.0818
-14.0501
-14.0117
-13.6564
-13.6526
-13.1784
-12.8842
-13.0211
-13.025
-13.2467
-13.1682
-12.7831
-12.4223
-12.3313
-12.2444
-12.4457
-12.1896
-12.0344
-11.83
-11.5628
-11.4008
-11.3656
-11.3752
-11.511
-11.5832
-11.7531
-11.9302
-12.1245
-12.3792
-12.5393
-12.6257
-12.4733
-12.446
-12.7446
-12.84
-12.8682
-12.8596
-12.5868
-12.1743
-12.1039
-11.8776
-11.8533
-12.1866
-12.0626
-12.2622
-12.2184
-11.9131
-11.7059
-11.0878
-10.5663
-10.4909
-10.4146
-10.5331
-10.6773
-10.7072
-11.5824
-13.099
