-25.9767
-3.47002
7.51807
4.68295
-2.18969
-5.49504
-0.944945
-13.1695
-15.5895
-5.18511
-10.8484
-10.7789
7.87218
3.01963
-3.62241
-4.77752
-6.42454
-13.21
-8.35695
-4.00745
0.0232147
7.068
-7.40036
3.8444
5.05101
0.826447
0.881007
1.40675
2.54434
9.73547
-6.33541
7.58548
7.96937
-4.38569
4.58778
18.9825
21.6194
14.2342
17.2451
16.7599
4.28946
11.9766
6.24977
5.80598
12.2657
0.567326
15.2517
5.4695
-9.96436
11.68
9.11779
11.8057
5.37638
7.35126
0.133668
9.18174
-0.83113
-0.770914
2.39377
-4.92933
5.30588
-2.34448
-6.62247
-7.03312
-3.96575
-6.00504
-1.39188
-6.89896
-9.04679
-24.7519
-25.9152
-25.0944
-36.3086
-31.5897
-33.1044
-36.0469
-41.2332
-49.2317
-47.7377
-44.8457
-48.3515
-49.3279
-45.7715
-46.5911
-47.5515
-48.7598
-50.5752
-51.8724
-48.8247
-56.3319
-52.8673
-54.7425
-55.3225
-52.4829
-52.1
-55.0774
-53.9802
-58.55
-50.6543
-53.4947
-51.3359
-53.1809
-53.5216
-55.1966
-55.4804
-55.0696
-52.6469
-50.9319
-48.2759
-53.1613
-49.7198
-51.4376
-60.595
-57.0017
-54.6185
-57.2263
-52.6882
-56.0445
-57.1553
-53.9839
-54.5888
-59.4996
-53.5333
-50.8018
-46.9213
-49.6713
-47.9524
-47.1391
-46.0519
-45.9975
-53.5367
-47.6559
-55.9403
-64.6213
-59.8529
-65.2105
-60.8742
-62.3065
-67.937
-62.908
-65.8341
-60.1939
-56.9948
-58.5946
-60.0481
-62.8019
-59.5317
-59.9969
-63.8215
-71.9621
-68.225
-66.838
-60.933
-45.6177
-40.673
-45.0189
-48.0314
-41.2899
-40.4841
-57.2709
-33.1524
-36.1259
-32.7809
-31.5749
-27.7728
-30.6916
-30.7473
-32.537
-35.3836
-32.2468
-30.5192
-35.4629
-32.7359
-35.4991
-31.6326
-33.3
-20.928
-16.1618
-22.8333
-24.1556
-26.621
-28.3067
-23.4232
-34.3025
-29.8311
-36.8134
-33.2142
-30.1973
-28.1464
-25.9702
-22.6148
-26.4491
-25.3985
-27.9228
-28.5836
-29.0324
-34.0486
-36.268
-33.6781
-31.4163
-31.3246
-28.4969
-23.2703
-25.0898
-21.5987
-23.294
-26.1367
-26.6998
-33.2438
-35.4645
-38.8703
-30.0353
-19.2647
-12.0646
17.2721
11.2539
5.33188
6.25161
-23.1953
-31.1907
-24.4468
4.12883
5.24206
-4.09646
1.57343
-1.05641
-1.76531
-0.653672
3.87364
-9.19734
-8.46242
-12.9169
-14.4587
-23.86
-13.226
-18.5697
1.50753
0.00854869
-11.0737
-14.0326
-20.1788
-18.2787
-15.8567
-19.2152
-12.0922
-3.93453
-7.98479
-3.26566
-10.1585
-4.9967
-8.1871
-12.3424
-10.8031
-8.16686
-12.9069
-14.7715
-11.5766
-14.4647
-10.9624
-11.6112
-10.6947
-11.382
-7.66563
-15.6339
-11.1767
0.358785
-0.139739
-13.632
-3.07902
-8.19932
1.96143
1.34327
-2.13053
-1.85648
5.91435
-6.71775
-7.9661
-0.376084
-16.2697
-48.1964
-32.045
-19.4836
-29.5695
-41.7041
-51.6269
-57.3295
-47.1814
-32.9333
-26.8525
-33.3967
-25.0811
-24.3656
-30.4188
-24.7837
-18.937
-15.4558
-14.7234
-20.9212
-20.7723
-18.0273
-16.2753
-18.776
-17.6053
-19.5573
-9.13016
-8.62732
1.54908
-5.46917
-11.5443
-6.27847
-12.9914
-24.144
-35.7782
-40.281
-24.6527
-34.5054
-37.6293
-32.7153
-37.2318
-32.5798
-34.4366
-35.3467
-33.3694
-24.7151
-26.8636
-21.0785
-13.5365
-10.5767
-0.822508
-2.33961
-11.1134
-29.6117
-33.4587
-36.8441
-33.7188
-45.9261
-37.7933
-41.4728
-42.0676
-36.6516
-42.5186
-48.5729
-62.3108
-48.9129
-52.5688
-50.7189
-58.8752
-51.8026
-59.2861
-58.4387
-60.6079
-48.7925
-46.1795
-30.9193
-27.8726
-19.3804
-16.6486
-15.4451
-10.896
-4.79024
1.59565
-3.66337
-5.83311
2.20946
-2.39969
-14.5761
-21.5281
-13.8124
-21.098
-29.5013
-26.3764
-23.1958
-28.6064
-34.6641
-40.2765
-38.7313
-17.6575
-8.74325
-5.05259
1.78483
-3.948
-42.2636
-21.2856
24.2171
19.6662
31.2446
4.9427
14.8374
10.5152
6.11994
9.59013
14.8301
16.3699
17.9988
4.87334
6.03627
13.036
28.9953
25.6908
29.2088
24.1709
20.3871
12.2423
16.0223
17.6905
20.6501
35.6168
18.9526
26.7578
39.5307
15.5197
17.5297
16.766
18.6084
17.7343
12.0964
16.6153
24.1959
15.7701
19.1824
19.8262
20.6611
25.9634
23.9617
30.7326
30.805
14.7495
6.69349
33.2658
26.8323
7.9622
20.6288
18.8515
15.8825
16.0692
22.6879
15.7833
19.609
11.0252
10.4705
3.08985
4.04035
16.9534
17.4041
24.6222
22.9558
24.9415
12.9843
9.82033
19.9156
20.11
28.4149
20.1076
13.6552
18.0864
20.2263
19.5421
15.473
12.3837
10.4136
2.47707
11.892
21.7588
22.4217
24.7173
26.7146
10.7376
2.50691
46.3843
14.188
24.245
20.9584
32.3773
23.4474
24.8915
17.8651
17.3883
-0.106128
8.60306
16.4525
12.8861
10.8974
20.4001
5.0215
13.3165
8.2217
4.25422
1.38399
11.7905
13.4133
7.34884
6.73276
8.66471
6.70248
16.1183
14.2475
25.2829
13.0731
8.57626
2.40039
23.5664
12.7166
12.6845
1.15881
15.7793
25.9413
30.1974
4.48965
13.1911
7.43535
20.0813
19.1237
4.50051
3.97018
-5.94496
16.8692
8.69269
9.92777
17.9297
13.0856
16.8823
15.6183
19.2258
19.5057
20.8156
16.6734
17.508
17.7247
11.3681
9.65174
16.3164
3.23505
9.5715
6.28403
14.4153
8.51416
19.1486
24.7563
22.8781
16.9356
12.7008
6.15071
-44.1091
-30.8288
-23.4871
-23.734
-34.1743
-24.3332
-27.4224
-20.7388
-23.9664
-30.3361
-23.4917
-16.8787
-17.3352
1.16157
2.54041
2.58827
13.8238
-7.23444
0.536662
-33.3207
-43.1621
-32.3782
-35.5185
-32.2296
-25.6106
-14.4367
-13.154
-12.0776
-13.6888
-20.7293
-26.2471
-39.2698
-26.2901
-23.7268
-18.2751
-17.4889
-12.6972
-8.58781
-13.8165
-8.63693
-9.17033
-5.75601
-6.58479
-7.06631
-3.62132
-3.72768
0.961518
-11.4333
-4.58474
-8.66405
-11.1954
-5.68139
-7.29893
-6.58408
-0.428767
-2.19399
0.218696
0.763853
3.02148
-19.0734
-12.4808
-13.2001
-9.24064
-15.2495
-5.62124
5.88078
4.7733
3.77397
-8.75671
-12.7085
-18.0608
-10.7446
-4.93387
-15.384
-17.4378
-10.9377
-12.1655
-8.65582
-10.2624
-7.75937
-12.0487
-14.9905
-18.0151
-9.76864
-22.824
-14.6647
-27.031
-29.894
-30.151
-39.0651
-44.021
-41.358
-46.603
-54.1402
-68.5993
-54.2725
-56.8499
-59.5212
-50.155
-55.9864
-56.9622
-67.2759
-65.2931
-26.4591
-42.4855
-34.1937
-30.8929
-20.7861
-24.7385
-14.9042
-18.2746
-0.743482
-0.747985
1.46974
10.4998
15.2718
15.8563
10.7777
11.6931
11.1737
8.56562
4.97441
11.5979
15.8729
16.3154
15.7612
16.7081
18.6116
21.2008
17.4157
22.9963
24.0176
18.6024
22.991
22.6318
19.9179
23.0405
26.1686
17.1164
23.9643
24.3266
23.4504
21.3047
15.9257
11.7485
15.5776
11.4911
13.1248
18.0668
14.8719
16.6689
8.22581
12.3787
7.46924
9.64039
16.3189
11.5356
11.8808
14.9237
8.15697
8.47956
13.3416
7.69681
8.2868
11.1529
11.8353
14.0371
11.365
18.5739
12.7729
9.17965
5.85423
13.8842
12.0523
14.7124
17.0163
18.9201
17.1409
17.0793
17.7785
14.9234
11.4175
11.7133
15.618
11.3627
12.8258
12.3715
13.0593
11.9873
20.8989
13.7443
12.7905
11.1677
19.7486
14.5038
16.6147
18.2013
19.7694
20.2331
12.0037
13.8679
15.814
11.7183
11.3699
10.8183
2.04652
4.87047
6.55973
-4.2729
-4.47322
-10.1824
-23.2087
-29.5274
24.4769
25.7502
24.6198
16.3458
16.547
17.4567
17.4746
16.6533
13.7335
6.07381
5.98125
-3.1526
-22.7314
-37.1013
-45.3297
-46.7001
-51.1205
-58.2003
-46.6392
-45.8421
-31.739
-15.5679
-11.5542
-6.75737
-13.9587
-15.6564
-32.4885
-3.17495
8.74797
6.79866
8.4008
8.66959
4.58518
10.7237
-3.13415
-0.933037
5.25521
-2.86165
-1.70118
-4.77306
-1.56655
-8.37125
-11.0251
-1.06366
-3.85965
2.58002
4.01465
-4.36656
-10.7341
-20.3115
-12.5909
-22.4667
-18.1788
-13.5174
-11.6352
-17.0858
-24.8528
-24.6556
-2.21765
-5.21318
-2.47946
-5.60407
-6.84374
-4.09006
0.363738
-7.46054
-2.82995
-9.89878
-22.1428
-16.9173
-9.94494
-10.1359
-10.5262
-11.5912
-14.743
-19.4163
-16.6007
-14.9814
-20.4449
-18.051
-15.6985
-15.722
-12.2121
-9.38925
-19.6204
-17.3168
-20.4954
-4.87056
-8.34639
-10.366
3.72982
-0.974009
-7.48983
-11.7382
-1.49224
-5.66299
-18.1318
-7.91553
-19.7521
-6.68448
-1.32718
-6.98881
-15.4941
-4.85522
0.684219
2.70218
-9.64946
-5.94776
-7.24679
2.05335
-2.30878
-9.46828
-5.94582
-13.2575
-12.9986
-11.3906
-6.97675
-13.7935
-20.8103
-5.65004
1.14553
-2.55076
-12.9635
-8.27063
-4.44758
-4.58135
-1.17708
-11.5414
-12.9562
-14.634
-15.7399
-5.99499
-0.39474
-12.6004
-11.3927
-9.70753
-8.26048
6.46975
-12.6688
-4.07125
-1.27983
-7.24379
-5.14327
-5.30019
1.78927
-2.14047
-2.21042
-3.81824
0.116492
0.956335
3.53702
-4.47021
-3.21993
-11.0508
-5.72745
-1.83966
-2.39679
0.361611
-7.71072
-13.4109
-6.364
-15.3251
-4.43368
1.43156
-9.28849
-4.68234
-1.65135
-5.66265
-14.8403
-10.8516
-6.32627
-8.97065
-12.5799
-20.5543
-20.5322
-9.79745
-7.03779
-15.0113
-18.0411
-12.0157
-11.0945
-18.7267
-2.42931
-0.987311
-4.83473
-17.8666
-15.1323
-1.98141
-11.8884
-11.9207
-6.74047
-2.26755
-5.74256
-11.5772
-6.45165
-8.87118
-7.71744
-10.7454
-10.125
-7.77594
-1.49992
-6.65761
7.83179
1.44929
-5.98805
-12.0175
-10.216
-3.3108
-6.94474
-8.51384
-9.52412
-5.54654
-7.47568
-12.4196
-11.4081
-0.143585
-3.53279
-11.3442
