12.9561
18.3047
16.1423
9.02986
16.877
4.00947
13.544
6.54134
19.6408
20.5059
16.4503
12.7202
12.9021
10.0048
-3.00878
3.72572
2.57649
3.90228
-1.93715
7.3854
36.0221
51.545
45.7536
35.2628
18.0396
-9.58775
-12.255
-5.53243
-9.47077
-8.93147
-7.33277
-12.0344
9.71357
3.94513
-1.20146
5.50299
6.18317
4.9109
8.55111
11.6334
17.2744
12.4291
20.9161
32.5282
32.5133
40.3434
33.0919
28.676
29.732
32.6097
29.8158
37.7953
38.5557
35.475
46.1427
34.6977
44.6452
40.7564
41.0251
35.8884
37.7256
37.7868
41.5168
36.073
36.2501
31.894
35.1637
35.4684
32.7664
35.8505
39.9939
34.1635
35.5159
34.08
35.6001
36.9997
29.0763
41.71
33.1042
33.5428
47.2953
37.2472
40.1872
33.9807
36.2405
32.7088
37.4644
33.7733
37.2456
34.487
42.68
46.44
40.9943
36.7075
34.5588
31.7143
43.0584
37.9742
32.3731
25.3406
30.6929
36.419
25.7713
37.6207
35.7779
32.964
32.3871
37.3767
35.5438
31.0795
44.9371
34.0045
36.8002
41.8647
44.9168
39.1275
39.7929
29.1149
28.419
26.8055
26.7911
34.1054
34.7889
30.399
28.3893
31.8136
24.1438
22.7487
37.8375
30.5717
27.931
31.673
30.9757
18.7623
25.5294
27.7295
31.1576
29.0054
20.8047
19.9093
21.9
18.7326
20.6663
18.5241
17.849
23.0291
2.165
5.30035
17.8202
25.3823
20.0418
25.9276
14.4005
9.33066
5.91875
7.45912
12.3518
13.5867
17.7651
19.5388
16.677
14.9848
17.7861
17.404
16.1412
16.3601
16.0923
13.3249
15.3606
18.5903
18.0747
17.355
21.5145
21.5859
23.4994
19.7894
17.5339
4.56369
1.85971
12.5468
16.817
19.8018
19.3246
13.3091
8.02629
1.89158
7.71778
5.12413
-1.64138
-6.38609
-1.23478
-1.57739
-2.09642
-5.53754
-6.85003
-5.15482
5.96674
8.60748
-2.93702
5.06585
-2.41344
-3.92278
-1.04333
-3.01503
4.61657
2.81583
-4.4562
-5.28274
4.44794
-2.48266
15.7797
24.5452
29.0113
27.6562
26.8394
24.5392
27.1051
24.7509
27.9508
35.36
31.779
33.7482
35.1786
31.2946
37.0314
41.9045
32.8647
36.4595
28.2798
25.0391
20.3178
7.28609
-5.19289
-0.635928
13.9531
24.8596
20.6854
23.5386
21.293
19.4149
21.7844
24.4878
31.5306
35.0616
30.7773
33.5929
34.8733
34.1683
37.4158
28.2325
28.1927
27.3602
22.4474
21.9177
25.5923
23.5635
19.1502
21.2309
20.1337
21.0459
28.4443
26.8838
27.3571
37.4237
31.5081
18.4068
20.4011
24.1187
30.086
25.9459
28.8136
24.4979
21.92
21.6532
21.3174
9.38799
12.0231
10.9917
5.99651
5.85067
4.11293
9.19205
7.59928
4.53291
11.6709
9.01936
-17.556
-10.7071
-24.7244
-17.8043
-16.2623
-8.96148
-17.3396
-8.8232
-5.99701
2.82981
20.6537
19.9213
30.1322
26.3409
23.124
23.7445
23.029
23.3835
27.8073
29.3315
23.7165
20.439
27.2708
25.6849
29.6666
26.233
22.6458
25.0937
13.581
18.5869
12.2118
14.3179
-0.726706
0.714205
-4.25485
6.28127
-1.40526
2.98884
10.6161
7.99793
0.644012
7.12257
8.74663
9.20622
11.8044
23.2646
22.4926
25.9658
12.7759
23.3872
13.271
27.2368
21.9969
27.2642
17.6127
21.2781
26.1314
18.9862
19.2793
23.4754
15.2068
18.0551
27.2532
20.9883
19.669
37.8294
38.4317
28.5435
25.6637
27.2934
24.9317
16.4695
25.4
17.4032
20.005
16.4892
23.3928
20.3033
17.0352
16.399
19.9899
23.1119
30.5931
28.8972
24.0171
22.7307
23.373
20.6507
14.2458
18.9397
26.3713
24.3302
26.9577
16.7745
8.34526
18.7729
6.47479
17.2632
21.4543
11.7546
13.4106
12.6007
11.8409
9.36013
19.7677
13.8555
19.1378
11.1288
9.66705
20.1713
22.8769
30.705
34.3641
30.0233
24.8447
15.9436
14.516
9.44898
17.1229
18.5631
22.409
0.585063
-13.6362
-9.18372
-4.42803
-8.00213
1.55408
-7.55131
-7.25924
3.04769
-4.72294
-4.89356
-5.36857
-0.772965
-6.4436
-9.56789
-9.00642
-6.17594
12.2637
-17.64
-10.325
-8.20393
-8.33561
-5.97078
-1.53028
2.20714
5.21604
2.25943
-0.449682
-1.14035
-2.93204
-4.56408
-0.0614328
-5.4167
-11.5831
-3.57496
-10.6755
-3.27564
-1.78713
-14.3641
-8.13281
-4.40756
-5.05262
0.589691
3.99365
2.11707
7.70808
9.4632
3.70742
11.6121
6.791
-0.127311
-0.685945
0.89812
3.85444
0.972157
-0.962152
1.44617
-0.237479
-5.7652
2.26103
4.77529
4.94092
10.9756
6.78724
6.46403
2.20976
-3.19396
-8.68535
-14.203
-8.9944
0.446407
15.6744
15.1586
17.8575
9.54175
9.7149
14.9826
12.6002
12.4146
2.44285
20.279
27.8832
39.6067
35.1429
15.9176
6.01515
-0.29415
-4.7631
-1.51708
-4.85138
-2.6389
-1.30488
-2.09049
4.27837
11.3306
19.7195
6.59159
17.426
6.697
8.33649
4.05219
5.96082
0.938862
5.21599
1.64436
1.36239
1.8798
1.44376
-0.780657
0.525752
-2.26186
0.0884563
1.09369
0.582444
-1.17008
-2.33314
-2.65625
-3.25736
-2.38149
-4.11136
0.901948
-0.603981
0.853029
-2.84125
-2.75651
0.0943054
2.21574
0.800701
1.27319
6.21526
1.94026
