-22.7703
-21.5814
-20.4308
-20.0524
-19.9705
-19.0815
-19.2316
-19.8867
-20.4197
-22.2075
-21.8043
-20.8045
-20.7521
-20.8091
-20.3125
-21.0594
-21.6633
-21.532
-21.6653
-22.0332
-20.4213
-20.7712
-21.8141
-22.6403
-26.9788
-26.1582
-27.2213
-27.7552
-29.1893
-31.7946
-30.7011
-31.6919
-33.2545
-32.385
-32.3952
-35.7726
-33.3125
-32.7126
-31.2246
-16.5767
-14.2476
-13.4285
-13.1541
-15.4093
-18.3708
-21.4256
-21.7848
-21.1783
-19.085
-17.082
-16.5267
-15.2223
-15.4079
-15.4386
-15.4823
-16.733
-17.487
-18.5339
-18.1716
-18.3132
-17.5489
-17.4389
-17.2195
-17.4274
-17.5894
-18.2575
-18.4429
-19.374
-20.3187
-20.1642
-20.2638
-19.661
-20.2227
-20.2124
-21.5172
-22.4406
-22.6238
-23.6925
-20.8529
-20.3001
-19.9722
-18.5193
-19.185
-18.6053
-18.2319
-19.0445
-18.9532
-20.8004
-20.1133
-21.9651
-21.7914
-22.5335
-22.4623
-22.581
-23.6439
-22.4072
-22.9894
-21.3119
-21.9904
-21.727
-20.6622
-20.9969
-20.766
-22.1923
-21.9122
-21.4805
-22.2125
-22.0367
-21.1909
-20.2907
-20.5161
-20.5241
-21.6017
-22.1357
-23.0288
-22.0858
-21.2717
-20.3615
-20.159
-20.7177
-20.1623
-21.4748
-20.8609
-20.501
-18.7155
-19.0625
-18.806
-18.4256
-18.8339
-18.6578
-18.5757
-17.8412
-18.342
-17.6542
-17.5835
-16.6161
-16.4203
-15.6125
-15.8258
-15.3801
-15.0946
-14.6949
-14.72
-14.74
-14.6439
-13.9108
-13.9195
-13.4202
-13.2877
-13.2831
-13.1333
-12.8156
-12.5392
-12.385
-11.6513
-11.663
-11.3571
-11.2064
-11.1575
-10.8442
-10.8391
-10.4326
-10.4106
-10.0253
-10.068
-9.53506
-9.72599
-9.11109
-9.30959
-8.89614
-9.02024
-8.68836
-8.69767
-8.69598
-8.79891
-8.78425
-8.73174
-8.805
-8.63991
-8.74297
-8.75753
-8.62045
-8.61458
-8.55353
-8.56703
-8.84919
-8.98222
-9.01217
-8.97321
-8.83442
-8.81558
-9.08326
-9.1733
-9.59575
-9.51409
-9.884
-9.80871
-9.70922
-9.57709
-9.2999
-9.56693
-9.55593
-9.98613
-9.68029
-9.76636
-9.63002
-9.64041
-9.8532
-9.85718
-9.92021
-9.62194
-10.1622
-10.0767
-10.8836
-10.7299
-10.4862
-10.327
-9.9279
-9.62744
-9.482
-9.5394
-9.41245
-9.49735
-9.45046
-9.57731
-9.10937
-9.73943
-9.56853
-9.93757
-10.3904
-10.063
-10.5066
-10.1382
-10.7524
-10.6026
-11.3588
-11.4015
-11.9577
-11.7987
-12.1281
-11.728
-11.9171
-11.8305
-11.8281
-11.6443
-11.5579
-10.62
-10.7969
-10.0679
-10.0515
-9.01852
-9.31843
-8.68204
-8.91074
-8.88306
-9.57723
-9.21892
-10.0885
-9.69152
-9.64545
-9.0934
-9.06359
-9.04523
-9.32504
-9.42928
-9.59636
-8.85469
-9.36244
-9.28672
-9.95109
-10.1679
-9.55377
-9.87941
-9.94339
-10.1152
-10.3101
-10.5895
-10.5058
-10.7857
-11.0923
-11.3963
-11.6511
-12.1486
-13.5137
-14.9746
-16.0171
-16.8296
-16.5871
-17.6541
-19.211
-19.0009
-24.0913
-24.6511
-24.002
-24.0732
-30.5486
-29.7509
-31.1807
-33.1711
-33.8398
-32.2877
-34.922
-33.8022
-31.0682
-31.8604
-31.4629
-29.3433
-35.1492
-33.0303
-27.3621
-29.3049
-31.4995
-28.2908
-29.6781
-33.9437
-30.2804
-30.7481
-32.9305
-32.4757
-36.2586
-36.8092
-35.9536
-34.2198
-35.0542
-33.7754
-30.7665
-33.889
-30.7941
-31.2502
-34.9978
-33.2182
-31.1454
-34.9717
-32.0505
-37.6951
-36.2659
-33.2404
-31.0164
-31.5972
-31.2881
-31.1243
-31.2994
-34.0006
-33.1374
-34.3453
-35.2688
-34.4171
-31.9429
-32.2926
-34.417
-35.043
-35.8599
-34.0421
-34.2646
-33.7102
-34.6505
-32.7439
-31.0388
-32.2726
-34.1734
-29.8572
-31.2111
-32.9103
-29.0114
-32.0445
-32.7243
-33.2361
-33.3688
-30.8487
-31.1436
-35.5075
-35.7928
-33.9989
-33.937
-34.4449
-34.152
-29.7327
-33.8693
-31.936
-32.2914
-33.9691
-29.3628
-31.6924
-33.0492
-31.1688
-32.3544
-34.1869
-33.3479
-33.4543
-32.5729
-36.0701
-36.6414
-33.415
-34.5957
-40.8553
-40.9251
-40.9863
-40.6644
-40.4053
-36.6946
-30.6544
-34.1989
-34.821
-31.302
-30.1205
-36.3462
-35.0626
-34.7328
-34.6638
-35.7746
-33.9595
-31.3553
-32.2543
-35.6251
-36.395
-32.8446
-32.5712
-31.0058
-33.4739
-31.6207
-31.6523
-36.5256
-34.5079
-32.0124
-32.455
-32.8405
