-3.99916
-17.8336
-21.6653
-15.585
-6.73528
-7.57703
-9.15801
-15.3915
-19.8361
-18.1468
-19.6772
-28.4209
-21.5921
-20.8423
-18.9048
-17.484
-27.3719
-23.3611
-18.576
-22.3461
-10.2259
-26.8023
-24.5207
-24.1701
-27.9621
-29.6125
-32.6503
-26.7165
-26.8311
-24.2278
-24.306
-23.8257
-26.0916
-26.655
-23.6124
-29.2932
-17.3114
-27.4158
-31.7086
-19.886
-35.142
-20.206
-27.7304
-28.0075
-27.015
-29.031
-33.9192
-23.5424
-27.3279
-23.0237
-26.9218
-22.3287
-19.6929
-24.6253
-16.7606
-19.7387
-11.5544
-22.0832
-21.4506
-26.1249
-22.0608
-28.5479
-17.2691
-29.2537
-16.9548
-17.7378
-29.04
-6.15077
0.685522
8.53617
8.08371
-11.6911
-7.14395
-20.3657
-25.8386
-27.1455
-22.55
-19.3732
-18.6485
-20.7346
-23.4844
-24.828
-24.0802
-23.9412
-17.8828
-16.2027
-14.2623
-14.4671
-9.14277
-6.19518
-6.93344
-3.91563
-4.56107
-5.05027
-2.38695
-8.32198
-6.02442
-4.73849
-4.79194
-5.13231
-0.919835
-3.15627
-4.03384
-5.40938
-4.10889
-6.47156
-6.79003
-5.89615
-4.15658
-9.39438
-5.96016
-6.51793
-11.6569
-3.5922
-3.1003
-4.97761
-2.44548
-1.21099
-2.59008
0.531451
-1.22573
-4.63661
-6.90617
-4.90273
-4.3494
-7.49775
-5.44113
3.35127
3.24159
-0.673949
0.019319
0.319993
-9.58647
-14.9914
-12.4762
-14.0024
-17.0991
-22.6993
-28.5961
-22.3387
-20.0928
-24.3493
-20.7522
-20.3002
-22.1478
-28.6599
-22.7532
-24.5892
-28.3909
-25.3201
-27.251
-22.3808
-24.6255
-22.6587
-14.2668
-16.8816
-22.9123
-5.45699
-6.29742
2.04185
-12.0492
-16.3075
-19.0117
-24.2807
-16.9636
-22.3112
-19.0069
-14.4318
-13.1671
-10.924
-19.71
-22.5192
0.126375
-3.3079
3.5642
-5.51507
-2.29047
-4.38205
2.2412
-0.525992
-2.92351
-8.41574
-2.37009
-8.1001
-9.81752
-7.88289
-12.2439
-13.0927
-15.7959
-14.9163
-6.19276
-4.51979
-4.99277
-8.40332
-5.50597
-8.43127
-6.6061
-7.72555
-8.79294
-9.03016
-6.09944
-6.95162
-14.2183
-11.647
-7.09074
-7.4186
-2.36356
-6.49912
-7.38806
-5.5981
-8.17388
-0.271383
6.43031
7.04134
9.75522
0.25921
14.614
6.59447
-0.693905
-14.7458
-12.0938
-14.2798
-8.82805
-11.1728
-17.9479
-9.31177
-12.6955
-14.6798
-11.4401
-8.19451
-4.04265
-9.56634
-13.0001
-14.9879
-16.458
-5.58402
6.82552
1.69273
0.240089
-6.41657
-11.2471
-9.42466
-3.20559
-0.992895
10.0501
14.1994
14.6682
20.8479
14.3128
12.2522
13.7311
9.34567
11.4056
10.9002
13.429
12.7468
12.2982
14.296
15.8422
13.2409
8.9378
9.06568
18.0174
15.4013
13.6704
10.8888
15.7949
15.4806
17.0112
14.3861
15.6688
14.9084
10.5158
3.41574
4.73074
5.52142
-3.87954
0.328862
-6.89077
4.7495
5.07314
13.259
7.58503
7.65078
3.78282
7.52194
-3.75132
-15.8105
-18.6395
-21.4626
-12.88
-9.4734
-6.16
-16.654
-15.8026
-16.0746
-25.2686
-12.9242
-9.25199
-16.1206
-15.3445
-4.25081
-12.3517
-10.3597
-6.9614
-12.5076
-25.4747
-16.851
-10.3382
-16.7084
-20.4628
-22.882
-7.61284
-17.6071
-4.52102
-16.8578
-25.8205
-17.8767
-25.6483
-26.1962
-17.5291
-15.6842
-21.9411
-4.48315
-17.6764
-21.9056
-24.5778
-21.4791
-20.6784
1.13429
1.50345
2.03893
6.16087
19.8085
19.4851
23.3162
19.177
24.0953
22.2537
20.1476
21.6071
15.2587
20.7948
22.6339
21.1387
19.523
12.8841
19.0281
20.0997
16.6983
23.0524
27.1067
20.5729
11.7307
12.2464
8.31041
-5.48693
-7.98573
-14.0447
-11.3077
-10.7163
-12.6383
-13.062
-13.6228
1.81863
-1.75825
-11.3932
-16.576
-11.5812
-15.451
-17.8552
-19.5296
-20.7401
-24.8578
-17.5307
-13.7489
-14.0877
-8.08698
-10.4698
-3.97779
-0.0334714
-0.622978
6.81193
26.7054
28.4652
23.0012
18.8545
19.1672
14.3057
21.9755
22.1067
27.1358
19.4088
25.5868
23.556
17.8044
11.2097
22.7143
27.0378
28.0323
19.1903
14.5252
30.3047
17.855
26.7762
25.0676
22.6139
18.8233
28.1406
18.7279
17.5137
14.5406
23.7516
18.556
18.1627
13.5092
20.0726
22.4185
21.896
18.4492
19.074
21.0973
15.9666
18.3756
24.4585
16.8528
15.9993
24.8588
19.7732
19.9143
18.2818
19.846
20.5463
23.4896
17.5243
20.6283
17.962
16.9963
20.3501
24.4073
30.1337
24.6233
16.1342
18.4568
22.9609
19.3067
21.1476
16.9129
23.7404
23.5149
13.9803
24.6653
20.5289
21.0525
20.7248
22.4498
23.7731
25.4752
18.5629
19.942
19.3771
20.4115
24.3253
21.3471
19.7247
21.0128
30.8233
24.0783
20.02
28.1132
32.1202
26.1753
20.8977
19.7595
16.1636
21.9195
21.1917
21.5571
20.4227
33.1906
22.5312
13.7565
13.3235
13.113
11.8355
14.8779
14.7084
13.0061
14.3998
7.33111
16.4597
18.7148
22.7494
28.5176
19.046
14.2587
18.9493
16.7706
22.7232
11.9295
12.6035
23.9992
19.2896
8.84426
17.3991
11.6299
17.5528
21.353
15.6144
15.4593
12.0821
15.9912
12.4769
13.6394
10.7461
12.1928
13.3199
7.09056
12.7362
14.1664
10.7482
17.386
15.8301
12.9954
17.8115
19.6142
10.9824
15.743
6.64772
10.2332
12.2049
16.6807
11.8078
15.315
10.6088
5.53774
10.9274
7.81993
10.558
11.6369
15.8377
13.6934
4.48273
19.4311
18.9664
11.7401
7.18932
6.892
11.549
12.799
13.0109
23.1375
7.41167
1.00196
-15.5107
-10.2766
-9.64548
-18.9603
-5.57033
-8.77839
4.80429
4.6536
5.78164
34.2295
7.66898
11.5285
22.5362
5.32105
9.73389
6.82602
9.28041
11.1181
3.12947
-3.18202
-6.73039
-13.5036
-13.5048
0.354536
5.64256
-4.5606
-1.54014
2.99077
5.64654
5.21405
0.613631
-3.95022
-5.31101
1.15944
1.02694
2.4606
0.449976
5.39435
10.1784
7.72395
2.61486
-1.52591
0.0485465
3.40856
3.85285
8.60391
12.4052
5.84678
15.7185
16.3487
12.8305
12.8288
12.8996
5.88452
13.2518
8.5301
10.3903
15.3672
19.1656
20.385
14.1263
19.3801
13.9044
16.2592
18.2265
30.837
12.6634
20.1439
18.6944
16.8906
15.2154
15.6116
10.2006
10.3879
-5.80728
-7.999
-13.6053
-21.3052
0.679106
9.68029
10.5175
4.44192
1.96286
-0.768329
-6.54406
2.99211
5.81063
9.40119
0.868702
1.97041
0.684207
10.6071
10.3357
-1.57953
-8.1412
3.03047
-4.42797
5.70826
-0.700902
-0.0244858
-0.0409015
-1.67815
-1.74496
-2.28384
5.49567
3.09401
5.50099
6.07595
3.02912
2.62472
1.66211
5.47456
9.3996
4.05739
9.43347
7.54864
3.61745
6.14853
4.16396
2.53448
7.68623
7.2309
9.21927
7.02825
11.5348
2.01935
6.71137
3.68093
2.67053
4.88259
-0.947553
4.30833
11.8881
8.01447
10.383
7.25097
5.38132
5.85262
4.2225
0.0026313
-0.447542
1.67523
0.0509244
3.83426
3.10376
10.358
7.65805
1.30606
6.10385
4.85206
-4.06988
0.449237
-0.454517
-4.65916
-0.85554
-2.08407
-2.70094
2.00905
-2.61287
-5.00653
0.359892
-0.963976
-1.10393
-0.622392
4.91467
1.89036
-2.12339
5.62803
-2.86287
3.39257
0.734608
-4.44025
1.77944
4.49227
2.73076
7.48411
4.28269
-0.746466
1.49682
6.27081
1.48329
1.44119
4.21298
5.05098
5.31329
5.37179
4.31313
2.60709
7.78931
-0.38708
-0.101974
3.38763
-2.11594
-7.20206
-3.88951
-16.0074
-12.7912
-9.09706
-9.418
-5.85787
-4.26036
-29.3136
-18.6652
-13.9587
-18.9453
-9.05927
-10.9398
-17.7327
-14.8387
-18.0062
-24.4409
-27.6761
-29.5767
-33.6685
-27.079
-18.4408
-15.8647
-12.8378
-14.3175
-15.9868
-7.93049
2.68082
14.6279
8.49947
0.477754
12.3771
4.63188
2.29844
25.3573
26.4593
27.9264
18.582
23.3066
25.1007
29.899
16.3313
19.9019
17.2163
22.2082
23.2736
23.1527
28.4298
20.0305
16.8804
21.7132
24.7909
24.8511
20.3487
12.5475
19.0211
1.50816
3.66069
3.26899
-10.6298
-1.10902
-1.28499
-0.15269
-3.8114
-4.35468
-2.85075
1.14904
-10.2499
-7.41045
-1.57213
-1.79626
10.9186
4.13011
-3.07444
3.26528
8.41744
-2.03826
0.75282
12.7531
3.99117
8.26807
4.24057
-1.7604
10.8207
6.16032
1.23314
12.4881
5.16161
10.3756
13.209
7.5234
10.4423
6.08634
7.23448
6.77735
10.2608
10.3671
22.7679
11.8503
9.27554
3.44753
7.59014
9.09877
8.08731
0.81944
10.01
14.7493
14.0344
16.4349
7.58564
1.6759
5.1176
15.7322
4.22827
14.4487
11.8078
15.8247
10.53
7.73929
0.168135
13.8344
9.95395
11.0903
10.0422
7.81715
8.55026
6.44613
11.0116
15.135
13.082
4.59406
8.70826
7.65014
10.149
11.3873
4.13762
5.7494
5.01461
0.738521
2.62686
5.27271
7.47654
15.2726
12.0653
9.65243
6.63236
17.8642
7.42198
6.13055
0.685906
6.05242
13.3394
5.43477
12.3409
16.89
16.7922
18.2885
20.0725
16.6796
17.6681
17.693
7.56034
0.892351
6.7595
4.03815
4.8567
3.88378
3.05389
-1.6859
-1.89707
7.02925
9.82489
6.8561
9.31584
4.01155
-0.507977
4.31894
14.3801
8.62466
0.886066
-8.8421
4.73228
-1.12299
-1.26516
2.96729
9.63453
6.67648
0.0880244
2.21607
4.42956
6.00896
7.75529
11.776
4.723
10.9266
7.83393
8.45425
17.2166
11.2473
-4.54678
4.26266
5.7529
3.14399
5.6971
2.50875
3.60296
-3.49073
2.71395
8.0174
13.2483
8.82344
10.7144
6.27713
10.2702
3.31576
4.92087
9.36089
-1.02524
-2.13431
-10.0063
-4.49018
-0.199899
8.14758
7.50583
1.82209
