-17.1111
-10.4036
-14.7253
-17.4843
-12.8717
-24.8089
-26.9245
-12.698
-5.49073
-5.17191
2.88182
-0.223804
13.978
-5.75231
-27.0448
-29.337
-29.7826
-19.0668
-21.6508
-15.904
-18.0403
-29.3665
-31.3906
-43.3708
-36.0417
-28.7741
-24.6289
-27.5228
-31.0419
-33.5639
-35.1964
-35.8981
-27.7829
-20.8696
-5.6815
-19.1422
-18.0324
-24.6683
-18.7665
-29.6863
-23.3407
-15.4716
-14.4137
-27.4438
-18.8617
-30.5851
-25.285
-36.3575
-22.5126
-28.5641
-34.7592
-30.5798
-29.3938
-28.0831
-29.6918
-32.0711
-39.4271
-33.5069
-23.8351
-25.7124
-24.141
-35.1564
-29.3945
-26.7188
-27.7057
-25.9333
-32.9255
-28.7341
-30.3614
-26.2326
-24.4618
-30.1607
-34.0404
-32.7212
-22.568
-32.1483
-28.9374
-30.6939
-27.6597
-28.8271
-33.5674
-35.4977
-36.1857
-33.3276
-25.0644
-30.8503
-20.7428
-27.4134
-32.741
-32.4817
-28.3998
-31.8085
-36.1302
-30.2465
-24.9434
-24.2946
-30.4425
-34.954
-27.6389
-28.6596
-26.602
-28.9855
-28.9242
-33.5065
-29.8441
-27.1346
-32.6865
-30.5517
-34.8118
-34.1546
-37.0811
-37.6531
-35.9139
-36.4917
-38.9886
-37.4001
-42.2617
-38.4693
-40.4257
-35.9106
-37.6133
-41.3027
-35.1081
-47.1067
-40.5221
-44.5325
-51.9672
-43.5856
-45.8864
-49.7918
-46.8519
-30.882
-42.6526
-35.6023
-33.1349
-40.7811
-48.2872
-42.766
-46.1141
-36.9646
-43.1422
-43.9792
-35.2897
-44.7371
-46.066
-42.8198
-35.9745
-29.0708
-27.8778
-50.4324
-51.1597
-52.9731
-30.6486
-24.6294
-44.3052
-51.5324
-46.3978
-47.1517
-47.2515
-43.2761
-40.8461
-41.2578
-36.6036
-41.8068
-42.1595
-35.851
-37.545
-40.1405
-35.8271
-42.9009
-37.1706
-43.8636
-42.2042
-47.4714
-43.7605
-38.4682
-43.8252
-52.8852
-54.8945
-48.049
-49.4391
-38.4316
-38.1355
-38.4214
-34.6468
-37.7196
-36.5322
-40.1727
-44.3245
-37.148
-40.638
-40.9971
-40.8629
-41.9165
-39.8407
-43.637
-42.2604
-50.9142
-61.3308
-50.1118
-51.3542
-40.9766
-39.1802
-40.8767
-51.789
-55.2264
-55.4984
-60.4348
-54.3379
-55.8277
-42.6981
-31.9329
-36.2864
-33.9338
-29.1555
-29.181
-26.2468
-24.3905
-23.2924
-22.4707
-24.8725
-28.1337
-30.5193
-23.748
-25.6617
-26.9672
-30.438
-29.9644
-30.0594
-34.1403
-35.6811
-47.9973
-57.9537
-53.7996
-63.8463
-62.9396
-58.5269
-55.3406
-48.0038
-52.7365
-54.2013
-56.5015
-51.5527
-43.5979
-41.2092
-36.7287
-38.3273
-40.0776
-39.1432
-37.607
-34.4274
-33.259
-33.4353
-28.7231
-31.8294
-38.4041
-34.9092
-42.0425
-43.2926
-40.3754
-43.1712
-38.6559
-43.5801
-39.4712
-46.8536
-49.173
-44.7693
-28.3149
-26.9395
-23.898
-21.7918
-29.9466
-21.7275
-21.0629
-27.9934
-19.6704
-19.9507
-22.3018
-26.889
-24.437
-24.417
-24.1306
-27.0258
-29.8646
-36.6112
-46.3816
-44.8357
-42.7716
-25.3538
-19.4787
-29.5334
-28.3858
-35.7709
-39.3486
-44.7683
-43.1883
-42.5638
-54.8793
-43.9144
-45.33
-51.7122
-46.0058
-40.4809
-39.6945
-36.5042
-33.5425
-36.5624
-41.5568
-51.3296
-45.6179
-36.6752
-36.3111
-44.0028
-39.3603
-42.6747
-61.5856
-66.0157
-58.4233
-64.6969
-71.7418
-68.8299
-67.7224
-73.7011
-71.0206
-79.5455
-73.063
-71.1891
-65.2905
-57.8283
-54.0719
-56.5445
-46.3262
-55.3862
-50.2316
-56.8199
-49.2041
-63.9024
-53.1756
-50.5403
-49.4197
-58.6069
-60.5948
-51.3568
-49.0853
-52.5104
-55.4547
-52.614
-56.738
-58.5186
-45.6764
-69.3532
-55.6386
-58.9241
-54.4138
-46.8469
-57.0753
-53.479
-60.255
-56.5726
-53.5981
-49.9476
-52.5705
-52.7096
-56.5512
-48.8711
-60.9226
-59.9146
-45.4395
-53.8507
-50.7846
-42.1171
-34.0661
-66.1172
-65.7411
-67.3873
-62.1942
-62.914
-48.3858
-47.2106
-33.2817
-36.1354
-18.2878
-25.2964
-15.5824
-19.5905
-40.3183
-46.0247
-39.5769
-30.9449
-34.6847
-36.0528
-32.9886
-34.1433
-32.4689
-32.9167
-27.4455
-25.2703
-30.4128
-34.8156
-36.4849
-54.9308
-31.038
-17.4426
8.74545
3.35512
-6.91911
-7.77284
-10.4522
-18.2032
-17.9544
-16.8303
-15.5279
-23.8765
-16.9027
-14.7434
-19.9946
-9.51721
-13.7801
-11.8486
-10.9058
-11.2719
-0.281359
-2.05357
-17.111
-21.9888
-16.9974
-6.75388
-12.9546
-5.12761
-12.7658
-9.81883
-4.32194
-7.84454
1.03214
-2.65062
-5.37483
-3.42995
-4.63781
0.248236
-5.1929
0.17485
-3.34141
0.254925
-3.14759
-0.599739
2.71922
-1.76455
-3.49602
-1.42664
1.53589
9.03474
5.5757
5.24412
3.85418
4.06894
3.91534
6.04493
-3.27419
6.35684
9.48554
1.06588
6.6315
4.13967
10.0059
13.4253
4.04205
16.8219
7.188
4.23458
9.03117
6.36374
10.8472
4.16583
1.22547
-0.672809
-13.4227
-5.02943
1.21595
19.9395
19.9727
17.4894
10.2131
12.788
16.4226
15.4091
18.5145
8.64917
-15.1034
-24.2586
-9.45071
-20.4185
-3.62989
-19.9666
-14.0796
-15.3136
-17.5573
-15.3575
-19.1796
-18.5005
-23.7373
-19.7342
-25.9622
-18.4417
6.17144
-1.98127
-13.7301
-9.18234
-16.4468
-11.9798
-6.06117
-12.3219
-16.3579
-14.0344
-12.339
-11.3526
-9.6611
-13.1403
-15.5183
-11.862
-8.45436
-12.5221
-12.3741
-17.9469
-12.3678
-14.4096
-14.4709
-16.1786
-12.8548
-12.1563
-18.9115
-21.6673
-22.8931
-24.5658
-21.2796
-19.5809
-22.329
-21.0793
-21.7221
