-32.8797
-28.5314
-28.0568
-29.7114
-40.6956
-37.594
-29.9998
-38.8942
-43.642
-25.1446
-29.5677
-29.2856
-31.4792
-34.1178
-33.3944
-27.7725
-26.8555
-32.4103
-17.0982
-22.7743
-5.91898
-18.4852
-30.1448
-20.3784
-39.468
-39.6219
-24.7341
-27.9034
-23.4142
-14.6134
-17.2514
-12.8872
-7.68689
-8.48128
-9.54932
-4.23846
-20.4039
-23.2835
-21.5377
-22.4541
-27.8724
-16.3493
-37.2698
-36.5233
-26.741
-50.1938
-48.5368
-51.606
-36.4361
-41.5102
-34.4307
-33.2497
-34.9122
-30.4189
-38.8839
-21.0563
-31.3808
-16.8442
-21.06
-30.5463
-19.0157
-25.2061
-22.464
-38.2481
-21.3939
-25.9243
-30.1446
-28.7762
-35.4283
-36.0132
-30.4535
-31.1137
-26.8056
-33.437
-26.4724
-25.8373
-27.0192
-27.0524
-30.9835
-24.7442
-23.2442
-29.517
-23.9382
-35.3761
-35.4086
-31.4688
-33.3082
-32.9462
-23.3293
-26.2527
-25.3953
-32.0351
-41.4517
-37.9758
-27.1414
-33.0017
-30.9403
-25.3781
-29.9972
-30.902
-30.1654
-21.6758
-16.5909
-25.1508
-26.3583
-18.523
-26.9703
-19.6839
-24.6822
-22.9244
-22.2832
-25.0076
-23.9535
-23.7108
-25.6415
-11.6348
-16.0363
-12.8942
-5.87171
-7.90329
-5.80906
4.67881
8.02645
2.85912
8.93765
8.23609
10.1452
11.6324
5.0751
5.86308
15.7242
16.4829
16.9704
21.8037
8.60927
9.18142
7.52651
4.38316
11.5366
18.8413
9.0569
6.4723
6.97439
16.0765
14.4424
16.6104
5.12689
12.2774
6.64851
9.69501
5.57682
5.07683
7.63335
5.98396
3.1619
0.11166
-6.10416
-10.7775
-14.8068
-11.0816
-13.7588
-0.342453
5.47404
-10.7655
-5.06115
-22.4411
-12.9698
-23.4721
-10.256
-7.53268
-17.3474
-24.8267
-16.1585
-10.9489
-13.4659
-10.1179
-7.15837
-7.51869
-15.2179
-2.1468
-26.4779
-11.978
-28.8951
-17.3402
-10.5733
-3.53988
-12.1232
-17.3785
-7.73253
-18.4248
-22.5103
-8.64053
-16.2777
-13.3547
-18.2308
-8.81635
-9.58353
-16.9067
-18.6796
-26.8002
-14.0968
3.41716
-8.66275
-18.1767
-10.6143
7.67118
-11.2351
-11.8685
-10.3889
-16.7169
-16.1242
-16.6294
0.487861
-13.1486
-16.3698
-8.82468
-11.6037
-18.2677
-19.6139
-9.40587
-6.31827
-14.9875
-15.1769
-6.38691
-4.83581
0.715752
-5.677
-1.74094
-10.657
-0.31342
1.2713
-6.78537
-9.41818
-9.56337
-7.43153
-14.4242
3.82978
-15.8201
0.440716
-15.7573
-29.0891
-28.3899
-35.1077
-30.699
-37.3625
-32.4103
-31.192
-37.3354
-42.1388
-30.2932
-29.8936
-27.5808
-31.7965
-32.3449
-29.1362
-28.6459
-29.6815
-22.8375
-16.6156
-20.0338
-8.109
-23.7154
-30.4721
-22.2959
-40.5326
-41.6882
-26.7042
-27.1704
-22.583
-16.3412
-21.8351
-8.48739
-12.6837
-5.09751
-2.31735
-7.72422
-17.9515
-13.3521
-20.0328
-25.735
-32.6724
-27.5303
-37.5653
-44.4586
-31.3301
-42.6175
-54.1631
-45.7848
-36.1852
-41.8735
-32.1332
-29.8202
-29.2431
-26.3923
-37.9913
-20.9042
-34.8514
-19.4145
-25.8512
-29.3771
-15.5422
-18.4435
-22.3804
-28.3895
-25.5996
-22.326
-40.0588
-33.8972
-39.2082
-49.104
-32.3001
-37.1976
-24.8401
-34.3084
-18.8272
-24.9644
-30.0451
-32.9953
-33.1681
-25.6282
-22.7057
-29.596
-24.0676
-39.79
-36.9928
-32.1074
-32.4588
-35.1471
-23.2542
-23.024
-25.9807
-32.6903
-41.8043
-37.1106
-28.0588
-33.6898
-29.3752
-24.5965
-35.9275
-33.0719
-33.0395
-26.8182
-17.9669
-28.9531
-26.4725
-21.6428
-29.4425
-16.9114
-23.8896
-21.4192
-15.6237
-24.0496
-18.5289
-23.6773
-24.4954
-11.0943
-14.9068
-7.24095
0.466646
-6.37773
0.557505
12.231
4.46518
7.51549
11.8371
9.91959
4.0893
10.2094
8.224
14.6006
15.8214
12.8279
6.53617
24.6752
5.59977
11.8896
11.5567
7.02068
8.9117
10.9916
3.73599
11.8718
10.7244
10.3915
17.9614
13.4142
1.86208
12.2895
11.3314
9.13103
0.949005
6.78687
8.85749
9.91129
-0.369415
-8.18221
-8.40378
-8.18701
-11.7498
-11.691
-13.6423
-0.409246
5.41107
-9.12381
-5.83525
-13.8992
-25.518
-27.1949
-7.18216
-14.5395
-18.5862
-20.0676
-11.2989
-18.3175
-15.2015
-15.2985
-13.3942
-8.79329
-15.5215
-14.3479
-31.2185
-9.7808
-24.257
-14.8621
-9.66409
-1.29289
-12.0589
-22.1096
-9.25186
-21.4085
-23.6799
-6.90924
-20.3447
-8.88431
-16.8181
-9.89232
-8.91672
-14.426
-22.1535
-22.072
-9.26829
2.05992
0.39377
-21.7822
0.745362
-3.15166
-13.9009
-11.2105
-3.17315
-13.7795
-20.643
-9.77013
-4.00342
-12.615
-18.2286
-7.55151
-14.0268
-13.2678
-15.3319
-16.8567
0.455568
-20.6746
-8.65549
-13.9116
-4.50292
5.58048
-8.69534
-0.137246
-7.80251
3.14185
0.758377
-1.43057
-1.8057
-9.72744
-14.0882
-13.3477
5.18873
-9.30588
-4.23723
-29.3992
-26.1949
-25.4546
-41.6086
-38.4716
-40.4484
-32.0355
-33.7307
-37.9697
-32.7511
-31.4925
-33.5739
-32.8343
-32.5462
-31.5852
-26.2936
-26.26
-33.4562
-18.9693
-17.2182
1.21762
-10.5682
-28.4815
-29.7583
-30.3335
-40.0043
-36.7948
-31.5019
-28.9198
-25.4108
-17.8731
-20.7613
-6.85711
-3.27704
-1.4102
-0.446098
-16.1741
-14.8402
-16.0279
-25.0672
-23.6954
-32.1263
-32.9028
-43.8459
-40.1963
-45.254
-40.8817
-51.1077
-39.8464
-35.1664
-41.4988
-36.1869
-21.0831
-35.6622
-28.9071
-33.987
-23.9927
-44.3122
-23.865
-29.9922
-29.7401
-18.9889
-23.2877
-26.5327
-21.7069
-28.465
-22.2255
-43.3343
-33.1438
-39.1768
-44.7493
-34.6638
-39.8087
-29.7113
-37.4654
-20.2475
-26.5738
-29.7924
-31.0762
-32.396
-27.9213
-23.8843
-28.3681
-26.5759
-44.4769
-35.769
-34.914
-34.4914
-35.2484
-27.3165
-24.5801
-31.1141
-36.6022
-42.0488
-39.0957
-32.0227
-36.3725
-33.0335
-25.7752
-38.6509
-34.8151
-32.0063
-30.5443
-21.8938
-33.2702
-29.0373
-24.953
-27.6941
-19.2776
-23.6609
-24.3614
-17.4282
-24.8428
-18.7767
-24.2149
-25.1878
-13.7811
-15.2401
-7.4374
-1.99644
-13.8887
1.62318
16.6174
2.78506
10.2555
11.7264
10.1001
16.8784
0.492309
5.00856
16.1125
14.0035
12.4932
5.93385
20.5383
5.89492
10.0138
10.4497
12.101
10.8713
11.8755
5.00067
8.60663
8.19557
5.90987
19.4758
7.70985
10.5502
7.12031
11.0375
11.3276
1.86899
5.39783
5.40752
5.85027
-2.20435
-9.15526
-18.1073
-6.58899
-8.48047
-11.5613
-9.24205
-7.17583
2.56431
-5.68201
-17.0843
-10.3614
-22.302
-25.4908
-8.20202
-13.0077
-25.5028
-17.9098
-8.53649
-21.012
-14.8279
-10.9651
-11.9365
-7.37232
-14.1115
-21.4451
-26.8676
-11.8159
-19.3287
-10.6414
-9.02168
-8.38861
-10.6191
-17.2439
-9.22788
-20.6255
-13.0818
-8.94502
-20.1805
-10.9978
-12.2155
-10.8789
-8.10514
-12.2713
-24.7505
-18.6152
-3.87235
-7.88159
-12.8718
-14.9986
10.4559
-6.10082
-14.2275
-13.6541
-0.650384
-10.8409
-19.841
-8.8342
-8.62704
-15.1617
-18.3272
-8.87065
-15.7386
-5.26423
-13.8564
-24.2046
1.08271
-22.1473
-0.898928
-17.1787
-6.05595
0.660099
-9.30784
-3.24347
-5.01667
2.57959
-5.78278
-2.98089
2.5146
-7.77178
-9.03746
-9.16919
-6.83695
-1.45547
-6.24503
-34.809
-28.0101
-27.1315
-40.2147
-40.1325
-43.2459
-31.4899
-35.7198
-43.249
-27.524
-24.3838
-35.6667
-38.4753
-34.9796
-38.7018
-28.553
-23.5817
-32.8188
-15.0226
-22.3875
-0.418208
-15.1071
-28.7123
-19.7492
-37.9852
-40.2454
-25.2096
-29.9054
-24.2061
-19.9263
-20.6206
-17.228
-4.71756
-8.37438
-6.38791
-1.9829
-23.3754
-23.1029
-19.9449
-20.535
-25.4937
-23.5756
-33.6974
-35.9395
-30.5086
-54.206
-44.4485
-50.1099
-37.3937
-30.51
-44.7677
-38.41
-30.9215
-34.6282
-38.878
-26.5416
-26.3729
-28.0577
-19.2605
-26.4094
-29.4351
-24.7019
-27.8369
-31.7881
-23.4525
-28.6191
-23.8326
-36.46
-32.8682
-34.0297
-37.8518
-29.8361
-35.1244
-32.0458
-37.7642
-25.2413
-31.2841
-29.5787
-31.6306
-31.4569
-36.5916
-27.2004
-28.8527
-30.2849
-40.9756
-32.2662
-34.7274
-33.1791
-29.4121
-29.5186
-25.0326
-32.8607
-40.2782
-41.5398
-34.1915
-33.897
-35.8985
-35.3784
-26.195
-36.4203
-34.7375
-28.2895
-28.6478
-26.9421
-32.1905
-23.2637
-28.1799
-25.2526
-21.691
-25.0279
-28.5902
-24.1958
-24.3535
-14.4359
-27.8748
-20.5614
-19.1425
-16.7193
-9.32643
-6.70617
-16.6219
1.23205
16.374
-0.336462
10.32
11.1425
9.4701
18.265
5.45866
2.48335
16.4709
11.5971
17.4141
12.5777
15.115
4.77288
4.92496
4.69973
11.413
15.9349
15.8661
6.22628
7.38076
9.69315
3.48824
20.9788
8.04946
9.58378
5.40921
11.1452
18.2313
-0.505957
9.44481
-0.128939
-0.183697
6.49342
-5.51374
-14.375
-15.5511
-10.185
-13.4845
-9.3088
-6.06213
-3.14585
-7.04787
-22.3693
-8.09299
-19.0498
-15.9269
-7.69905
-16.6194
-29.2389
-15.3351
-13.3163
-14.8092
-10.1114
-10.1454
-5.56754
-7.47031
-8.67465
-24.5538
-22.1481
-18.9368
-19.4482
-10.0125
-9.82743
-12.7421
-13.33
-12.4648
-12.5215
-20.8409
-6.69283
-8.21854
-19.7304
-21.0632
-8.02588
-7.41808
-12.6482
-13.5635
-25.1714
-15.8184
4.11637
-8.61652
-23.5083
-13.1218
7.4647
-7.42278
-12.263
-18.1053
-13.8051
-9.86834
-18.3604
-3.54319
-10.6472
-14.8668
-14.1755
-8.05378
-16.2718
-12.0815
-8.76382
-17.2548
-4.9468
-18.0709
1.85969
-16.011
1.07603
-1.88232
-3.37236
-7.37846
-0.669271
2.38112
-8.08576
-10.1642
0.6053
-4.03351
-10.5173
-1.62592
-13.3505
4.43502
-8.34682
-33.5115
-28.5314
-28.0568
-29.7114
-40.6956
-37.594
-29.9998
-38.8942
-43.642
-25.1446
-29.5677
-29.2856
-31.4792
-37.2208
