-24.6285
-19.5293
-23.1338
-15.0208
-26.8243
-19.8251
-23.5852
-29.833
-33.2753
-30.9345
-29.8023
-34.2193
-36.2378
-41.6663
-44.8658
-46.19
-39.1546
-38.555
-36.497
-39.7867
-36.0152
-27.8178
-14.8682
-22.5191
-38.5154
-41.5114
-31.923
-31.1028
-31.8367
-30.775
-35.867
-26.8594
-30.679
-31.5997
-41.9134
-39.6463
-41.6082
-15.4756
-33.7807
-29.0597
-46.2949
-38.4108
-36.0784
-44.4242
-44.686
-42.8784
-46.3163
-47.357
-39.1006
-40.581
-44.3788
-38.3931
-44.6587
-38.4072
-38.3547
-40.3034
-44.5757
-54.6074
-52.2624
-48.8975
-43.4393
-50.0864
-42.0077
-42.9997
-30.722
-29.5391
-36.4653
-33.4992
-34.3229
-38.7398
-33.0906
-45.5651
-46.0919
-43.8331
-36.9977
-40.8057
-41.9065
-35.6457
-40.2971
-42.1088
-45.8482
-45.1316
-46.2246
-48.9447
-47.555
-48.6682
-46.7256
-43.5458
-47.0037
-39.4861
-35.1376
-39.4063
-42.8056
-32.326
-43.8639
-44.4973
-49.6204
-46.5983
-42.221
-43.3497
-43.6157
-49.0347
-46.5793
-47.2502
-47.6802
-52.0954
-46.6658
-47.4071
-43.7885
-45.6592
-42.1299
-33.7362
-31.0349
-39.3144
-40.6233
-30.2042
-36.4526
-39.6208
-51.5555
-46.2986
-44.5258
-51.2531
-48.9395
-51.9814
-53.8901
-59.1408
-57.8829
-54.1963
-55.2483
-50.1925
-51.4559
-50.7763
-60.5002
-47.6329
-34.188
-44.8696
-50.7514
-42.5547
-35.9391
-44.048
-44.7259
-55.1102
-49.0137
-51.996
-59.5827
-71.2524
-39.6218
-26.211
-21.6069
-16.9924
-23.9001
-23.2531
-11.7302
-18.5777
-27.6321
-29.7523
-18.6431
-12.8528
-14.9617
-15.4999
-14.4487
-14.6531
-10.8215
-13.053
-17.5845
-17.9335
-9.34668
-13.9426
-13.6314
-17.5774
-20.0098
-14.0357
-14.1558
-18.6276
-21.367
-26.0807
-28.1738
-21.1747
-27.2933
-18.3001
-11.224
-5.95484
-5.9422
-11.853
-2.68307
-1.98405
-6.71325
-6.99572
-5.61071
-6.46557
-10.3069
-6.60803
-8.57357
-5.87062
-10.7003
-8.36674
-8.57573
-23.6728
-42.5779
-43.5717
-50.7482
-46.8089
-49.2713
-45.0928
-48.6999
-40.1462
-44.0427
-50.9369
-42.8824
-36.0458
-28.4636
-29.1601
-29.7029
-28.4167
-28.7875
-28.4567
-28.4103
-27.5692
-32.6317
-37.6554
-28.8717
-36.2258
-36.4146
-39.0316
-39.1257
-42.1296
-40.7916
-44.139
-43.9963
-43.0754
-43.9994
-43.7642
-48.0227
-34.1279
-26.0801
-33.5476
-33.5418
-36.4129
-35.7122
-47.1556
-43.9255
-49.6825
-43.0538
-35.5333
-35.9936
-33.7467
-33.1197
-30.7163
-28.4953
-24.4646
-20.0934
-24.676
-27.0352
-26.9491
-31.8775
-28.9755
-28.1917
-23.3867
-25.4111
-28.8254
-28.3738
-22.9569
-21.3763
-25.0412
-25.4672
-25.7505
-20.5219
-17.5883
-13.6587
-7.5246
-8.43276
-11.364
-13.6116
-12.256
-14.2573
-14.1896
-13.3695
-12.8703
-15.242
-13.6901
-11.4878
-20.6462
-7.57399
-10.7019
-18.8922
-36.6348
-46.8508
-51.7684
-61.015
-57.8801
-55.6125
-60.8717
-63.71
-61.8993
-52.3107
-45.4173
-39.9719
-38.732
-40.9625
-47.0762
-44.3048
-41.9048
-41.0106
-44.5461
-41.3208
-39.6492
-44.183
-47.3156
-42.492
-54.4765
-50.3062
-48.2299
-41.3721
-49.5738
-43.1479
-41.5584
-49.506
-45.9939
-46.4475
-36.5425
-36.553
-32.2797
-36.6274
-40.5771
-44.1219
-45.4401
-46.3186
-46.7254
-53.6099
-43.3964
-34.2793
-34.3664
-35.4612
-38.5656
-33.991
-34.0121
-37.8627
-35.3156
-29.7376
-20.2523
-26.1865
-33.1528
-34.0857
-32.4883
-34.7303
-39.2478
-35.4143
-35.4215
-29.8646
-34.7725
-31.9929
-36.5474
-31.0346
-24.3112
-27.4999
-18.0408
-24.7646
-27.9757
-25.7082
-26.1063
-26.2499
-28.6962
-24.6454
-25.6215
-30.2502
-27.6333
-26.259
-30.2738
-25.8633
-33.3606
-38.9917
-38.158
-33.9705
-27.7646
-17.1491
-25.8028
-16.2468
-24.7895
-27.9516
-43.1877
-33.1405
-27.9949
-34.2908
-19.0806
-25.5418
-26.6968
-23.1647
-24.8368
-35.0496
-37.974
-35.4619
-42.1776
-34.0984
-39.317
-37.457
-33.5477
-29.1404
-31.8892
-20.1143
-17.0856
-27.7878
-32.1858
-29.1269
-31.0332
-37.743
-25.3769
-27.6578
-28.1052
-32.1809
-40.1713
-32.4426
-29.4973
-27.0167
-23.386
-25.7578
-30.3102
-27.6781
-25.5729
-23.6572
-29.7655
-29.3408
-29.6856
-33.8377
-32.1301
-38.3739
-35.7228
-36.2834
-38.0097
-38.6513
-39.2936
-42.3471
-41.7365
-35.1132
-35.0129
-34.4007
-36.9472
-26.6728
-34.1874
-35.3242
-28.1854
-31.8473
-31.021
-29.2464
-29.8679
-32.7914
-28.4516
-23.6576
-22.9452
-24.9551
-26.5665
-23.9451
-31.4193
-23.9413
-27.1262
-31.1237
-25.4947
-30.1648
-28.5274
-28.8098
-30.7505
-29.312
-28.9436
-30.5167
-28.0343
-26.9682
-32.1387
-25.0879
-28.5981
-29.9315
-29.5399
-33.9198
-35.2252
-41.298
-42.5524
-48.2497
-53.9684
-41.1983
-40.5442
-39.3674
-39.3317
-48.7135
-42.7614
-38.2723
-38.6039
-36.3016
-36.9843
-32.9154
-33.1913
-27.377
-25.8991
-33.8841
-42.1313
-55.734
-35.8687
-38.4463
-41.1676
-44.1236
-43.0815
-41.2037
-38.96
-40.4813
-39.9042
-29.4144
-26.2547
-30.4448
-33.3666
-42.1096
-39.9049
-34.2878
-33.7814
-31.18
-28.862
-31.5326
-33.5969
-26.1348
-23.6106
-28.6684
-24.2518
-25.5651
-24.6408
-20.5901
-23.4327
-26.359
-23.92
-27.2927
-23.7888
-25.767
-27.4156
-24.6418
-28.317
-25.817
-23.2934
-23.1196
-22.8559
-24.5439
-26.4023
-25.746
-22.726
