-39.3707
-46.6672
-48.6171
-40.2618
-50.0948
-54.7591
-53.3174
-50.1628
-44.5586
-46.4582
-44.2553
-28.6727
-28.5047
-28.9819
-26.415
-32.3669
-41.2946
-47.0811
-54.8763
-63.5382
-63.7204
-64.1556
-62.3927
-58.6674
-55.8084
-52.5842
-56.3525
-57.9766
-56.3401
-51.5678
-54.4548
-51.8629
-49.6256
-55.4785
-54.2887
-58.0909
-53.4357
-59.6436
-59.3736
-57.7537
-59.6566
-60.7729
-56.3348
-55.1822
-54.1201
-57.5318
-55.7516
-57.5298
-57.0344
-57.2391
-55.3348
-59.1667
-58.1094
-48.4173
-50.0169
-50.9697
-50.027
-49.2015
-55.0473
-55.4625
-56.5572
-58.489
-57.3648
-57.0937
-56.9014
-55.435
-60.0454
-48.4101
-47.3885
-49.6629
-51.6979
-50.877
-53.9143
-51.3662
-52.6636
-50.7373
-47.7675
-50.7506
-57.0212
-51.3147
-49.6709
-46.1733
-49.4546
-54.2483
-49.8882
-50.2346
-53.4918
-50.5617
-56.6792
-55.2113
-56.4021
-50.015
-51.5612
-50.9958
-50.215
-59.3978
-52.8229
-48.2854
-54.9749
-65.2006
-62.6096
-65.3403
-62.8545
-76.3659
-81.1218
-99.132
-89.3902
-92.8504
-89.2336
-90.3503
-88.6416
-79.8957
-93.479
-84.8042
-81.5129
-79.9794
-82.8132
-75.1957
-83.9907
-75.7072
-82.1606
-75.384
-80.4709
-78.1179
-89.9675
-83.8449
-92.2813
-91.1405
-82.8495
-80.8071
-85.1616
-92.2246
-84.743
-84.2792
-83.46
-77.3716
-78.6697
-82.4548
-85.4703
-81.7655
-82.8102
-84.1034
-78.9751
-81.4548
-79.0125
-78.1899
-74.7568
-75.0641
-77.7295
-73.0191
-75.0045
-72.5688
-79.5393
-78.1094
-78.7376
-81.35
-86.0875
-82.8511
-80.4198
-80.6092
-75.043
-84.3252
-77.5644
-92.0992
-81.9401
-80.8152
-72.2627
-75.6552
-75.7678
-58.9553
-51.8332
-44.6835
-40.9524
-34.2556
-32.6773
-42.4085
-59.8082
-61.2781
-67.3375
-62.1439
-56.0954
-60.5742
-59.923
-59.8725
-58.8122
-59.1801
-63.1529
-69.7181
-70.2028
-68.8602
-70.4641
-66.1816
-72.8696
-67.1963
-71.1498
-67.1075
-77.8484
-72.4836
-69.2551
-73.4014
-67.8553
-59.0084
-63.3122
-61.6856
-60.216
-60.7528
-56.0319
-55.3025
-46.1043
-48.0097
-39.1499
-46.4123
-37.4671
