-31.6542
-45.0628
-35.7266
-39.5361
-42.0131
-45.8124
-55.5481
-47.4519
-47.3523
-61.4589
-44.919
-49.1239
-51.4404
-45.0526
-39.8622
-40.4387
-38.025
-22.865
-29.4096
-23.5523
-28.9207
-30.3148
-11.7291
-15.5143
-23.2499
-31.174
-13.0601
-12.8176
-0.994778
11.8857
20.0841
14.1735
16.2917
15.5233
10.5739
3.52805
11.545
21.836
1.65947
10.4295
-11.0126
-7.3342
-8.65218
-1.11793
-6.0399
-12.7896
-13.3346
-0.396073
-10.4543
-12.7762
-7.73095
-15.8179
-34.944
-28.0003
-32.425
-16.6671
-9.16914
-13.9973
-18.6891
-29.2956
-26.234
-23.5873
-29.881
-27.2463
-21.179
-24.5344
-29.9826
-27.0895
-31.8379
-26.9708
-27.2324
-30.2626
-26.9082
-31.5057
-27.9575
-35.5218
-27.9305
-25.6981
-36.4296
-40.984
-33.248
-39.9937
-31.375
-30.9123
-38.2187
-37.636
-34.3045
-40.0117
-31.1599
-30.8415
-30.9565
-34.2034
-34.8773
-36.5882
-36.4452
-33.0551
-28.823
-37.9787
-38.7384
-36.9394
-36.767
-45.1742
-39.1651
-40.9693
-37.2716
-38.481
-34.072
-40.9589
-41.2508
-48.7423
-49.769
-51.7175
-42.2383
-29.4792
-16.3394
-16.0552
-7.93399
-1.8166
-5.19198
8.44138
12.8052
10.5454
1.47694
5.18664
-0.347513
2.62784
2.83561
3.04793
-2.6649
-6.91308
-8.35675
-4.69303
-8.65189
-2.03204
-3.04588
-6.71828
-8.98895
-5.11018
-14.3346
-19.5646
-23.6278
-14.3369
-11.1661
-15.0048
-5.04775
-2.70452
-17.7113
-17.8141
-16.817
-8.20997
-13.9947
-23.5538
-16.3924
-20.9351
-26.8602
-4.8439
-14.0119
-27.4129
-11.4348
-17.0374
-11.5108
-24.4263
-21.0081
-12.9896
-23.3607
-9.87498
-15.8551
-21.2073
-16.9202
-4.40087
-12.8296
-8.49925
-13.8759
-8.75599
-17.5697
-24.8882
-15.6597
-8.50388
-4.40186
0.156406
-3.90305
-22.1713
-5.46638
-23.4072
-8.19456
-26.9869
-19.2256
-11.844
-10.8567
-8.18734
-9.54939
-19.9456
-7.71076
-13.9802
-17.1239
-8.23321
-22.837
-12.3303
-24.3468
-10.7654
-9.50144
-12.725
-10.4533
-17.8926
-20.9165
-25.2495
-18.4872
-13.9682
-14.6297
-16.1315
-18.2478
-2.15243
-11.7621
