-3.80787
15.3578
-6.1637
13.5901
20.9152
7.79783
13.1736
9.66195
5.94123
6.46184
9.18183
-1.85773
14.0931
10.6083
9.53323
11.8817
7.29362
6.59801
0.318947
14.8348
21.753
21.2832
15.132
12.7736
9.10918
5.55317
7.63916
1.51805
8.18355
-0.373453
9.03794
7.73711
6.63753
5.76008
1.15971
-0.581368
-0.902642
5.89214
4.69145
4.26116
5.63814
19.9031
8.91549
8.28528
12.5084
10.9951
6.37687
13.4752
5.80743
6.772
12.6303
15.973
11.4154
2.49147
20.3468
6.37109
18.1224
6.3013
12.5873
20.6121
5.88606
11.8575
16.6082
13.1165
18.1205
27.1639
13.8389
23.3863
38.9916
44.8869
5.28621
-12.1973
-6.91356
0.7571
-1.02455
2.88828
3.52708
0.069732
1.93164
1.45156
5.07357
3.94726
0.985179
0.346644
-0.522032
-1.23572
-2.04775
-7.49141
-4.19122
-8.75591
-5.9291
-6.82352
-10.7838
-11.8941
-12.5043
-14.4699
-10.9754
-16.8276
-15.9113
-13.9956
-12.5127
-10.0686
-16.821
-13.5382
-15.2348
-15.745
-12.907
-13.8233
-14.315
-16.7528
-18.5732
-16.3029
-21.0513
-15.0238
-16.2739
-23.9765
-21.6006
-19.0868
-21.0756
-19.8299
-21.5902
-24.3658
-18.5971
-20.695
-18.1975
-22.1271
-21.7727
-26.899
-29.6812
-25.3959
-12.9347
-20.3738
0.0785298
-1.55219
3.95942
1.75646
0.859608
-1.66901
-5.8238
-1.15723
-2.8816
0.109267
-1.78413
-2.86601
3.55411
2.06446
1.5814
5.03443
8.31639
5.1746
9.50387
17.9034
8.32666
-10.8883
-26.6982
-30.82
-21.0842
-12.7758
-12.0558
-27.513
-26.7806
-15.7691
-27.4261
-18.9855
-17.5962
-15.9362
-16.2521
-17.6941
-20.5337
-26.1127
-20.5829
-17.1737
-10.9732
-7.62974
-4.59102
-5.78501
-8.80152
-9.33074
-6.3829
0.600854
0.383653
-2.32996
-5.40093
-5.04518
-3.23319
-3.43555
-3.08327
-2.29387
-7.5013
-3.84571
0.370895
0.313067
0.315588
-2.25063
-5.23542
-5.76249
-4.17287
-5.49468
-5.64053
-5.09702
-5.69092
-10.3196
-7.00867
-5.14098
-4.68446
-2.29886
-6.15842
-0.904956
-4.31933
-10.4118
-11.533
-0.341644
-4.79347
-1.71389
-10.5488
-3.3446
7.17842
-3.1284
-12.1644
2.63857
-15.8277
-19.3852
-23.8799
-21.0226
-18.6293
-16.8687
-13.5575
-18.9499
-14.6907
-12.0984
-10.8247
-3.18383
10.2266
2.97304
8.96451
-14.4663
-46.7355
-49.698
-47.3939
-49.0156
-52.6926
-56.4832
-53.6225
-43.8946
-54.3647
-62.1244
-55.9544
-57.9803
-57.2603
-59.9038
-52.9229
-51.0353
-51.8062
-53.3255
-57.1714
-57.3254
-53.4403
-58.3468
-53.3244
-54.3764
-48.0217
-50.123
-52.4315
-55.7568
-50.4706
-46.9526
-56.9283
-61.6339
-56.0377
-57.0206
-51.6128
-52.4438
-52.3121
-43.6996
-42.7545
-46.2814
-51.4006
-49.8266
-40.9484
-17.8931
-14.2067
-19.0822
-18.7023
-21.7692
-5.92381
-6.81229
-2.88962
9.38986
7.04816
11.8562
10.1037
13.5982
13.3727
14.6904
19.6076
8.22355
10.6236
16.6786
23.4328
15.6407
13.6791
12.7318
20.7401
21.9404
19.3071
19.2135
14.6022
13.7817
15.666
11.1195
15.5697
13.584
8.3775
5.44153
7.53446
-0.708399
4.34482
5.41965
-0.734168
5.61044
6.45696
2.45661
4.18681
-4.34505
-24.3507
-18.5076
-5.51929
-4.99124
-15.5249
-7.50988
-21.8827
-25.2866
-15.3523
-22.6601
-30.9263
-35.3014
-29.145
-35.8974
-28.5941
-24.5546
-26.7853
-23.3309
-38.5639
-32.0289
-30.368
-31.0011
-27.4742
-23.3287
-29.4627
-28.9785
-35.0566
-31.2477
-27.2455
-16.6229
-27.0649
-17.2659
-15.3609
-13.6102
-6.95726
-7.5003
-6.72522
-1.38402
-4.43222
-8.18583
-7.38977
-3.81784
-24.8478
-31.2314
-19.2947
-22.2416
-11.2798
-17.2389
-15.7918
-19.0694
-14.6954
-10.2594
-2.4904
-0.0492141
-2.28806
-10.3584
-8.71311
-12.5772
-20.5412
-34.3137
-32.7531
-30.7113
-39.2563
-29.6372
-38.265
-42.4124
-43.706
-45.007
-36.2991
-43.5228
-41.5602
-42.0042
-38.818
-37.2244
-34.4642
-35.4136
-35.7431
-23.7597
-28.3454
-28.4408
-32.2432
-29.4841
-30.6701
-32.4975
-41.6709
-41.7879
-38.7233
-40.6023
-45.6846
-40.7956
-35.0513
-40.2216
-46.2912
-33.8616
-29.2145
-31.6541
-36.4396
-29.9346
-32.4157
-32.3578
-29.4409
-38.8892
-36.1969
-46.67
-46.4885
-42.7028
-41.6776
-43.288
-40.0105
-40.4499
-34.1765
-37.6397
-33.2511
-41.6774
-40.9469
-39.6208
-44.117
-38.6857
-40.0613
-37.7948
-32.633
-38.6978
-38.8657
-34.8814
-37.2922
-38.8036
-39.4928
-40.6285
-42.1611
-43.0287
-44.2557
-45.247
-43.2537
-39.7177
-39.8663
-38.6983
-40.123
-39.5579
-38.877
-40.5805
-36.1099
-31.7761
-29.4722
-33.9325
-36.6516
-36.7344
-44.9867
-37.6947
-33.8342
-27.6556
-36.1227
-37.9086
-39.951
-42.477
-39.3646
-41.6143
-36.0843
-37.3645
-31.0737
-32.4656
-33.21
-26.0854
-30.7954
-34.856
-38.6118
-33.7811
-40.1121
-29.8219
-29.287
-24.8336
-29.8688
-28.1035
-27.6122
-23.3815
-22.3829
-34.3954
-23.1752
-22.553
-20.6036
-33.0566
-29.6959
-20.0763
-34.1303
-33.5904
-31.3689
-28.5599
-31.7036
-30.7381
-30.3789
-33.227
-32.0228
-26.4596
-25.533
-27.0249
-24.98
-31.0778
-29.1055
-31.1972
-35.1329
-21.3811
-19.5921
-32.9645
-30.0538
-28.5325
-33.1139
-32.9227
-36.4819
-41.84
-38.2749
-36.3589
-28.9039
-31.7795
-39.1087
-34.2423
-36.5744
-35.6164
-33.9731
-27.6231
-8.44141
-19.4103
-21.2517
-24.0164
-17.5035
-15.9682
-3.28206
-10.0412
-5.8699
3.27224
-2.67636
-5.88583
-18.3024
-4.53717
-15.2184
-16.6139
-4.87784
-4.11686
-3.29315
0.062138
-1.61682
26.02
16.875
1.21203
-6.33775
-7.88974
-11.6028
-11.2712
-15.9088
-21.8931
-14.7862
-21.049
-30.0452
-33.9349
-25.7591
-27.1527
-16.1622
-20.1097
-31.912
-23.4525
-34.6128
-33.211
-44.1944
-33.3284
-38.6005
-34.0676
-32.0844
-33.2097
-39.8821
-33.5561
-38.1396
-36.7712
-36.1938
-38.41
-35.5221
-39.2442
-33.2945
-41.6065
-41.3944
-32.0478
-45.5456
-51.2959
-51.402
-43.9747
-25.0318
-38.5794
-43.4348
-46.3805
-44.4498
-45.1015
-46.9325
-47.8209
-43.1789
-37.7091
-41.4855
-43.5742
-44.2627
-48.3543
-47.193
-43.5728
-35.9839
-40.0992
-43.7586
-44.9701
-36.9404
-41.5359
-40.9617
-33.1997
-22.6283
-36.9891
-38.3727
-46.0911
-48.0775
-47.4556
-41.5338
-38.8376
-38.9697
-39.7951
-43.6407
-39.3471
-32.4097
-36.2951
-28.3865
-46.4704
-52.6214
-45.8756
-52.8772
-50.5304
-48.8171
-54.3797
-59.0332
-49.3772
-48.5149
-49.5536
-42.9131
-43.9875
-44.4918
-44.9248
-43.9671
-45.9319
-49.2588
-51.2469
-49.0504
-45.0129
-49.3906
-46.9338
-46.2824
-47.74
-48.2513
-46.9171
-47.491
-43.7056
-45.2089
-43.0355
-45.7997
-42.7746
-43.2993
-43.0332
-40.4935
-45.5841
-43.8552
-45.1271
-43.5647
-44.3715
-45.3898
-46.1262
-52.3867
-43.7533
-45.0038
-45.4153
-43.6904
-50.6382
-52.956
-46.3439
-46.2698
-49.1814
-46.1849
-47.9548
-50.6238
-48.6143
-52.5767
-50.8505
-49.8937
-49.1772
-48.3055
-50.9258
-50.7458
-44.4403
-49.9901
-48.9591
-51.2701
-59.6388
-54.7117
-53.4614
-60.8934
-54.1213
-54.1652
-59.2742
-53.1012
-53.3657
-56.5312
-58.285
-55.1873
-53.0068
-54.368
-52.8282
-57.9088
-56.2006
-53.498
-60.3817
-51.0965
-50.9982
-57.4543
-50.8688
-49.4049
-50.5367
-51.333
-50.0713
-51.1262
-54.7228
-50.3945
-51.7414
-54.7389
-54.1712
-57.2294
-51.7239
-54.5933
-56.2848
-60.1028
-60.2076
-66.1675
-63.4825
-37.4421
-12.9683
-5.02762
-5.35407
-6.5621
-10.1128
-10.5844
-2.6178
-10.0439
-1.24978
-5.76621
-2.16791
-0.443758
-11.8534
-23.7183
-18.7248
-13.3297
-15.0168
-10.3702
-20.4559
-22.6397
-10.6765
6.72066
3.33789
-0.904525
3.71299
0.757004
-7.62158
-38.5189
-39.5034
-36.0031
-26.4912
-42.3381
-38.3921
-35.3957
-35.2117
-30.2368
-34.591
-38.8636
-43.9518
-36.7955
-36.8153
-42.458
-46.8765
-38.3197
-36.1425
-31.181
-28.2615
-27.2772
-35.5517
-27.4162
-22.5868
-27.4699
-39.7625
-22.0378
-25.6023
-27.2749
-17.6357
-27.9958
-26.1341
-24.314
-22.576
-17.0031
-16.9994
-21.7401
-22.1252
-36.0555
-15.6628
-30.0777
-15.0958
-23.8861
-25.2728
-27.5407
-21.4417
-27.8354
-18.8782
-21.3563
-26.0664
-28.9027
-20.3609
-25.8612
-17.2374
-17.6097
-15.686
-19.5819
-26.6196
-27.4936
-32.6934
-28.4581
-33.5
-30.0414
-31.0505
-29.0795
-33.1235
-25.4182
-27.333
-19.2912
-20.2858
-24.4739
-31.4855
-26.625
-23.8978
-25.958
-27.5382
-18.536
-18.7961
-32.0617
-28.0815
-27.0085
-30.4084
-33.3986
-26.7177
-24.3309
-27.5362
-33.1478
-19.2532
-21.0731
-15.8965
-23.7038
-17.7177
-34.3204
-30.3055
-26.6987
-20.2323
-24.6348
-26.4917
-25.3371
-28.705
-33.7221
-31.9793
-22.6734
-31.2716
-26.17
-31.5758
-26.3482
-20.2873
-18.2544
-14.9974
-15.0401
-24.5484
-24.4034
-14.0099
-13.2592
-4.1781
-7.95053
-13.5741
-8.52717
-20.3646
-13.5332
-13.6556
-13.6256
-14.998
-10.9755
-12.1498
-6.48134
-6.27369
4.09691
-13.4615
-15.9675
-18.464
-19.005
-19.5511
-16.5381
-20.6868
-9.1096
-9.20428
-5.98999
-7.04318
-10.9101
-12.9146
-12.7776
-16.1934
-7.94254
-21.0649
-18.0244
-18.9085
-24.2122
-18.5377
-30.9815
-29.9157
-26.4323
-21.6625
-16.51
-11.1868
-6.96621
-6.04787
-25.0063
-17.6813
-17.3247
-23.1416
-12.7638
-18.2474
-12.8755
-15.3682
-20.7906
-20.5426
-19.3546
-23.9331
-19.7292
-13.9077
-10.071
-3.09957
-10.9756
-10.4092
-2.92034
-7.19201
-7.51462
-6.70857
-11.1072
-21.9142
-20.5665
-19.6528
-15.0466
-17.9969
-21.5572
-17.186
-12.7477
-17.5918
-10.5676
