26.6988
18.6751
14.927
18.5078
18.2048
21.949
20.9474
18.8124
20.5916
30.8827
20.934
32.8863
36.4071
29.7778
28.3966
15.0559
35.0928
25.4359
24.6113
37.4688
20.5736
3.81084
12.5952
23.3363
14.6923
15.4776
12.587
11.5591
10.6998
9.95316
12.6699
15.8485
23.9978
24.9515
23.8249
15.9111
13.6328
21.017
8.89527
10.1358
7.72522
5.81187
9.83574
7.42386
23.96
18.7901
19.0011
19.8238
32.1731
28.2664
22.4017
28.558
37.4325
38.4635
36.0398
22.8651
15.5402
10.8564
12.7223
8.62137
15.8371
12.9393
12.5039
7.48941
16.4344
9.64601
6.62241
12.9457
1.25244
5.4375
4.37199
2.81354
13.1709
1.25955
1.35533
-2.10576
-2.47779
4.76069
2.16221
8.79557
3.82237
6.11692
4.73762
0.983391
5.43851
4.70153
10.2578
-1.83785
-1.54908
2.71873
7.28162
3.42076
7.68516
7.41628
1.49659
5.52218
3.56203
0.312378
-1.49169
6.13191
5.33008
4.60297
5.63616
3.09842
11.0321
-0.460377
-2.17761
-8.4237
-2.82405
4.41443
4.0079
5.82551
14.4192
4.03961
0.281292
-1.50733
-3.40051
3.688
2.40067
10.1014
16.5595
11.1372
10.621
9.81299
9.75175
13.4822
16.6931
15.9047
21.8906
15.5032
18.5126
14.4129
3.70313
4.44003
5.41826
8.50158
13.5864
7.43419
8.52772
10.7042
2.61649
20.116
12.5229
23.7099
12.0817
10.5535
17.7393
18.9294
13.7411
7.16321
12.9897
7.16849
15.4645
13.5454
18.742
5.29917
7.62999
21.1524
11.5748
15.7934
5.90701
9.78047
8.72342
14.9204
14.074
21.678
20.7273
17.9722
33.3409
16.3423
13.8998
21.7417
13.9403
30.2948
23.5739
25.8901
24.6667
14.3232
6.14718
17.2122
23.6243
14.8749
18.2077
20.312
26.8687
5.60668
17.2366
27.7967
17.226
26.4525
20.6916
24.4594
16.6823
15.5861
12.8571
24.4431
17.7572
32.4343
12.5538
16.8296
15.1714
16.8742
6.41629
8.13655
14.3044
8.95399
7.77465
14.976
11.6342
20.1117
18.0795
16.6154
16.1567
