124.003
133.529
122.987
127.035
121.264
123.536
133.783
140.286
105.009
85.0694
111.644
99.8975
106.006
95.5007
113.199
119.226
127.196
135.796
129.391
131.019
129.236
127.387
131.056
131.928
126.804
127.559
127.259
138.594
131.595
130.563
131.464
134.185
130.226
125.862
124.161
126.871
128.338
123.397
116.739
110.101
109.059
102.29
100.554
98.0773
99.9439
99.2178
96.6959
92.5043
89.6658
93.4062
99.6611
106.485
108.658
112.432
122.122
114.373
117.469
112.345
114.484
106.745
108.057
102.646
106.3
106.676
113.958
105.915
97.7989
92.9061
90.4212
93.5071
91.0842
99.2512
110.248
112.625
107.95
136.443
127.427
131.774
136.887
136.325
138.306
132.933
135.34
137.578
132.463
135.851
113.768
108.249
114.986
111.746
113.63
107.451
111.665
114.095
113.018
111.626
113.908
115.438
109.278
103.151
111.298
127.269
122.312
119.746
108.923
119.371
103.476
120.105
119.534
126.736
116.411
115.618
119.872
115.652
124.242
98.9762
101.982
98.0857
99.8473
115.873
126.095
119.177
112.768
111.785
110.605
113.327
120.672
107.449
101.277
97.4144
100.007
97.7484
95.869
101.22
103.472
105.027
103.325
106.612
105.666
106.764
109.357
102.169
101.777
98.4608
105.089
106.099
100.167
106.67
106.315
101.874
103.007
103.335
101.803
101.448
101.973
104.311
99.2446
102.909
101.273
103.771
99.4697
98.6642
96.7041
100.425
97.7437
105.741
102.12
102.484
103.266
101.542
101.37
99.7922
100.636
99.9311
98.0668
99.9086
100.157
98.8467
100.612
96.5251
98.2301
99.8279
94.9431
97.9257
96.6982
100.715
97.7335
100.286
99.2239
95.9754
99.2469
95.4354
98.8393
98.2355
97.3364
99.8733
104.356
107.411
104.876
111.553
110.921
119.982
122.24
122.057
124.973
130.14
130.925
135.525
129.481
128.094
127.827
128.004
127.814
125.949
126.005
124.812
122.16
124.066
124.279
121.872
124.221
124.08
125.553
127.226
125.039
119.696
117.77
115.773
117.013
120.339
123.16
128.977
131.229
126.851
124.49
125.67
122.844
128.001
123.248
124.868
127.394
123.002
121.705
118.317
123.422
123.062
119.875
122.265
123.09
121.38
124.951
121.917
119.05
123.218
117.632
126.288
128.371
125.271
122.24
123.942
128.39
131.984
121.594
122.225
119.134
120.96
115.897
123.957
126.228
118.375
126.342
120.264
118.77
117.93
116.689
113.519
110.102
109.668
106.889
106.044
107.478
108.614
112.4
108.252
114.724
101.423
106.732
109.613
109.966
104.94
103.868
103.321
104.003
106.843
102.313
98.5021
104.316
109.204
107.248
103.707
120.193
117.455
114.802
117.216
118.562
112.097
112.402
112.487
103.063
106.613
107.464
104.621
110.786
105.85
104.992
114.058
118.36
117.673
113.622
117.742
118.366
117.718
113.829
112.785
115.465
113.37
111.969
106.931
107.814
113.604
111.543
114.895
112.258
119.834
119.08
118.919
119.514
116.357
113.019
107.863
109.914
109.528
104.108
105.456
101.922
106.683
108.508
106.834
112.259
104.526
104.606
103.377
102.399
100.747
106.523
114.016
107.137
108.509
110.145
105.966
106.956
107.448
105.885
114.363
106.986
105.39
110.501
111.416
107.792
107.029
107.973
106.368
110.205
111.883
111.152
115.648
121.223
124.44
120.309
113.353
118.932
118.072
110.159
106.104
108.148
113.649
108.957
114.182
112.109
112.987
115.774
112.664
110.306
106.296
106.93
114.266
116.742
115.621
110.653
106.934
102.691
98.5737
94.8112
95.7566
97.0141
90.794
92.543
94.9805
86.4296
94.7944
100.617
93.1465
97.694
95.3453
92.6019
89.2379
89.2194
88.1261
86.0025
79.1126
91.2974
83.6507
90.0869
86.3502
88.2997
89.4478
89.0908
108.077
114.491
108.578
106.583
120.127
120.855
110.888
103.34
106.656
119.388
128.171
129.258
127.651
127.775
133.061
117.034
108.539
107.004
111.897
120.656
112.946
117.659
119.149
109.777
114.9
118.743
115.236
117.125
117.142
119.425
116.974
121.534
108.154
114.548
123.892
117.714
129.452
135.933
125.439
129.827
131.771
124.085
121.658
117.767
116.142
123.106
128.528
115.317
119.185
121.616
120.129
108.184
121.878
131.54
113.449
117.798
120.19
118.51
118.868
110.505
113.572
107.659
112.148
106.457
117.12
106.273
110.489
112.124
111.762
119.91
120.468
128.628
124.495
129.755
128.404
119.161
122.971
132.755
118.006
121.17
128.057
116.36
111.277
109.854
112.347
105.531
111.56
106.438
116.143
112.761
115.995
112.4
106.975
100.473
106.218
114.471
100.465
95.0337
88.5169
93.8067
87.9352
92.207
83.4757
91.4776
89.1864
88.2026
89.4806
84.1178
88.9988
92.2153
91.9515
92.8678
89.8712
88.6771
92.4557
90.9513
93.9664
93.8199
95.1653
99.2257
92.1223
97.9292
89.6177
99.2731
93.8026
92.3779
95.3149
95.5232
99.1052
95.571
96.3754
89.53
85.497
88.9615
85.9334
83.2121
86.371
95.9998
94.6259
100.549
95.7239
97.9693
97.7719
99.1603
101.097
93.1741
95.6503
91.6888
93.0281
93.3538
101.885
101.709
105.619
97.182
108.864
113.495
111.932
123.755
119.653
110.057
110.315
119.586
125.685
122.966
114.415
118.779
114.718
114.916
118.495
122.291
123.18
121.905
119.723
123.504
119.672
117.517
112.691
107.745
114.797
109.005
110.384
115.322
112.317
112.544
116.343
117.048
119.161
119.237
115.285
115.007
116.276
115.421
116.42
117.989
120.565
123.034
122.971
115.536
114.739
114.303
113.881
118.289
117.412
121.201
119.919
114.206
120.565
124.965
116.741
122.039
125.086
118.055
120.155
123.579
122.886
126.358
122.555
120.53
124.109
123.165
122.669
123.067
121.959
126.715
125.045
126.091
124.749
126.38
122.745
120.352
125.913
120.916
128.08
123.235
122.475
122.839
126.278
122.164
125.196
120.996
120.979
125.654
124.099
128.162
124.89
119.597
120.957
127.912
123.787
125.156
127.722
127.35
129.964
127.216
126.312
128.037
131.098
126.722
133.47
131.322
128.725
131.521
129.963
117.205
115.433
133.617
134.343
130.768
128.01
127.594
127.604
128.411
131.257
131.014
132.42
119.877
118.464
113.79
107.765
102.587
98.0754
105.885
93.7434
91.5107
95.2388
92.4104
94.1175
94.5736
88.5277
99.5456
97.1839
98.2956
96.1796
93.5856
97.9724
101.568
92.8945
91.2124
86.1015
86.8467
94.7465
94.3225
97.3774
102.67
105.583
105.723
103.398
106.01
114.34
107.54
106.285
102.693
102.762
113.214
113.48
107.291
104.424
105.792
104.332
104.323
101.859
97.5626
97.6556
100.987
118.012
111.939
118.376
119.472
114.713
117.188
114.746
115.896
114.284
116.117
117.124
118.611
117.416
113.607
113.809
118.602
117.022
120.542
116.255
115.999
116.663
114.534
115.208
113.493
116.957
116.961
116.169
119.38
117.582
115.107
119.146
114.675
114.168
114.516
114.487
113.759
115.308
114.098
113.118
111.984
112.453
114.972
114.784
116.445
117.939
117.563
115.656
117.196
114.701
113.107
118.244
116.2
115.97
117.148
113.945
115.552
116.535
115.62
113.368
114.365
117.407
109.228
98.8144
98.784
99.3976
108.012
113.115
113.958
115.687
119.67
120.671
110.424
123.626
125.059
126.766
126.918
122.456
120.455
131.578
123.871
121.081
116.294
115.715
110.863
110.321
109.795
108.148
113.497
114.445
118.328
126.715
125.631
124.267
127.438
122.548
121.01
116.008
111.797
109.68
112.863
111.798
112.302
110.491
113.505
112.203
116.28
125.097
117.207
128.893
126.55
131.599
121.62
122.102
128.143
118.718
117.634
116.217
111.857
109.582
114.728
114.154
123.352
125.146
126.866
128.322
128.895
126.4
121.2
122.17
118.737
115.722
114.332
111.789
104.621
103.17
107.831
110.947
115.487
121.292
122.513
119.681
126.326
123.128
118.806
118.761
109.154
106.22
103.972
108.442
105.39
110.366
109.526
118.414
119.833
117.96
120.797
119.508
116.997
119.591
118.492
114.399
111.041
104.16
104.123
107.462
112.465
108.352
111.853
113.675
121.637
126.848
121.483
122.148
119.154
110.436
119.947
115.079
110.274
109.267
111.069
105.79
112.761
116.669
117.814
113.932
105.995
106.782
105.529
102.914
109.842
100.2
110.632
111.933
111.709
116.785
110.856
113.779
109.551
116.002
114.015
118.013
118.683
116.485
116.816
115.503
118.493
115.38
117.852
122.87
120.604
117.1
120.169
119.336
122.886
118.706
124.607
122.251
124.693
122.606
117.349
113.477
112.364
95.9377
94.6931
100.353
103.402
99.8407
96.703
89.933
92.0956
94.0021
97.0798
94.0452
89.86
93.3288
95.439
96.4304
96.4324
90.5164
96.812
94.081
98.4201
98.9279
98.685
95.843
95.9585
97.8231
95.6614
95.2405
90.6289
97.6275
97.062
96.6445
96.3424
94.4467
95.5207
93.641
96.4669
95.7533
96.0402
97.2582
100.588
100.581
102.755
102.345
98.528
104.037
100.935
103.983
102.856
100.85
105.569
103.768
104.404
101.666
101.347
102.147
102.591
107.241
100.694
98.7213
98.1133
103.977
97.5562
102.717
99.8533
99.1509
101.036
104.431
105.541
105.739
113.199
115.215
108.966
96.4353
96.6257
92.1195
91.113
108.12
123.642
118.838
115.017
110.431
116.438
114.826
118.949
118.76
113.072
118.493
116.337
114.747
118.142
114.045
113.59
110.066
116.389
113.778
110.722
111.796
114.005
110.905
106.679
112.948
105.878
106.414
107.058
105.972
108.941
106.124
114.769
108.771
105.449
107.398
111.636
110.366
113.029
108.817
103.992
103.733
102.385
104.164
102.486
102.592
104.295
102.407
101.97
102.225
101.63
108.281
