-38.613
-36.3288
-42.4681
-51.2113
-48.5943
-40.1765
-33.055
-25.706
-25.6116
-19.2585
-15.548
-15.3383
-23.7677
-17.9842
-25.8507
-28.6229
-27.823
-23.7347
-39.8276
-55.0708
-34.7419
-55.0034
-47.8406
-59.832
-60.1697
-48.1429
-44.4842
-51.1074
-43.8019
-36.5772
-26.2093
-22.0507
-15.8998
-19.0463
-18.6658
-11.127
-9.72079
-23.0905
-10.91
-16.0874
-17.9258
-16.7172
-18.7119
-32.5739
-23.233
-26.8517
-30.8047
-29.3039
-29.8564
-27.1153
-28.2432
-32.7854
-32.6551
-42.6525
-43.8674
-34.5647
-43.1674
-35.8659
-40.6026
-31.5404
-42.1978
-45.691
-39.4003
-34.6962
-47.172
-35.857
-42.5097
-48.8288
-36.4054
-24.2205
-27.7669
-43.9695
-50.4905
-43.0468
-40.095
-54.9246
-39.7986
-44.979
-44.0191
-27.2252
-36.424
-33.1421
-44.0576
-50.9263
-49.7253
-44.8146
-35.9847
-51.112
-42.9215
-46.7775
-47.3457
-34.4991
-36.3129
-41.7858
-41.9102
-35.4886
-42.6222
-53.529
-47.3135
-43.6031
-49.6671
-40.7585
-31.8631
-43.4151
-36.9612
-51.7272
-50.6035
-42.0303
-44.1898
-47.8004
-32.9584
-53.483
-47.3557
-38.0557
-38.5691
-40.8805
-56.589
-39.6888
-41.0912
-35.0037
-39.562
-33.3613
-39.479
-35.1187
-33.8804
-34.1941
-38.9419
-47.9173
-50.6641
-26.2606
-34.8451
-43.2966
-43.5281
-40.3021
-36.8539
-39.68
-34.07
-41.7736
-39.4606
-42.7761
-52.5718
-49.7888
-38.2112
-28.1888
-27.5962
-16.6936
-21.0676
-17.8773
-14.5645
-24.3969
-20.5127
-28.4696
-25.3234
-20.3417
-28.6656
-36.7516
-41.774
-39.9721
-54.8182
-52.0609
-63.5722
-55.5398
-48.7733
-37.4316
-41.6834
-39.628
-37.0767
-23.9327
-21.0321
-13.4392
-21.4463
-5.54164
-7.37756
-15.6674
-22.8162
-12.4682
-8.20739
-22.4774
-14.0533
-21.3099
-30.006
-23.5441
-27.6183
-29.3395
-29.2787
-29.3001
-21.262
-34.8673
-28.5156
-35.9506
-40.9445
-43.5617
-34.8226
-46.7534
-31.9948
-36.9964
-33.9203
-47.7281
-46.5555
-33.4436
-30.8114
-51.0714
-40.764
-37.7318
-53.0879
-34.802
-25.1098
-27.0354
-48.6509
-53.5596
-45.026
-40.9437
-58.985
-38.4313
-44.8455
-39.9278
-29.337
-36.3512
-35.6447
-44.1472
-41.4381
-48.3903
-51.3429
-40.096
-49.5414
-48.2551
-44.564
-40.3834
-36.5992
-38.7338
-43.3022
-42.9397
-33.8562
-48.8292
-49.9949
-51.3565
-43.6784
-48.2761
-32.147
-38.5672
-37.0094
-43.8865
-44.2668
-49.5507
-41.8816
-37.7029
-47.6614
-34.9528
-51.1585
-39.9759
-43.5113
-37.8875
-39.2632
-50.4057
-34.4545
-48.4602
-28.1002
-40.8406
-32.7397
-35.5037
-43.2101
-29.9063
-34.5503
-46.2007
-49.2883
-42.8628
-26.8931
-39.8801
-39.6743
-47.3069
-37.9976
-34.8216
-39.1922
-41.6903
-37.9164
-42.972
-39.3551
-52.3351
-45.5785
-38.5318
-21.8283
-28.9165
-13.819
-19.7597
-22.698
-13.3286
-19.6867
-24.4068
-29.1475
-22.7126
-15.6618
-32.1849
-41.0022
-37.7526
-36.5851
-54.3953
-51.8635
-65.4386
-51.5859
-51.1759
-42.8661
-38.183
-31.5763
-29.0094
-22.7277
-21.1611
-11.1171
-19.4326
-7.17568
-11.4803
-14.9177
-19.8602
-17.4361
-16.2813
-24.8236
-15.805
-24.2615
-33.2656
-27.007
-30.0652
-29.0772
-28.7861
-34.3424
-20.5273
-33.937
-26.9559
-37.41
-35.0073
-36.9027
-41.0452
-42.3061
-36.2187
-29.3317
-40.8604
-47.0945
-41.5558
-33.7162
-36.0588
-45.3861
-41.6087
-38.4439
-50.2277
-35.5578
-35.9864
-27.7514
-44.3765
-49.501
-48.2303
-46.0974
-55.7636
-32.4941
-48.0922
-38.6251
-36.6823
-32.5624
-40.0179
-44.6342
-37.2985
-47.341
-42.5326
-45.9315
-47.9434
-46.868
-42.7208
-29.1397
-37.086
-34.6961
-43.1625
-41.4151
-36.4183
-56.5494
-51.8895
-49.5884
-47.6007
-42.3064
-26.9909
-45.099
-31.8706
-49.2898
-47.0728
-45.0869
-41.7252
-37.1905
-43.1078
-44.0044
-47.5335
-35.4089
-48.0349
-42.1757
-43.7721
-50.2544
-32.3108
-47.6332
-27.3333
-35.8445
