63.9189
45.9132
53.8062
56.0631
51.0797
50.7504
42.0678
47.6279
60.4611
52.2268
53.6156
49.5368
37.4832
52.0291
29.4019
34.8483
33.3859
35.0076
27.2611
31.599
21.8183
21.5353
22.844
32.8493
24.7299
23.4203
22.7596
21.546
26.5073
33.1321
31.812
33.6498
37.7593
37.1256
37.0944
45.0863
33.5727
39.331
41.8221
44.4441
58.4662
64.0807
68.0276
72.1366
79.4385
73.7877
78.6761
71.4723
74.5767
76.7306
70.6361
63.3854
62.6328
50.541
47.8743
50.9001
47.5671
51.9373
54.6118
59.8229
58.6315
67.4934
63.3424
67.5523
75.713
77.7183
82.6564
85.176
87.4648
80.4989
78.6759
75.1679
70.7922
67.8393
66.0635
76.8343
70.1498
67.5142
68.011
76.5329
73.9085
75.8672
78.7705
78.7396
74.7891
71.3235
62.9166
46.6996
40.3471
48.0335
52.9181
53.3087
51.01
48.322
44.5563
44.4905
44.6929
51.3901
44.3121
48.7705
54.0703
58.3401
56.6503
58.2196
59.5093
71.0499
76.406
55.3304
45.2498
47.6716
49.4021
56.9208
54.3577
52.2226
53.1758
56.9751
64.9455
65.916
66.968
83.9622
80.2346
77.6432
71.1079
62.2072
70.8554
61.5127
65.4278
61.917
57.7683
57.1626
61.2313
71.584
75.9251
76.9902
79.168
74.664
70.1553
73.7834
69.9045
69.7438
70.2213
64.3866
66.4638
65.2029
69.4056
67.5001
65.5882
64.7069
63.5655
57.063
56.8262
58.0795
57.711
55.5964
62.5533
62.7923
60.6978
63.6621
62.7557
65.0498
65.6986
67.1732
66.0651
63.6889
61.6316
63.7453
66.6998
66.4276
69.7073
69.4387
67.8468
67.4995
69.1279
72.4828
70.6267
69.6433
68.367
72.7315
68.4989
71.793
70.9428
71.7406
74.1951
71.6351
65.3555
69.5183
70.621
72.6845
69.3776
73.2206
74.3648
71.382
72.7699
70.3534
69.899
75.1161
74.5039
71.8157
77.5752
84.032
80.8176
78.6105
65.6962
56.9445
57.0309
58.0027
56.097
59.0653
58.5915
63.2635
63.5952
63.6574
61.7403
68.1189
67.0973
71.3136
73.6438
73.8602
76.2058
81.5988
81.7353
80.7081
83.7214
85.9836
85.3611
85.8862
85.3843
83.3797
81.6712
83.0375
86.9918
87.6681
86.3171
82.8832
84.3643
83.0168
86.578
87.1283
80.0503
81.2706
82.7885
84.1802
82.343
78.7632
79.7442
80.4628
79.9719
75.1845
74.2341
76.3361
73.9603
80.1457
81.4125
76.6719
80.2372
83.8685
85.0761
92.773
90.4508
94.9111
78.5498
72.9622
69.4767
76.332
73.5248
71.7362
81.3971
71.1492
67.4316
64.6476
62.4479
63.677
64.3475
62.5346
65.4251
64.3123
64.6594
68.0467
68.385
71.7006
70.8656
74.1919
76.0928
69.7496
69.0798
69.5986
66.7813
65.6828
60.4968
70.9578
73.6314
69.4496
73.4385
68.8548
77.9513
75.7106
70.8009
65.3169
68.7785
64.3949
75.7816
73.4598
70.7362
68.4131
72.828
79.4009
76.556
71.4266
62.9092
70.1018
72.8205
76.1821
73.5514
71.3798
66.923
74.8608
74.7431
67.9859
69.804
75.3488
72.2016
73.1482
73.9727
71.9307
61.9163
62.3442
62.7287
64.5351
68.0561
71.5713
67.3821
66.2516
66.2721
66.2883
62.2655
70.5786
64.9883
67.4764
66.9173
67.7803
72.1319
69.7712
74.1542
78.7201
72.7919
77.1774
76.519
72.0653
78.7983
75.6416
76.2822
80.4407
81.5537
71.1694
67.4485
61.8366
68.5179
72.2833
75.8401
75.799
73.5092
75.3001
68.423
62.7684
68.1488
70.1845
69.5807
71.4087
69.717
69.7473
71.2148
69.9994
69.1486
70.9845
70.7229
70.0587
71.4141
71.8567
67.2995
71.9146
72.6548
78.6803
75.135
67.0797
70.6032
79.1555
77.5239
81.0541
79.1007
79.8534
77.7229
75.2113
72.219
67.4295
68.5251
68.9508
75.6027
79.8074
61.7887
67.0778
71.7011
76.2459
75.3872
74.6204
73.9877
69.4142
75.36
75.3068
75.1435
75.1959
73.117
71.3809
75.2562
71.759
74.9505
72.3066
73.229
66.4881
69.1951
68.8661
71.7805
71.6819
76.1657
69.5064
68.3964
69.3196
56.085
56.1507
67.032
69.1045
56.9811
50.3872
45.2128
62.0538
69.7297
55.0326
52.5828
55.6742
59.0728
66.3769
72.2334
71.8345
78.3598
63.3769
73.0556
64.0227
50.2585
61.3755
49.7178
59.8768
52.6167
42.1172
49.6801
43.7344
51.7754
52.113
48.968
54.1657
44.2014
49.8528
48.6372
53.5792
57.7259
55.0923
59.9865
53.4518
52.6452
57.5923
52.3022
59.3114
55.3731
54.3771
48.8069
57.316
57.1258
56.6681
50.7928
58.4955
50.2306
60.2909
47.4029
49.8506
55.4813
44.7082
57.2145
47.3242
56.6582
57.481
56.4152
62.2081
58.2989
63.3178
55.8368
59.1139
69.3627
56.1084
58.1885
60.7608
59.6026
54.8263
54.5606
50.548
50.5613
61.2832
51.158
54.2705
46.406
44.3014
56.6019
69.155
62.8801
66.6699
68.3753
71.4625
68.9641
74.1477
68.7089
67.223
58.2921
59.7497
53.3451
65.5398
68.87
69.5364
73.1554
87.0021
84.7132
74.9246
75.0708
73.6984
71.4082
76.0474
76.5884
77.0439
76.1387
79.3949
74.4996
75.651
72.5149
75.9686
73.0445
70.4414
72.255
71.1495
71.0746
66.7896
62.4671
66.5644
61.1086
63.6336
60.8254
71.583
74.3885
77.4119
83.9132
90.3989
75.0507
79.9144
77.1919
71.6268
79.9691
76.3621
80.3882
74.0147
76.9417
79.125
77.6884
79.2847
77.3927
72.8506
71.0087
67.3159
68.5571
75.0791
77.3414
75.6125
70.7323
84.426
83.2465
72.3071
63.5397
54.6505
36.9557
47.2987
28.5091
33.287
39.3404
39.6469
26.5099
22.0287
19.5333
30.0101
29.443
31.681
34.1609
37.1787
28.3764
32.3044
35.676
28.8106
28.8455
33.906
36.4945
41.3133
39.3538
41.7472
44.0559
38.8101
44.6377
41.7351
39.0206
42.6221
39.3684
43.8646
40.622
36.0999
39.8929
44.6959
42.8496
37.1006
37.8347
33.5307
38.2825
38.3906
33.0997
33.604
38.2749
34.5041
39.4887
35.7519
34.386
37.3373
36.9651
37.8397
42.6491
38.7862
39.1576
36.7303
30.6636
35.318
40.6105
38.1004
39.6346
34.8837
30.862
36.4683
39.9763
38.8393
38.5413
36.3454
39.8155
35.9508
43.4526
38.7135
39.2444
36.0631
35.351
39.7452
34.1828
42.8936
39.3499
29.8346
36.5039
44.5941
38.9708
43.6394
42.1297
41.6003
43.3568
43.2759
42.5635
38.2638
37.0179
38.9677
44.5301
35.583
35.8559
38.8443
35.9647
36.9167
36.4455
38.2891
36.3508
38.9903
36.6737
32.465
34.117
32.4288
32.0091
39.9333
50.7772
72.4894
65.6532
63.9565
71.4055
70.4008
67.2372
68.9986
71.9084
67.861
73.0682
70.9053
61.8538
46.7477
36.5389
40.495
54.4928
59.4962
62.4872
53.0392
45.2919
37.6157
39.2244
34.6741
39.8143
38.5745
44.1335
41.6389
45.7766
47.6937
44.3626
46.182
46.2078
48.8128
50.489
50.6434
43.4762
46.3958
43.6344
43.2104
39.3626
40.5617
38.6632
39.6139
41.0166
45.0829
42.6055
37.1981
39.9462
36.6924
49.3191
57.1529
70.5015
75.1947
72.8496
71.4996
68.0645
66.951
64.8995
64.9025
63.3752
66.3346
53.0986
52.0209
54.0489
58.6863
56.7319
57.3572
57.7543
56.4541
59.0427
58.4641
63.3966
63.4016
63.4665
63.5868
64.4239
61.8195
63.2012
63.196
60.6917
60.0214
62.2391
60.1588
52.9031
58.5436
57.4697
58.3474
60.6577
61.3908
63.3662
65.101
64.1682
63.2168
64.0856
61.1263
62.8335
61.6351
59.8992
62.0702
59.0575
57.2492
62.2215
59.0617
59.928
59.6462
61.5561
62.2011
60.7952
62.6069
64.1691
59.7239
57.0005
56.6024
58.7648
56.7047
57.7857
56.4499
55.4164
55.4141
57.4654
58.0007
55.9049
64.0905
79.2212
70.6577
65.5546
59.5639
54.1898
51.0769
47.5958
52.7566
51.0904
43.3181
38.722
42.262
39.9698
43.1419
33.3411
36.6309
39.6846
50.0083
54.1093
66.2349
66.428
64.1451
57.9945
63.2275
68.4553
58.3492
51.1627
45.4559
44.9094
38.5881
32.8189
43.7753
48.8697
57.1667
58.1835
56.1512
58.8726
53.9499
57.7871
59.7657
57.6502
57.2176
45.4669
34.1994
34.0685
34.7974
35.4935
39.2573
28.2612
27.182
37.1877
46.8211
56.5709
58.5324
65.704
59.4654
57.941
53.1386
48.2584
39.7933
44.0765
41.8098
36.0476
36.7968
37.3283
42.674
49.9708
65.5686
59.1931
62.1259
63.3787
64.3371
60.4587
56.721
44.2376
34.748
30.2367
31.0104
36.0595
36.7117
43.0852
52.0221
56.7473
62.6056
67.3678
67.3482
61.8863
57.709
49.1031
34.2882
28.7302
35.9169
38.9389
39.7413
37.5709
35.0214
36.7261
46.5342
61.4645
65.0695
62.1229
65.2618
64.4709
53.8294
51.3336
44.2931
40.4565
35.6439
39.9145
52.8755
58.6666
56.3746
71.7552
79.0878
60.8241
60.9064
55.9294
59.7301
65.4604
65.091
59.8729
68.6175
61.1381
50.2573
49.0492
51.9975
55.9099
51.9379
57.5124
75.0726
46.4401
48.73
49.1542
49.448
52.0613
50.2436
54.6602
54.8297
53.6829
55.6398
58.3838
51.9392
55.9284
51.1329
58.3652
58.2783
59.4754
63.2557
61.0783
61.9656
62.3801
62.6159
58.2799
54.7269
48.1824
45.3162
44.0099
49.4971
62.8516
35.32
34.2285
40.5792
45.8565
56.6282
55.5673
59.3813
63.0254
51.368
59.3247
54.9191
55.4736
57.7962
52.4632
52.2691
52.5636
49.4165
54.4089
46.6294
53.922
49.9423
51.5874
48.0939
48.1532
46.9857
51.4558
55.8922
58.0803
54.9912
55.0245
54.162
57.1217
56.936
57.3773
54.8016
58.0076
55.8383
55.0884
53.7389
52.3983
45.9772
46.7409
51.9915
48.2817
56.5591
56.4243
56.8176
51.1621
46.7201
49.6339
44.4174
51.8912
53.5523
56.5327
53.7257
52.9923
52.2127
54.0444
50.2862
47.6653
54.3944
50.4928
51.5429
50.8567
51.4219
49.7829
52.4172
45.0317
53.2061
50.496
54.208
55.7455
58.6791
59.3826
60.5051
49.0866
42.2819
35.0782
64.8444
55.2832
51.8074
48.9862
46.3644
46.4065
48.208
51.6635
48.0774
46.9351
52.5576
51.4636
49.4902
51.691
59.4262
50.9204
51.825
53.5392
55.3241
51.059
51.7763
55.169
57.2285
53.3611
61.9745
58.2163
54.1701
53.4178
56.9442
60.5013
58.494
53.1041
53.8515
59.4865
56.54
61.0728
60.3644
54.5679
62.3751
60.672
62.0182
64.8043
59.8348
66.532
60.0372
62.142
61.7837
61.2054
64.4368
