-64.7066
-62.0645
-62.141
-67.1566
-62.096
-61.2941
-91.6953
-82.0109
-79.6217
-81.876
-91.1026
-89.3818
-86.1369
-59.8023
-115.291
-118.244
-96.7011
-108.729
-130.263
-105.622
-119.753
-126.963
-118.986
-102.493
-89.1736
-85.2231
-76.1989
-89.3345
-92.6522
-89.184
-81.1122
-77.193
-83.5804
-73.1756
-85.4995
-82.4993
-97.1158
-91.7691
-91.6965
-91.5893
-81.2495
-82.5976
-89.3277
-88.0064
-83.9728
-83.5843
-75.4163
-82.1102
-69.6217
-67.7433
-73.3503
-69.288
-71.4365
-64.8652
-63.7496
-60.0267
-63.7087
-70.853
-63.1671
-69.3029
-70.6711
-63.3912
-77.1716
-74.1105
-70.994
-72.3341
-72.5409
-83.0812
-80.7771
-90.1229
-81.0105
-89.4826
-81.8371
-87.8418
-84.1471
-81.4546
-83.6193
-86.503
-75.8353
-80.8648
-83.0723
-82.5691
-80.8662
-107.534
-63.923
-79.8222
-66.8248
-68.6152
-59.0772
-66.8169
-53.3091
-76.2977
-78.2907
-120.628
-171.237
-174.604
-181.883
-170.766
-156.762
-148.456
-153.933
-144.957
-142.805
-146.327
-150.567
-150.287
-157.569
-155.759
-155.35
-142.883
-148.253
-151.524
-162.877
-167.629
-168.979
-159.361
-158.977
-163.286
-169.459
-168.752
-165.479
-161.12
-165.592
-168.362
-167.181
-171.841
-172.596
-154.793
-139.131
-136.479
-127.004
-85.9629
-78.3291
-91.1559
-64.4084
-58.0564
-68.6394
-71.4857
-105.615
-172.497
-178.057
-180.193
-174.523
-176.297
-163.026
-128.27
-53.0601
-55.6407
-75.2719
-65.8884
-78.6301
-103.072
-95.9806
-115.328
-123.181
-122.016
-123.941
-130.345
-134.478
-141.338
-137.84
-136.634
-133.452
-137.056
-126.724
-122.551
-122.033
-120.524
-133.472
-125.168
-128.935
-115.285
-124.18
-119.086
-123.906
-122.189
-135.325
-130.555
-139.685
-143.043
-146.178
-133.722
-140.575
-152.635
-141.676
-144.164
-130.234
-148.283
-141.544
-139.753
-139.954
-144.966
-146.675
-137.134
-145.096
-147.096
-149.507
-143.399
-139.107
-140.216
-141.986
-143.943
-136.914
-145.611
-149.932
-141.088
-138.025
-139.327
-140.586
-149.655
-143.98
-141.382
-138.293
-140.797
-141.233
-130.601
-131.621
-136.061
-139.822
-133.171
-130.489
-130.873
-129.599
-141.477
-133.262
-118.014
-126.845
-127.515
-132.034
-123.177
-122.438
-118.607
-122.465
-111.245
-120.983
-135.615
-133.329
-128.322
-127.199
-134.07
-133.607
-133.713
-126.754
-123.225
-130.983
-125.854
-125.43
-129.409
-136.373
-145.121
-146.48
-141.869
-137.909
-139.03
-147.945
-150.251
-136.975
-144.654
-150.326
-143.516
-136.981
-133.725
-136.195
-115.779
-37.7092
-50.7448
-85.3285
-83.8121
-94.3911
-79.9524
-133.87
-147.239
-152.061
-152.695
-157.752
-154.131
-157.998
-166.656
-164.889
-165.689
-170.962
-174.602
-173.893
-167.823
-174.393
-175.806
-178.271
-174.879
-163.72
-175.452
-175.1
-176.107
-177.747
-175.901
-173.026
-178.18
-172.954
-178.864
-173.518
-179.652
-183.534
-179.17
-177.451
-179.068
-176.751
-182.965
-187.081
-176.264
-186.782
-181.88
-179.894
-180.892
-177.998
-184.797
-181.369
-178.934
-178.536
-180.671
-177.052
-183.395
-172.843
-186.391
-182.47
-184.914
-178.214
-181.819
-177.982
-178.815
-178.628
-170.823
-175.54
-183.171
-191.533
-183.972
-185.573
-176.924
-166.209
-165.95
-166.017
-165.905
-167.584
-163.834
-159.201
-145.051
-130.873
-118.532
-106.379
-89.4608
-100.951
-100.788
-100.275
-103.795
-94.5499
-90.5487
-86.8767
-94.6814
-86.9487
-87.0888
-74.2657
-82.4837
-69.0023
-84.0791
-85.8547
-82.1746
-85.2959
-88.218
-86.9928
-81.1016
-88.6384
-96.6451
-83.4006
-77.2421
-78.2015
-90.3914
-89.812
-75.6993
-78.0873
-97.1164
-75.0294
-73.2948
-63.0264
-63.3529
-79.4792
-70.4113
-85.5016
-85.0649
-78.8633
-78.31
-84.0931
-87.7764
-95.5408
-91.0704
-88.189
-87.637
-93.9311
-83.2589
-90.0684
-87.8483
-80.7046
-94.9502
-82.4489
-91.0276
-88.7943
-89.4467
-90.6947
-94.8781
-90.6108
-90.355
-85.1392
-85.5905
-94.6697
-91.146
-94.7217
-87.5406
-90.9615
-89.7723
-85.8009
-71.3235
-77.1704
-60.2294
-60.0578
-65.0679
-52.3928
-54.9413
-57.1989
-99.1761
-118.799
-102.569
-82.6675
-79.3004
-88.8829
-93.3926
-97.4746
-93.3711
-93.6507
-105.314
-101.097
-102.403
-112.288
-140.682
-142.714
-106.777
-100.305
-102.365
-101.217
-98.2181
-104.548
-97.1645
-93.7578
-125.629
-177.41
-174.294
-165.115
-170.941
-166.371
-172.741
-170.22
-166.698
-163.531
-164.657
-168.796
-170.631
-171.745
-175.263
-173.464
-175.345
-174.088
-173.297
-177.678
-177.994
-175.619
-174.307
-180.368
-180.997
-174.29
-169.457
-162.867
-151.241
-144.47
-129.888
-122.32
-125.692
-99.0903
-106
-92.7724
-89.7932
-94.3593
-74.4352
