28.6472
26.4793
31.5634
22.3686
28.4383
30.0375
28.1219
28.9579
35.005
32.1269
30.9471
30.3243
35.9763
39.4227
11.0666
27.9718
27.2793
21.961
25.0051
22.287
25.79
19.418
28.5888
28.0228
32.0085
29.7604
22.6592
26.4413
29.1184
24.6155
34.9556
34.1046
29.1008
30.0241
29.6149
33.0475
30.5722
31.0293
40.7738
46.4772
43.4548
41.7843
32.9815
35.7038
39.1325
31.5145
33.0313
23.413
33.8096
23.6309
32.6255
32.4632
24.395
30.526
15.7393
33.0284
26.2176
28.4504
33.8505
35.678
42.1903
44.2262
43.2758
44.0788
45.8931
47.2784
47.6005
40.5806
43.6294
46.6726
41.765
49.3722
47.3784
45.823
42.2158
47.7536
48.5773
47.8818
42.4759
49.3296
44.7999
49.3856
43.8138
43.6482
43.4764
48.4876
43.524
44.6795
44.1788
47.9479
44.6002
40.2227
47.6349
41.7757
44.3846
41.1253
38.7128
40.5909
40.9566
33.922
41.683
36.7613
36.6081
37.6933
36.7785
28.3422
29.5052
31.1389
30.9716
34.012
24.3944
25.9222
28.3832
29.1732
35.2887
37.2289
40.9679
45.6769
38.0593
46.6114
49.1246
40.055
42.4215
40.2993
38.2854
41.3145
38.9509
43.4203
43.3928
33.2856
37.3026
34.1146
31.1341
32.6481
32.1367
37.2871
31.6253
30.8819
30.9171
38.0004
32.1146
33.9964
21.0327
27.5483
29.9679
23.0361
30.1341
28.2338
22.0202
20.0587
33.3627
23.3109
23.4839
21.6711
29.845
19.1749
24.1136
23.8131
20.3053
27.0127
28.0085
30.1232
43.3745
33.8026
34.3115
27.6776
23.983
26.6009
39.0729
28.5016
17.2447
18.0737
35.0671
37.6733
39.6211
26.4801
27.7573
19.1881
31.718
26.1542
15.1248
22.514
26.3281
24.3328
29.6849
30.3302
22.2881
22.958
29.5791
23.1335
18.7849
30.2213
16.1999
21.644
32.5568
25.609
23.5085
29.7025
16.0647
26.6135
31.0296
17.2577
33.9568
28.6117
26.1922
21.4583
18.7742
7.22846
17.6172
27.4732
23.7928
28.8038
24.5925
