-7.83201
-22.4278
-23.7501
-18.9387
-10.8849
-13.3956
-16.2329
-23.2522
-31.3262
-21.609
-11.6523
-12.8051
1.18273
-0.888916
-5.75765
-2.80038
-8.54997
-12.7676
-5.594
-18.7062
-8.25647
-7.71179
-13.8948
-13.6353
-3.68729
-9.46486
-4.17466
-10.5148
-3.91187
1.71387
-15.68
-8.03765
-8.52643
-13.1624
-15.9677
-18.1664
-17.5073
-20.5467
-1.07548
-13.8683
-14.0891
-11.2143
-18.543
-12.1888
-12.4329
2.80734
-11.4659
-15.9996
-9.44707
-18.7323
-13.338
-12.6422
-14.0446
-7.58191
-13.7353
-17.2426
-11.6185
-11.4555
-21.9057
-27.5798
-22.883
-23.4055
-23.6836
-22.5486
-22.7625
-22.6202
-28.8532
-17.0392
-24.6435
-17.3273
-21.0871
-22.7979
-17.4003
-20.4007
-16.3917
-19.9395
-12.5807
-15.0596
-12.5818
-10.6356
-19.0801
-12.7608
-18.9442
-18.9151
-13.1025
-17.4867
-17.7192
-16.5199
-13.4679
-13.7623
-14.3448
-15.7164
-17.8341
-16.8134
-13.1439
-7.80325
-7.79449
-6.66533
-9.12285
-12.9088
-15.3333
-8.71023
-8.81569
-8.38875
-7.13775
-15.1153
-10.5008
-4.15502
-5.95347
-1.07474
5.05897
5.18664
-0.559946
-2.18892
-1.70309
0.584127
-10.1153
-10.8555
-8.71182
-9.31337
-8.26125
-11.8522
-14.8423
-15.8516
-15.405
-16.1144
-14.0769
-8.7829
-11.5057
-15.9154
-16.322
-16.925
-12.6658
-10.0422
-13.9281
-13.9969
-20.5812
-17.1753
-12.1873
-24.6586
-12.8485
-18.9431
-20.7532
-8.36758
-26.79
-20.3109
-11.3435
-2.01539
-7.48129
-5.37989
-13.2169
-8.85007
-6.31284
-1.96389
-10.0521
10.7111
-11.0457
-0.330572
1.32451
-6.29727
-6.1499
-4.51575
-5.80352
-0.236695
-23.0823
-11.8664
-10.2605
-11.9473
-5.23108
-12.3866
-21.6997
-9.20296
2.71594
-14.2625
-5.79931
-18.1511
-5.00893
-10.7445
2.74463
-3.75745
-7.4976
-12.1222
-7.15648
-4.00346
-4.39027
-25.3245
-4.88456
-10.2834
-12.5496
-12.6067
-3.78014
-12.4193
-10.1654
-12.1713
-5.5365
-6.35084
-3.0186
-21.103
-13.3637
-15.3988
-5.34591
-2.78732
-9.45282
-13.7999
-1.1797
0.902694
-14.7611
-17.8421
-18.2072
0.404759
-16.7785
-6.48275
-14.715
-3.98748
-9.75214
-10.3493
1.1516
-6.31652
-11.8522
2.63016
-2.15115
-24.9931
-17.0233
-15.6356
-15.2121
-14.2671
-15.791
-8.41667
2.33993
2.99976
-11.0538
-10.7681
-8.33278
-1.27457
-4.82432
-21.7435
-2.45468
-7.19774
-8.43844
-2.93528
-7.6646
-17.2093
-24.6671
-21.3214
-15.4983
-21.4962
-19.6278
-22.8996
-26.6258
-17.1353
-15.3938
-7.71703
0.681384
-3.0783
-3.99053
-3.96461
-15.3687
-19.2246
-7.51359
-10.6354
-10.1274
-9.52355
-15.5378
-21.5587
-0.93771
-9.08348
-0.357787
-8.70666
-3.84595
-8.79818
-16.177
-12.1001
-9.54042
-13.2608
-11.5979
-15.2387
-21.4272
-16.2907
1.22988
-23.4211
-10.3267
-10.476
-13.5773
-6.52699
-16.1546
-2.69883
-9.85897
-12.3564
-8.17371
-16.4793
-13.4195
-17.4207
-17.1745
-14.1004
-13.6234
-19.851
-6.48515
-14.8416
-15.7422
-25.3218
-20.7937
-26.8023
-25.7475
-22.5559
-24.1825
-21.4345
-26.677
-13.2847
-18.7194
-21.8637
-22.6417
-17.5224
-14.1821
-20.8325
-13.2372
-18.6591
-12.053
-14.2704
-12.2008
-8.95853
-20.3183
-17.2053
-23.5413
-22.7048
-17.3864
-16.2302
-21.1956
-16.9083
-14.4909
-12.4512
-15.0963
-15.173
-19.0832
-18.0436
-12.4478
-8.81701
-4.62466
-7.0815
-9.44866
-16.1459
-20.2319
-11.6808
-13.5216
-9.52748
-6.37873
-15.8174
-11.3199
-11.9939
-11.4377
-3.77063
-0.279644
0.596294
-7.76296
-5.60569
-3.3571
-9.13964
-12.6042
-17.5496
-14.7051
-14.1813
-17.2189
-12.935
-16.6444
-17.758
-19.8143
-14.4195
-25.1618
-13.9375
-12.8245
-20.4245
-22.7863
-19.6917
-14.103
-9.3575
-14.2174
-21.3723
-22.1604
-20.337
-18.1338
-23.8695
-14.8724
-26.4097
-20.0109
-20.441
-26.8001
-14.4385
-7.22297
-0.449227
-15.0342
-2.83979
-18.1305
-9.68414
-6.39337
-5.56293
-12.0666
8.78121
-6.28746
-6.24312
4.44152
-10.3599
-4.01497
-7.01041
-5.62311
-7.3349
-16.0498
-11.1893
-10.7454
-13.4596
-7.57191
-15.5596
-12.3845
-1.45342
3.60224
-12.7286
-8.46801
-13.336
-7.00238
-2.43529
-2.72233
-13.3766
-12.5808
-18.0696
-4.60202
-8.28318
-10.9553
-18.5901
-4.26461
-8.92027
-6.77656
-11.2145
-0.98947
-8.98463
-4.47872
-13.3689
-6.50533
-1.33983
-5.5535
-19.3907
-11.7796
-11.7229
-8.81748
-1.78666
-5.56467
-18.6872
1.88137
-0.999772
-17.6012
-16.0063
-12.496
-7.27437
-12.1751
-9.57446
-11.0762
-8.48019
-3.77383
-6.9871
-4.07345
-4.68856
-9.72592
-1.51365
-1.8325
-16.5128
-16.1957
-10.9031
-14.1994
-11.7311
-15.1459
-7.17736
0.0235804
0.747213
-13.6898
-4.54437
-6.87804
-5.68896
-10.8948
-14.4828
-4.02676
-14.4378
-2.67095
-6.48498
-9.8934
-11.3867
-23.5602
-17.195
-18.6651
-22.0236
-27.5235
-24.5024
-24.9429
-21.5283
-16.1829
2.8364
4.51809
-7.67311
-0.233868
-0.756017
-14.6482
-15.5528
-11.9924
-19.2638
-12.3254
-10.6027
-8.27387
-23.7787
-5.15083
-8.2114
4.17271
-4.93606
-2.30856
-14.8442
-9.68644
-9.50474
-12.2163
-15.7782
-16.1712
-12.0888
-19.5593
-17.7506
-4.93653
-19.9818
-17.6301
-14.0187
-19.4199
-5.32394
-8.68141
-12.1696
-11.0945
-10.7948
-9.44742
-9.12846
-15.8572
-12.4314
-14.529
-17.6978
-17.0993
-17.5553
-9.19599
-17.633
-16.7318
-20.7416
-22.6906
-22.8944
-27.3491
-30.7679
-30.9334
-26.7914
-24.6364
-19.0651
-15.1616
-17.6058
-21.8349
-14.6425
-14.061
-21.5599
-16.3565
-19.8413
-13.0822
-13.3291
-10.3306
-10.0216
-21.0039
-17.3222
-23.8477
-24.8186
-19.1707
-18.7864
-24.0158
-17.4746
-14.8178
-12.7418
-16.0535
-15.5458
-18.6276
-17.3161
-12.3478
-9.20953
-6.67479
-7.3852
-11.4141
-15.9958
-18.4834
-11.3491
-15.9385
-10.3521
-8.94516
-15.8817
-8.26192
-7.2719
-8.9585
0.269688
0.669111
2.85987
-3.57883
-4.23991
-2.99258
-10.5524
-11.4832
-15.8201
-10.7412
-11.3136
-17.5851
-12.3385
-18.8788
-18.3553
-18.9807
-14.0687
-17.3383
-21.0222
-16.8289
-21.2097
-23.9121
-18.9274
-15.6571
-9.38557
-12.3235
-25.1144
-21.1871
-18.6633
-18.3932
-22.7521
-9.77857
-20.7067
-13.6073
-19.2636
-24.7378
-13.7349
-1.75859
0.826647
-16.3252
-2.15729
-19.4584
-10.2169
-7.56296
-3.96576
-6.07725
-0.0358593
6.55915
-3.4602
6.2741
-8.24588
-0.841267
-3.69899
-0.631513
-16.3951
-9.47352
-10.1481
-10.406
-8.34827
-5.44849
-25.6735
-12.9248
5.40147
2.51967
-9.7215
-11.8734
-8.75595
-4.66444
-1.95546
-0.314501
-10.2757
-12.0234
-14.7422
3.61777
-6.14424
-20.9956
-18.6912
-6.24744
-4.56778
-2.42233
-9.15328
-11.347
-12.9574
-2.97646
-13.3466
-10.8952
0.0144545
-4.52721
-13.6714
-6.25394
-0.962814
-6.10541
-9.01804
-3.96307
-4.25572
1.97174
-2.65973
-19.4198
-18.2978
-0.616794
-11.3231
-6.84812
-9.56448
-7.07336
-12.3577
-6.1657
-6.59359
-12.1891
-9.65803
-5.95905
-2.15822
-8.87913
-13.0316
-17.411
-6.4487
-11.7586
-15.298
-7.10325
3.31006
-2.38899
-5.24333
-10.2049
-4.17003
-8.03176
-8.10404
-16.8834
-6.39582
-6.05825
-10.6701
1.72215
-6.56888
-15.3672
-18.4453
-22.1825
-9.36665
-12.2331
-18.4823
-28.4131
-33.7164
-24.3486
-14.4901
-14.8676
2.75183
5.66433
-11.0857
-1.97442
-0.481084
-10.8845
-7.57102
-12.9645
-12.7848
-8.21531
-12.7016
-7.11281
-13.3188
-10.9485
-8.61966
-1.97946
0.643046
3.89144
-14.9583
-5.63791
-6.60624
-11.3175
-17.119
-18.7102
-18.2614
-16.2625
-12.1764
-5.61031
-17.9884
-19.8735
-19.0164
-15.1356
-8.74122
-1.0015
-13.0287
-16.6093
-8.87631
-11.4058
-4.17501
-11.7689
-15.9007
-9.53957
-17.8828
-17.2331
-16.1417
-14.8832
-20.3383
-20.5791
-19.3832
-17.8534
-20.3232
-24.8984
-25.9602
-28.7241
-30.1827
-20.1959
-22.4209
-15.4875
-19.7025
-22.7212
-16.9797
-17.4587
-16.0785
-16.065
-20.2926
-14.2814
-12.4059
-12.923
-18.1711
-17.497
-18.6556
-18.7914
-18.6355
-16.7237
-17.8655
-19.7116
-13.2659
-12.1369
-12.1075
-15.0422
-17.2633
-17.2518
-11.9962
-8.82535
-10.186
-7.07963
-8.85
-10.9449
-14.9848
-13.6641
-9.80146
-13.9409
-9.12609
-12.9464
-12.0964
-6.81001
-4.48024
-1.74746
1.66622
1.98575
5.98718
0.372908
-2.50244
3.78191
-9.00933
-9.53572
-12.1352
-8.82839
-7.82494
-14.8076
-11.2953
-16.5254
-16.0303
-19.9149
-13.9559
-14.5872
-18.6284
-19.304
-18.8014
-25.6546
-16.8591
-12.1617
-11.0622
-8.89603
-21.6681
-20.1205
-15.5501
-18.0529
-15.8756
-8.53636
-17.3863
-7.3686
-23.5591
-20.1751
-14.8354
-2.49122
-1.01929
-11.5718
-7.10786
-18.0326
-9.12851
-4.13236
-4.95632
7.53404
-6.97607
4.10883
-2.9369
4.21747
-7.00391
1.67387
-3.77152
4.04522
-23.1051
-8.27031
-13.7072
-10.8555
-5.51131
-7.31408
-24.5733
-13.5326
3.00277
-6.24999
-11.3542
-15.6516
-3.45016
-9.84735
-1.95557
2.62669
-4.31479
-11.0663
-9.52186
3.16688
-7.66619
-23.7322
-8.44118
-10.4984
-7.50954
-5.46263
-7.57678
-19.6893
-13.3485
-7.00038
-9.93115
-6.83824
1.50141
-13.0216
-9.63557
-13.6039
-2.20664
-5.37295
-12.1015
-9.60857
-4.82271
-3.13986
-6.18229
-15.8026
-18.1347
2.50104
-17.7581
-4.6364
-9.03993
-2.9547
-12.4054
-6.93332
-0.129765
-7.83547
-14.2553
-0.873812
-3.01047
-21.0376
-16.4862
-17.8368
-8.19406
-15.715
-15.973
-4.54274
5.72074
-0.371435
-8.75668
-8.36205
-6.95037
-1.42926
-9.09004
-22.9692
-0.227941
-2.11535
-10.4319
0.977351
-6.66387
-22.4278
-23.7501
-18.9387
-10.8849
-13.3956
-16.2329
-23.2522
-31.3262
-21.609
-11.6523
-12.8051
1.18273
3.20862
