-17.3945
1.92332
2.57228
9.23215
4.02086
3.52156
-6.71857
-1.42676
3.6017
-1.38534
4.5903
-15.9281
-16.1985
-26.3537
-22.8689
-19.5867
-15.8932
-19.909
-11.5906
-16.7394
-13.6308
-1.74979
2.55888
-0.59673
-19.0212
-30.5549
-30.0015
-24.5996
-17.3838
-20.1482
-22.9256
-26.374
-18.1242
-1.84655
-0.0662228
4.3503
-6.42484
6.26756
-19.1427
-17.3198
-15.623
-21.8032
-17.9871
-10.3901
-10.2927
-5.35311
-19.8245
-21.7639
-15.7262
-17.4774
-17.4576
-14.5083
-16.5933
-15.0347
-13.9989
-20.8126
-23.9141
-20.8389
-22.1302
-14.0684
-21.977
-21.7214
-17.1387
-20.5921
-24.9467
-22.6122
-15.705
-25.8896
-15.6689
-25.079
-17.9177
-12.5869
-17.7017
-21.8322
-16.1679
-14.0956
-17.5908
-14.0883
-24.2731
-12.3217
-11.479
-14.1542
-17.4304
-10.6999
-14.9585
-13.045
-21.8681
-20.0929
-23.9524
-20.7989
-13.3565
-9.73601
-11.3989
-23.5292
-23.78
-22.543
-7.88083
-13.6613
-24.6813
-21.6079
-10.1212
-14.2741
-9.55307
-8.76871
-12.8947
-17.7974
-32.4128
-26.1727
-26.5022
-25.9043
-7.90563
-16.2333
-19.1732
-15.3811
-15.4288
-20.3652
-11.4919
-16.1418
-20.1666
-6.21946
-11.5076
-10.0086
-9.55425
-14.773
-4.54274
-15.7482
-18.7345
-14.3878
-21.2431
-16.1812
-19.6199
-15.6565
-15.0933
-18.4534
-14.6858
-24.0707
-21.9303
-23.8657
-24.5346
-21.7078
-20.5968
-12.2507
-20.0885
-13.7252
-16.3922
-12.7726
-13.2073
-32.2234
-35.8212
-24.3058
-16.2297
-31.604
-26.6282
-19.1312
-32.1192
-33.1015
-37.7022
-37.1411
-38.4926
-43.8464
-38.9603
-44.2098
-44.0334
-40.3458
-44.9339
-42.8632
-39.3134
-44.3115
-44.054
-39.5194
-43.8246
-43.1581
-35.4264
-45.6752
-38.6407
-37.203
-33.2983
-25.9546
-30.5613
-29.0325
-30.975
-34.2596
-34.3494
-28.62
-31.7737
-33.4261
-24.4132
-24.5989
-23.8462
-22.3915
-20.2895
-21.3449
-19.2232
-19.461
-20.6048
-31.143
-34.5121
-45.7872
-48.2811
-29.2741
-22.2251
-21.5997
-29.3679
-39.9573
-24.4002
-31.4074
-29.5002
-26.7836
-27.0878
-35.4729
-37.7562
-45.5505
-37.7188
-36.067
-38.1097
-41.4878
-34.538
-43.7126
-37.6837
-38.3867
-37.2477
-42.7964
-36.6422
-40.73
-38.8593
-42.6209
-44.6676
-39.7212
-38.4812
-35.5159
-37.892
-32.1882
-31.6353
-28.4124
-31.5942
-21.8608
-24.3841
-27.6142
-27.1223
-29.8585
-34.7154
-40.3941
-36.6696
-36.7105
-39.6151
-37.3247
-29.8473
-31.4278
-33.148
-35.1226
-35.9731
-39.1898
-38.2606
-38.9619
-34.046
-38.1383
-34.6667
-34.7812
-34.7294
-30.4156
-26.4181
-18.4085
-19.7693
-14.8181
-26.3426
-22.8128
-27.2214
-41.7017
-45.5806
-37.5259
-40.1592
-40.4691
-31.5729
-30.7305
-29.3082
-34.7422
-30.7372
-37.1627
-31.809
-33.4952
-31.1406
-25.5033
-29.6954
-33.8085
-38.9883
-38.6924
-38.2454
-34.2349
-26.1652
-30.8515
-30.8878
-39.3032
-21.5274
-20.8157
-29.334
-21.1442
-26.3242
-27.1336
-18.016
-24.2706
-30.7297
-26.4172
-23.6943
-33.365
-27.3886
-30.4044
-26.8954
-34.9393
-36.1851
-31.3484
-27.5165
-22.8631
-31.2878
-31.7448
-19.9054
-15.5422
-17.5885
-13.9469
-16.7541
-16.7006
-24.9195
-31.7275
-31.7568
-28.0788
-22.2143
-23.0168
-23.8061
-27.0638
-27.3862
-25.6967
-35.1466
-37.5664
-26.8547
-30.6689
-31.8607
-26.7804
-34.2627
-38.1193
-28.3852
-31.6273
-35.0929
-34.0213
-29.5687
-16.3896
-28.7309
-29.0508
-22.5862
-30.9468
-24.8104
-27.3835
-33.4094
-35.7776
-38.4205
-30.6952
-35.1863
-23.1434
-30.8195
-26.7096
-30.685
-33.0642
-39.2315
-24.4998
-28.5126
-25.9396
-31.7097
-36.53
-37.3562
-31.1034
-35.7658
-37.5942
-40.6091
-45.01
-39.9131
-42.0209
-39.3723
-31.7609
-39.121
-33.617
-44.4449
-41.7001
-25.796
-16.9884
-22.4937
-20.6882
-31.3679
-21.0555
-14.4577
-8.70603
-13.1005
-21.2096
-24.228
-27.7417
-27.4232
-33.6018
-27.8738
-25.9377
-24.4456
-34.2932
-32.5695
-30.0408
-32.5042
-16.696
-15.0998
-32.3033
-27.6637
-18.5285
-23.486
-16.734
-3.908
-1.24577
-2.63629
-1.35209
-4.87615
-3.87531
-5.47054
0.512269
-3.10112
-0.490008
4.60289
3.19554
1.29302
6.71497
3.59134
-8.21267
-19.4323
18.0319
16.1222
8.04887
11.7416
7.27587
8.14315
8.43246
4.14963
3.27017
4.73714
8.26472
7.24269
6.41052
14.834
14.7384
18.8088
11.5311
12.0763
17.1179
9.93961
14.6596
16.2544
17.3772
13.1386
17.383
16.6953
11.777
16.2341
17.4784
10.8064
18.9014
16.9727
12.2328
16.4761
13.4634
14.5086
14.4741
12.6556
18.1065
19.5484
15.2548
18.6604
25.4184
22.205
12.7599
20.4485
26.413
23.5076
20.5196
13.4278
-1.02962
3.56734
3.99135
24.504
23.5373
22.882
13.3743
24.8285
19.2577
19.509
19.6251
15.6277
-14.8942
-26.1782
-44.7625
-37.646
-32.1697
-38.5653
-27.5318
-22.8133
-12.5112
-11.6195
-14.0901
-13.9711
-20.6681
-21.3291
-20.1805
-12.2414
-4.05016
-10.242
-15.9359
-14.5432
-12.7
-24.8732
-26.5885
-23.218
-18.5945
-24.2363
-24.3348
-21.2768
-26.2675
-25.4974
-28.3293
-26.9219
-26.6238
-22.3665
-29.5698
-32.164
-28.9842
-32.7674
-31.5477
-33.6737
-36.4191
-34.3385
-34.4343
-36.7846
-36.5974
-34.2637
-32.1816
-35.5785
-35.2096
-29.7302
-33.9768
