119.827
104.001
104.335
104.03
103.693
107.661
103.605
103.747
112.206
112.579
112.619
106.895
112.541
112.401
117.569
113.129
107.525
108.322
105.664
120.65
106.947
115.549
108.06
104.716
104.18
107.974
112.966
121.893
120.303
118.382
124.085
119.263
124.365
121.616
125.303
125.822
125.517
125.077
107.481
108.857
124.873
115.944
124.999
122.795
113.116
114.065
113.114
113.933
108.596
112.784
114.414
111.006
109.105
117.381
114.793
112.939
121.859
125.34
110.614
111.42
113.51
112.677
115.727
112.176
112.686
119.465
117.442
124.429
119.745
111.887
113.887
121.915
118.684
119.769
110.801
112.034
109.868
115.804
118.666
112.431
116.8
115.901
119.227
121.967
120.239
127.35
119.972
122.855
120.472
122.415
121.817
122.151
125.378
118.667
124.463
128.597
126.451
123.483
122.244
126.089
118.852
127.043
124.122
127.333
121.256
117.27
120.05
121.794
109.925
119.135
123.533
123.264
126.434
120.419
126.591
126.791
129.893
121.872
116.611
117.196
119.247
122.091
130
124.59
127.733
122.607
129.706
128.474
134.742
131.456
131.874
130.458
130.564
128.663
132.638
132.083
127.471
131.579
130.91
125.369
131.749
125.685
124.761
122.852
122.671
133.604
131.299
125.114
121.034
121.06
105.457
106.695
114.719
111.016
101.349
107.533
115.638
108.65
112.345
101.847
104.923
108.301
115.02
107.663
99.7173
102.961
111.349
104.468
101.451
107.855
104.878
106.41
105.878
90.9337
105.653
101.512
108.864
109.018
107.583
96.8246
101.16
104.169
100.765
101.933
94.5497
102.004
100.772
99.5457
108.047
118.023
109.836
108.007
111.362
108.817
106.817
99.2439
96.8473
109.977
114.58
98.2445
97.2313
96.292
109.263
112.059
107.827
90.2855
106.489
107.15
113.141
116.309
105.644
103.051
95.0677
98.4495
91.434
105.059
110.296
122.228
101.137
99.1574
102.94
115.938
100.939
101.782
101.98
103.735
90.5266
97.2169
105.187
108.152
97.2043
107.088
102.512
112.785
105.606
105.891
96.8232
107.456
105.963
112.64
116.058
104.096
103.831
98.0199
107.178
107.042
102.594
104.807
109.508
116.578
109.284
106.729
109.48
117.28
114.31
111.312
100.171
109.158
106.873
113.923
108.942
110.715
105.552
109.247
104.699
107.667
114.087
124.292
121.875
119.158
128.868
124.705
122.425
123.642
127.784
124.048
118.068
114.803
102.861
110.67
130.803
114.755
128.409
118.797
114.714
111.971
111.312
114.742
109.764
110.398
107.068
111.615
108.051
110.79
110.539
116.696
129.068
118.064
109.403
112.504
108.262
113.231
114.13
116.637
117.936
116.822
114.313
122.352
117.247
114.192
113.196
121.184
119.051
119.924
114.68
111.562
112.729
121.179
120.147
117.967
121.41
119.07
124.207
123.439
118.562
127.984
121.273
123.432
123.325
123.553
121.192
124.299
124.505
119.851
125.781
125.874
125.487
124.821
119.994
128.6
117.738
128.22
124.248
127.01
122.98
118.832
122.955
118.711
114.905
124.666
123.382
124.967
126.277
124.04
126.305
126.886
128.976
119.554
121.015
123.782
127.271
124.782
130.383
130.744
130.317
128.031
125.576
133.895
137.803
131.272
132.167
132.003
130.278
127.331
134.9
129.223
126.646
131.65
129.427
128.067
126.901
123.542
122.683
118.876
122.69
135.376
128.43
120.955
112.508
123.806
111.375
106.367
118.528
105.898
99.7026
107.607
111.245
104.24
112.947
101.025
101.372
101.607
106.995
109.579
105.734
103.495
116.166
107.388
103.255
105.714
104.141
112.664
101.691
93.8082
109.83
103.687
96.0516
108.326
105.481
84.8168
92.7107
107.332
97.8102
99.7192
98.6936
96.8816
100.629
97.0895
111.387
111.556
117.734
105.998
107.109
101.802
106.126
105.162
95.0515
108.379
111.105
102.507
99.3443
92.4732
107.218
111.712
107.088
96.8857
107.054
106.08
111.807
115.988
103.288
99.5533
97.3022
102.796
96.5261
103.675
111.338
111.394
113.187
106.651
104.797
116.084
104.253
101.026
100.692
103.782
94.5791
104.368
107.025
103.13
102.932
104.954
98.9183
108.937
106.62
105.047
97.8371
102.597
109.635
117.466
111.558
106.099
103.097
94.8391
104.936
107.344
101.434
111.065
111.064
115.07
105.348
114.276
104.863
114.374
116.341
107.631
96.4677
108.923
115.734
104.337
108.399
112.075
98.6741
108.561
106.558
108.334
117.703
126.033
119.499
120.646
124.591
125.774
127.55
125.965
129.946
128.468
119.657
110.663
101.352
114.661
122.126
116.273
125.542
122.216
111.615
112.078
108.545
115.254
114.686
110.877
100.256
113.358
107.684
108.176
105.262
119.001
130.603
118.788
