1.15984
12.1737
9.51822
7.24288
6.28501
1.65727
-0.992
2.13714
-3.1526
0.756056
-2.69829
-19.5069
-16.4926
-25.0744
-16.4429
-17.526
-0.525499
-13.5188
-0.995201
-0.710442
13.8667
8.26934
7.99993
13.7218
5.01508
-5.38957
1.48138
-17.4788
-21.7294
-10.928
-25.8069
-29.7838
-20.9308
-15.3953
-18.532
-8.50312
1.12574
-0.119227
1.78903
11.0737
9.80944
16.633
14.5007
17.5282
18.7155
9.46241
-14.6015
-16.6992
-10.6375
-27.0321
-26.4152
-26.8774
-18.5517
-28.3202
-22.3127
-12.9573
-5.24457
9.51206
11.9017
4.04216
11.2918
1.21465
12.5464
6.31529
7.09295
8.4297
10.7666
9.18609
7.92052
14.5898
9.38758
7.21155
8.44758
6.87291
11.6893
-3.09125
2.32593
9.85885
10.3776
9.30263
7.59814
14.0724
10.2317
11.0687
8.37311
10.6997
9.18744
11.1479
8.18216
20.0641
18.2542
10.1997
13.0274
16.5962
12.9438
7.89391
10.1319
12.867
5.78366
9.38772
8.14584
10.6045
10.1534
11.0769
11.9916
9.25915
12.7116
17.4024
17.079
12.938
17.7663
13.2327
11.1886
19.2687
12.459
11.1518
7.31026
-3.04311
-9.05762
-9.27163
-13.7892
-19.5771
-16.8246
-21.4093
-20.8896
-29.9992
-21.6447
-20.3449
-19.7925
-21.0916
-22.4457
-23.6634
-19.4724
-17.543
-24.8501
-24.8083
-24.6366
-30.1009
-26.7729
-21.1277
-21.3906
-28.5059
-16.4769
-31.8716
-7.9244
-0.792679
-9.42839
-1.92489
-2.8338
-2.7311
0.210036
4.64737
-7.23382
-10.6207
-3.02123
1.41306
13.1956
-3.30923
5.01922
-0.395625
6.28222
-1.25852
-2.80521
0.684426
9.96392
0.671163
3.03343
11.6454
-3.6357
2.0647
1.40027
-5.04313
-2.98035
0.743306
-3.09823
2.99724
1.62148
-0.938712
-2.17526
3.97374
12.5803
14.2151
6.26277
9.70037
2.9053
0.152595
-1.60994
-0.386679
7.07886
-0.0901405
6.45405
-2.63435
0.232588
-6.4786
-2.02729
0.481484
-0.442735
-7.72239
0.356561
7.65314
-0.902259
8.59356
2.65644
0.949895
6.69287
0.292293
8.84221
7.33664
0.413307
-1.54994
7.73975
-6.32767
1.2564
-1.48919
8.919
3.37182
-4.03312
7.38194
15.7113
-16.9744
-8.97728
-3.92976
4.50821
9.726
5.98522
7.10179
-0.555229
3.0652
-4.88354
6.79245
-8.17866
7.80599
-0.280508
-4.23306
11.985
8.99373
8.44728
4.6178
7.56714
-4.29531
2.81336
11.3724
9.01797
9.89756
6.9792
2.04642
-3.10175
-2.6222
-0.371299
-1.47148
-2.42818
-12.4372
-28.0115
-21.6517
-20.5553
-8.37528
-6.91393
-14.5764
1.05926
-2.27079
10.2585
12.268
7.61617
11.293
2.2386
-2.69884
1.6892
-14.9754
-23.2838
-12.0897
-29.9024
-28.9785
-22.0451
-13.9675
-18.2434
-1.29527
0.537548
-0.997724
-0.0883328
9.0946
13.3525
19.7127
13.0347
18.2199
10.2953
1.35445
-15.3426
-10.9245
-14.3576
-26.8823
-26.9276
-24.0219
-17.8087
-29.7289
-22.465
-5.23214
5.78287
8.58811
12.5006
7.00761
8.96641
5.84341
10.0831
17.35
6.524
11.8675
9.17185
10.8376
13.9802
7.12288
8.3021
10.4043
10.2482
11.6051
9.11557
4.84362
-1.2877
11.8706
10.9048
9.26336
15.8898
9.46387
12.8492
17.6962
1.74714
14.8247
10.2153
14.9308
9.64946
20.7341
14.5994
9.31614
13.8514
16.929
14.9786
4.67107
11.3501
13.229
8.73331
10.5455
11.3699
11.724
11.136
11.6146
11.1939
15.3872
11.5272
22.686
15.6379
15.8154
18.8857
12.6724
16.756
18.0217
6.03602
8.89197
5.0629
-5.08013
-7.24296
-8.99669
-6.56407
-12.4264
-17.1111
-21.7537
-23.5548
-23.1116
-28.2227
-22.7918
-17.6705
-15.8297
-16.4162
-20.5972
-14.2284
-20.0412
-26.8367
-24.6926
-26.4891
-28.33
-25.0627
-21.2068
-24.3696
-19.3981
-22.2875
-25.8954
-5.10096
-6.69327
-13.0284
0.550484
-3.28407
-9.36126
8.43157
-6.23239
-5.964
-8.75763
3.85417
1.25839
11.8947
-2.02275
10.6171
8.68735
0.103178
-4.35721
-4.71944
1.8367
2.99375
3.8692
-4.08142
14.2156
-2.39748
3.03759
-14.0176
-7.74125
-3.75989
5.30401
1.93674
-4.76636
0.491199
-0.223505
2.54962
-4.5507
15.0237
16.7763
3.49355
8.83139
-2.27125
-3.65798
-4.17423
-4.95781
10.752
-1.26169
6.69543
-1.46681
5.34678
-13.3014
-6.88906
1.72893
-2.0012
-11.1276
10.2577
3.97194
3.53541
1.64695
3.59815
-0.338941
2.63083
4.25656
14.5489
5.87608
-3.89856
2.0326
1.04778
-4.15395
3.88321
-1.64324
3.15947
1.91018
7.31634
1.68626
8.51245
-11.3153
-8.9437
-4.52607
-0.767621
13.446
6.40995
7.75832
-3.07777
-3.9574
2.81899
-1.43569
-2.30535
4.70137
1.8142
1.47434
2.95388
10.0233
6.26576
12.943
5.73316
-1.38647
9.16904
8.29353
6.11354
10.6573
9.21465
2.67108
-4.74148
-6.20448
-2.33484
-7.24087
-9.55841
-10.1513
-30.0309
-17.9175
-22.7876
-3.15016
-8.53035
-12.7526
2.70529
10.0885
7.93295
15.2008
7.27581
11.7266
-3.13277
-2.23153
-1.8494
-15.5169
-21.2453
-14.2751
-29.0983
-27.88
-20.5177
-13.7763
-15.0335
-2.42754
6.50106
7.57039
0.437324
7.14214
13.6062
19.696
16.5983
11.862
9.48179
-7.10174
-12.0188
-8.17013
-17.2047
-26.5821
-26.5121
-30.6634
-17.7445
-28.2194
-22.0592
-1.86629
7.97117
9.66378
