-9.27988
-21.3685
-13.33
-8.41861
-2.3033
13.8984
6.8752
10.7751
11.8095
5.03685
12.5601
4.86549
5.42371
22.0629
25.7519
13.8641
17.089
19.3351
18.7774
23.3104
20.3696
3.70228
-1.90578
-7.63714
6.29824
3.37794
-2.44307
0.328028
-0.767684
-6.59232
1.14751
-11.9588
-20.0449
-1.70961
-13.7528
-16.9988
-11.7131
-18.3563
-17.1697
-20.3911
-13.3863
-12.1608
-6.47774
-5.89842
-9.29485
7.75386
-5.5759
-0.97331
-14.5834
-13.1137
-11.1426
-12.0675
-9.89227
-7.40443
-17.6767
-18.8935
-10.449
-16.0168
-21.7566
-18.9705
-10.6197
-15.9319
-6.12721
-9.7356
8.31563
-9.60798
-0.292288
-14.665
-3.40921
-11.2523
-9.09686
-12.253
-12.3742
-2.05193
-8.99535
-3.86049
-9.19536
-6.66583
-4.10196
-2.47554
-13.6126
-5.47201
-9.95882
-7.98851
-1.1454
-6.71314
-2.18896
-9.20615
-11.5836
-11.0454
-6.16098
-5.77539
-8.09767
-2.15831
-12.6018
-4.76263
-14.8911
-10.0427
-15.0923
-17.6283
-9.77999
-10.7076
-2.01269
-11.0559
-18.8762
-1.26537
-13.4192
-16.8427
-14.8293
-17.2943
-15.5375
-13.6556
-24.0874
0.875992
-15.2909
-9.18923
-11.3791
0.982683
-14.3661
-6.19184
-5.98482
-21.5056
1.17675
-15.6219
-6.25826
-14.5942
-2.91787
-13.2712
-20.3082
-6.49228
-8.68909
-6.30322
-3.25729
4.96049
-17.4834
-15.9297
-5.47043
-10.0086
-16.5061
-3.62864
-2.0119
6.44044
11.0108
9.25863
7.27054
6.39665
0.641817
12.7438
2.54758
12.344
22.77
20.1489
11.8504
16.9605
16.4509
17.6129
16.9664
15.3032
-5.04136
-3.15184
-1.35356
6.06593
-0.699806
-4.40339
1.13017
1.69809
-4.38141
3.02302
-12.0823
-14.8571
-4.74784
-9.66474
-18.358
-24.2953
-12.9292
-19.1956
-27.5312
-13.1402
-9.64705
-6.72299
-9.07839
-8.66823
1.80299
-5.89114
-6.5495
-10.5573
-10.2474
-9.97391
-13.7772
-14.1601
-6.20353
-22.869
-23.6356
-15.0206
-14.2735
-20.4495
-20.3467
-9.40528
-17.9736
-1.92926
-0.571756
3.32572
-7.21542
-7.70639
-10.2331
-5.72668
-10.9968
-12.7416
-6.50946
-9.81965
-9.75915
-3.9752
-3.57139
-9.68165
-10.9048
2.9031
-7.8156
-14.4267
-1.17283
-7.68652
-11.7318
-3.72566
-4.49551
-4.63456
-13.2479
-7.03995
-8.34965
-8.7349
1.98408
-11.9564
0.0622771
-7.59423
-8.46713
-7.27598
-9.99524
-16.2108
-24.0809
-11.0196
-10.0737
-12.0619
-13.0401
-14.5178
-8.4061
-14.507
-13.7498
-22.1786
-10.9268
-23.1703
-9.64659
-13.9939
1.04406
-13.4114
-10.1184
-0.592761
-8.35373
-11.2136
-1.60391
-10.7112
-17.5099
-1.23242
-17.3529
-9.736
-8.56339
-1.41383
-11.478
-14.1889
-7.54127
-7.59499
-8.28927
1.28269
3.23027
-11.8202
-14.5516
-5.69594
-15.1554
-18.0824
-7.76249
0.760909
13.5611
4.51982
13.6067
7.45865
15.2283
6.71437
10.2667
1.64656
16.1601
28.2034
22.5022
11.9019
17.8745
14.5217
19.697
19.8247
7.05122
-6.38566
-7.45225
1.59435
6.26916
1.7572
-6.62533
-0.394924
-0.185612
-0.204039
2.2885
-24.4093
-12.8996
-9.01353
-14.4814
-13.2709
-21.4879
-10.0222
-19.2788
-20.6015
-18.8594
-7.5819
-7.22962
-14.1264
-6.30131
-6.55929
-5.48924
-4.55948
-8.26671
-10.701
-10.0223
-14.9393
-15.2466
-5.14578
-23.0568
-19.076
-17.0055
-18.0373
-19.1422
-22.8373
-14.4997
-20.2919
-3.14054
2.13164
-4.8747
-3.46904
-14.4677
-10.077
-8.46616
-8.91309
-15.828
-4.99146
-9.32423
-14.1387
-6.6607
-3.41203
-7.93531
-9.88816
3.63014
-12.9986
-16.1832
-11.4163
-6.76136
-15.0753
-4.53548
-2.41967
-3.95663
-15.339
-9.34167
2.1104
-7.25284
4.15569
-10.0196
-4.46002
-3.67089
-10.6605
-3.47836
-9.96611
-12.3963
-16.4992
-11.5398
-3.63023
-17.9442
-14.0193
-4.10814
-16.2336
-13.6027
-17.2567
-24.141
-10.0726
-24.5806
-9.49224
-6.17375
-4.35838
-11.2329
-11.55
1.90133
-15.1376
-7.12713
-3.82976
-11.9577
