-180.018
-178.572
-146.897
-122.07
-100.746
-160.341
-207.682
-206.546
-193.538
-163.295
-141.102
-135.62
-130.388
-162.202
-168.591
-145.285
-118.755
-180.28
-215.118
-225.873
-199.538
-185.026
-186.078
-186.101
-161.719
-150.745
-154.547
-151.468
-141.153
-134.728
-122.896
-125.929
-178.315
-187.732
-152.245
-145.876
-181.949
-192.362
-196.048
-179.406
-178.198
-179.702
-180.781
-172.285
-172.315
-179.363
-176.454
-183.973
-181.604
-169.517
-186.903
-196.965
-187.92
-187.862
-187.654
-186.584
-191.848
-198.133
-186.082
-201.586
-210.319
-209.97
-217.086
-214.517
-212.716
-219.559
-218.608
-220.309
-220.698
-224.688
-246.238
-249.151
-253.541
-262.094
-265.618
-273.606
-273.534
-280.762
-267.131
-252.999
-245.978
-239.991
-188.875
-248.437
-248.968
-232.324
-205.226
-190.755
-205.946
-200.775
-203.968
-177.809
-131.584
-182.688
-174.291
-167.863
-164.425
-155.824
-151.22
-153.613
-161.032
-150.246
-147.307
-153.84
-146.603
-145.947
-154.645
-159.387
-167.984
-162.807
-167.033
-164.631
-161.066
-172.389
-166.797
-169.044
-165.396
-165.949
-163.247
-169.978
-175.104
-175.547
-172.574
-174.91
-180.831
-189.379
-200.654
-197.015
-203.316
-205.084
-186.303
-149.137
-164.459
-230.937
-226.97
-217.344
-182.277
-160.57
-166.872
-156.606
-179.385
-165.334
-176.359
-177.186
-188.047
-189.825
-115.275
-107.171
-97.0552
-133.989
-163.258
-178.068
-177.27
-117.028
-117.203
-115.956
-125.856
-126.946
-135.434
-129.683
-129.77
-133.057
-127.624
-120.304
-120.372
-141.531
-129.942
-124.484
-125.715
-122.105
-129.337
-139.94
-129.25
-128.447
-130.642
-132.279
-130.952
-125.094
-133.456
-131.615
-141.135
-142.524
-140.661
-134.591
-125.591
-137.278
-125.644
-125.969
-132.358
-138.149
-126.094
-125.605
-129.714
-140.032
-139.88
-138.633
-135.422
-134.321
-133.07
-128.191
-133.96
-133.512
-133.946
-137.337
-138.617
-140.597
-136.622
-142.576
-138.231
-141.371
-142.945
-142.714
-144.586
-141.195
-138.954
-140.058
-158.215
-141.853
-143.002
-141.515
-152.578
-137.609
-134.287
-139.013
-135.24
-140.27
-143.584
-134.107
-144.545
-147.119
-145.566
-141.567
-137.64
-168.677
-199.93
-183.879
-167.335
-151.556
-138.427
-155.512
-148.552
-149.517
-149.477
-145.009
-152.57
-146.007
-154.572
-151.25
-141.168
-141.659
-140.895
-152.484
-153.47
-150.294
-152.636
-150.703
-140.198
-148.397
-147.15
-152.085
-152.322
-147.953
-161.958
-158.851
-161.158
-151.041
-169.157
-163.328
-159.779
-139.298
-131.362
-202.376
-201.104
-183.105
-187.789
-179.487
-170.833
-176.154
-171.533
-172.934
-167.065
-167.058
-160.897
-164.888
-169.942
-169.021
-169.208
-176.906
-175.828
-178.569
-177.18
-175.914
-179.595
-175.449
-179.633
-188.04
-190.212
-185.981
-190.636
-187.155
-192.22
-189.861
-190.051
-190.427
-189.715
-200.054
-191.995
-190.186
-191.917
-187.188
-194.613
-184.426
-189.081
-186.834
-189.292
-189.267
-186.842
-187.223
-184.762
-195.819
-195.239
-198.378
-197.08
-195.919
-193.797
-194.942
-184.311
-178.057
-179.909
-187.425
-188.774
-183.913
-186.202
-183.301
-184.968
-182.027
-187.127
-191.724
-192.659
-198.214
-197.899
-205.459
-216.793
-216.955
-221.565
-224.771
-234.064
-211.48
-208.61
-193.363
-179.663
-184.551
-180.333
-180.784
-175.764
-180.661
-179.857
-231.533
-226.235
-200.009
-217.978
-177.934
-179.418
-163.341
-233.054
-241.812
-240.373
-222.566
-227.094
-231.164
-216.056
-192.896
-188.135
-184.451
-162.203
-175.278
-177.261
-191.656
-183.533
-183.944
-187.851
-135.462
-149.51
-134.677
-117.59
-139.747
-142.826
-149.785
-137.495
-140.328
-135.463
-142.402
-144.169
-145.627
-143.225
-147.708
-138.827
-144.173
-143.962
-149.294
-143.835
-157.078
-148.085
-147.604
-142.37
-149.775
-148.857
-144.561
-152.021
-149.545
-154
-148.114
-150.91
-147.266
-144.777
-137.963
-133.746
-112.771
-97.3707
-96.1479
-89.3101
-46.5437
-90.7079
-93.1992
-101.534
-215.42
-239.53
-231.929
-194.198
-190.219
-198.816
-200.83
-211.543
-202
-190.785
-209.694
-203.508
-203.564
-193.175
-195.345
-195.09
-168.031
-180.012
-171.514
-165.581
-164.998
-156.605
-152.462
-188.169
-194.41
-230.639
-211.572
-194.311
-193.543
-181.72
-191.127
-192.428
-184.391
-194.34
-198.325
-194.332
-196.105
-196.992
-198.076
-201.87
-205.049
-201.54
-199.343
-203.078
-203.877
-200.354
-203.225
-203.775
-211.832
-207.234
-215.197
-212.124
-230.105
-240.551
-200.393
-228.953
-224.612
-164.539
-127.678
-145.595
-133.791
-142.233
-159.944
