-25.118
-38.8297
-37.4685
-42.6911
-35.0447
-39.7723
-47.1427
-37.0297
-25.6732
-14.7526
-16.6748
-20.0924
-20.6564
-22.2463
-20.6992
-20.7879
-33.4578
-32.481
-30.1836
-27.3112
-43.0811
-32.8978
-34.2322
-29.4437
-22.3539
-20.929
-21.1006
-25.3642
-23.8361
-23.2849
-22.8947
-30.3854
-33.1153
-34.8781
-35.9086
-30.8939
-27.2305
-27.6321
-24.5123
-25.0389
-35.0283
-35.7317
-32.3366
-29.7268
-35.6625
-36.715
-34.8263
-29.6045
-32.5261
-35.1185
-33.6258
-30.474
-35.9177
-27.625
-18.7634
-30.9194
-21.1533
-21.4857
-26.0087
-27.1419
-25.4872
-34.5169
-36.8024
-33.3452
-28.7405
-25.9576
-24.1514
-27.0575
-31.7103
-35.7951
-24.6648
-31.4533
-27.9071
-30.3609
-23.8154
-35.0978
-44.7051
-41.9155
-38.6111
-30.9173
-33.9781
-32.3094
-27.2707
-30.3445
-29.1105
-32.9411
-27.4105
-39.4625
-28.8191
-33.1649
-34.139
-34.767
-34.3471
-31.0885
-32.9593
-37.3903
-40.0108
-30.0101
-25.7025
-27.6248
-26.949
-45.7388
-46.0327
-54.0821
-30.2483
-25.4937
-18.1152
-26.0091
-26.826
-16.5195
-23.3681
-16.1026
-24.4396
-41.1102
-26.9445
-40.61
-16.6677
-27.3329
-21.671
-24.7891
-25.9667
-32.43
-26.2787
-21.3055
-9.89743
-13.6992
-27.9522
-28.8977
-33.4275
-37.5973
-36.1988
-32.4242
-28.7391
-32.6253
-32.5678
-32.0204
-33.269
-34.9383
-31.9287
-32.0195
-36.5223
-38.8581
-38.0317
-34.0526
-31.3367
-30.9751
-29.5317
-33.0254
-27.5973
-29.0762
-28.3147
-33.4546
-31.2902
-29.466
-27.1428
-29.2409
-31.6178
-29.8479
-29.3664
-28.8637
-31.2383
-34.5727
-28.0693
-28.0685
-33.3504
-31.3852
-33.2443
-29.4582
-28.5337
-32.2614
-34.2315
-33.9561
-33.8008
-35.1511
-33.7596
-39.9492
-37.2273
-36.3987
-31.3665
-35.6057
-36.5612
-31.0053
-34.3684
-34.9771
-38.1298
-32.8566
-34.3973
-36.5811
-28.3838
-38.7018
-31.8454
-33.3451
-32.0208
-32.8827
-34.2745
-32.3055
-32.5748
-29.2566
-27.6218
-25.1361
-31.2829
-39.9614
-38.4622
-41.0467
-40.1968
-30.0338
-35.482
-26.279
-33.5699
-38.2007
-37.4323
-33.935
-41.8256
-37.7297
-38.6097
-34.9977
-30.2863
-30.7579
-28.0361
-22.6938
-25.7049
-26.6525
-20.5744
-27.2667
-25.5404
-30.0456
-26.9734
-26.9004
-22.1059
-23.7104
-20.1812
-23.573
-21.0422
-20.6977
-23.5713
-24.3655
-24.0369
-23.4379
-21.0569
-20.4693
-16.4082
-20.966
-17.9377
-26.4052
-20.1974
-23.3164
-22.9208
-23.9181
-23.1341
-22.1122
-22.3476
-24.5423
-28.0173
-30.3059
-35.425
-30.4927
-21.228
-24.5084
-26.8826
-42.2972
-28.0994
-20.3401
-17.7875
-12.6442
-4.44969
-5.86382
-9.8375
-14.1391
-6.36201
-6.10845
-4.53095
-12.9235
-7.78537
-1.38638
0.983757
4.30057
14.1887
11.7838
7.56759
8.27309
14.5
11.5136
10.3047
10.3236
16.389
17.2651
14.3072
13.3312
16.5147
16.6713
22.2091
18.0351
11.6881
14.8532
8.83444
2.34464
8.65642
16.1722
10.8926
10.3193
16.0985
3.43716
2.68035
9.00091
8.86602
17.487
16.1182
11.4638
15.5507
16.4389
13.0643
3.73143
7.52556
14.4891
11.0613
12.4891
12.919
16.4652
13.8613
8.7325
12.4286
4.83943
12.3537
11.1099
10.9634
15.9053
10.8548
10.7757
6.70506
10.7043
11.4417
10.6691
2.86763
10.059
9.31691
6.98646
10.1371
15.5027
11.2621
16.6194
7.86825
8.02997
6.63935
4.59847
7.1989
10.6726
6.12413
-0.707996
4.84588
5.85535
12.7848
-1.44769
4.28986
9.29668
11.1684
-11.5504
-35.8084
-37.1844
-35.4926
-32.9255
-36.0512
-37.732
-32.5759
-27.5411
-23.3328
-22.1959
-20.8991
-29.0134
-27.1086
-18.7096
-21.7659
-31.0911
-29.84
-32.7059
-33.3169
-23.5211
-21.2411
-26.2854
-22.8824
-27.4558
-23.6821
-21.2546
-26.3749
-22.9282
-21.2256
-21.0501
-26.9482
-27.3652
-23.7821
-23.2873
-21.6807
-22.8969
-22.73
-23.6705
-26.9626
-24.4287
-25.6929
-24.8605
-40.5773
-36.8473
-35.3275
-35.6042
-37.3681
-34.4784
-33.5218
-36.3691
-35.5284
-32.526
-32.6114
-31.4839
-29.892
-34.6354
-26.1724
-26.3125
-28.0074
-22.2387
-24.9585
-24.4266
-24.3168
-20.2704
-21.2728
-17.549
-13.0145
-7.90011
-9.04081
-14.2058
-10.4962
-14.5497
-28.3269
-31.6139
-32.8686
-21.9394
-28.8441
-27.7828
-5.6401
-29.2083
-38.8969
-17.4002
-25.3036
-25.7484
-25.1238
-34.894
-35.7488
-36.3522
-42.3624
-38.2028
-44.2023
-48.6256
-37.0893
-46.6704
-47.9603
-52.5148
-44.7422
-44.2376
-48.6642
-47.8753
-53.1513
-46.3028
-55.5225
-44.6345
-42.0935
-42.6002
-46.779
-46.7495
-48.9289
-46.0034
-35.068
-49.6896
-43.9518
-44.0416
-31.3908
-44.0264
-41.1663
-46.0791
-41.9369
-49.974
-45.5301
-40.0929
-48.8012
-40.8691
-51.1874
-41.3743
-43.0917
-40.4048
-42.2106
-41.5457
-39.8194
-38.8505
-45.5774
-38.5979
-36.1072
-35.6052
-28.7376
-40.528
-29.351
-37.9213
-29.1103
-32.1023
-46.4171
-47.8487
-35.721
-37.5632
-39.7409
-33.5047
-51.4797
-47.1058
-40.1909
-45.2906
-42.4861
-30.7396
-38.3978
-38.6087
-26.941
-41.56
-30.4068
-20.8659
-17.5801
-13.7871
-27.8626
-12.1299
-26.214
-22.6026
-13.0584
-27.4895
-30.023
-25.608
-23.523
-27.6504
-29.1285
-26.258
-29.1031
-28.5293
-28.4719
-28.6032
-24.6328
-23.9648
-24.3279
-26.884
-35.6065
-31.7461
-32.2747
-33.0047
-30.0673
-29.845
-29.442
-27.4773
-23.5607
-29.3851
-25.8496
-30.3675
-32.0319
-35.8957
-35.9273
-29.4282
-33.8699
-23.8934
-28.1169
-24.5645
-25.182
-26.9692
-31.5927
-30.6063
-30.7332
-26.9511
-28.1632
-19.3564
-14.2442
-24.0032
-17.5818
-19.2699
-16.5845
-21.0381
-29.4231
-29.7355
-31.236
-36.243
-27.7096
-22.3535
-27.2324
-20.7175
-19.0966
-26.5157
-40.4538
-37.7443
-37.7265
-34.9731
-49.2276
-50.1524
-35.0544
-33.5605
-39.6454
-47.912
-48.9824
-60.6506
-59.2569
-61.3777
-63.3755
-62.6364
-64.211
-61.7259
-62.8495
-61.1771
-59.0863
-64.0782
-72.7698
-65.917
-67.0285
-71.1537
-67.111
-68.4255
-62.3783
-61.7789
-59.8135
-56.7213
-53.0774
-56.3169
-57.3114
-60.0767
-58.2712
-51.2081
-57.6113
-53.0743
-46.489
-48.1434
-48.8062
-50.9831
-52.5545
-52.1187
-48.3249
-46.7139
-47.74
-43.8103
-49.7015
-49.9835
-47.6286
-49.4656
-45.818
-44.3876
-43.0932
-41.746
-44.6627
-48.5717
-43.5893
-44.4867
-43.7061
-42.7739
-51.2693
-51.7243
-51.6121
-51.0599
-46.1464
-49.6024
-49.2563
-50.7184
-44.1867
-45.4631
-45.9587
-43.5475
-47.1633
-45.3311
-43.9115
-41.5361
-43.4048
-46.0383
-50.1289
-49.6443
-52.882
-53.7715
-50.5852
-50.0239
-46.4135
-42.9539
-49.2856
-53.2063
-47.1021
-48.6854
-46.5987
-44.5879
-44.2671
-42.5007
-47.5506
-49.0407
-46.552
-38.4325
-42.0441
-34.3851
-33.3427
-40.7933
-33.1888
-31.0914
-26.9182
-13.3588
-22.0982
-20.9016
-15.9824
-12.1653
-15.2006
-15.4191
-15.4939
-19.7302
-19.866
-18.4676
-41.9956
-22.4415
-24.4593
-22.7414
-36.3251
-38.1587
-27.1698
-41.8928
-35.4547
-39.9453
-48.0731
-51.9782
-59.663
-54.1197
-58.136
-50.741
-61.1373
-65.0711
-56.5371
-63.0471
-66.4493
-63.5692
-62.9342
-58.4392
-62.004
-60.0316
-64.5935
-64.5642
-60.3034
-57.8741
-60.5992
-58.8447
-58.7108
-59.2876
-55.2687
-55.6142
-55.4746
-50.8335
-39.5078
-23.0325
-28.4368
-32.4691
-36.6149
-38.8293
-38.0121
-44.1127
-39.5744
-42.5823
-46.9681
-34.5972
-23.2939
-18.3498
-19.4366
-15.9832
-17.9385
-22.7761
-16.3905
-15.325
-15.2366
-17.2431
-23.3866
-18.5633
-22.7471
-25.707
-22.139
-20.6792
-23.5086
-24.1764
-25.2219
-23.1165
-21.2941
-25.0252
-26.5283
-21.849
-22.9383
-22.9751
-21.4552
-22.6521
-22.8925
-24.6751
-31.8239
-29.2783
-29.2281
-25.8321
-28.4709
-23.6274
-27.677
-28.9757
-29.424
-26.286
-28.328
-27.7051
-26.1601
-27.0526
-29.5872
-31.6385
-25.0971
-27.5338
-26.9096
-23.5358
-23.2582
-26.7416
-24.8277
-24.8555
-28.6062
-31.167
-29.6861
-28.5355
-23.4995
-19.0866
-8.3624
-33.2199
-25.8769
-22.0312
-31.6744
-24.6033
-29.8221
-28.854
-27.8189
-25.7058
-27.3785
-19.4965
-20.101
-21.2138
-20.0306
-23.2966
-24.504
-18.8434
-21.1223
-28.6525
-29.2157
-28.2205
-27.4544
-30.1494
-27.786
-30.4593
-27.806
-26.5084
-29.1924
-28.115
-27.3367
-28.1834
-32.8332
-35.7233
-31.7511
-28.7284
-30.0221
-31.9799
-31.2541
-29.126
-34.0193
-29.7998
-36.2453
-39.0821
-40.4281
-40.1902
-41.2528
-27.6877
-38.049
-38.7161
-36.5968
-32.7195
-39.2015
-34.9086
-34.9238
-29.8844
-29.0453
-31.1057
-28.1502
-33.6071
-27.1895
-25.448
-32.248
-29.3694
-28.6552
-27.615
-26.0938
-28.8936
-30.9505
-28.2404
-21.364
-25.5626
-31.5459
-34.3772
-29.2532
-29.247
-25.8722
-25.0545
-23.3154
-28.4262
-21.8486
-26.7632
-24.5215
-22.084
-23.0707
-19.4824
-26.9439
-23.3142
-28.8442
-28.69
-28.7123
-33.6129
-23.7631
-21.1654
-21.5141
-18.8691
-22.306
-20.9761
-24.2556
-21.9051
-25.2017
-19.5596
-29.2773
-24.9722
-17.3913
-17.2646
-19.8919
-19.6829
-17.3655
-24.1467
-22.182
-13.6449
-15.9493
-13.9627
-14.5996
-16.3065
-13.0801
-17.9569
-12.4327
-18.1192
-22.5218
-34.606
-40.3181
-44.8979
-59.4479
-53.3218
-50.9869
-51.9928
-44.2326
-31.6687
-21.1897
-28.2817
-44.0199
-36.4869
-43.4234
-46.3891
-51.661
-47.4816
-49.7849
-56.2746
-58.9028
-57.9725
-59.528
-53.4692
-50.3182
-53.6235
-48.9038
-46.7152
-45.9324
-48.1342
-45.079
-43.6467
-45.2081
-46.0147
-45.7489
-48.5893
-49.9066
-50.8539
-56.0414
-53.2458
-35.0736
-0.303199
-7.3075
-5.32769
-8.22674
-4.12474
-10.0603
-16.0902
-21.4884
-28.0262
-22.5295
-37.2739
-28.2489
-31.7224
-31.0931
-34.053
-36.1486
-28.5061
-39.5882
-42.6373
-37.1012
-37.402
-40.1236
-40.0453
-36.4368
-41.2727
-28.5848
-39.0714
-35.1683
-36.3493
-38.0017
-30.8946
-35.1615
-29.9303
-27.0572
-29.9741
-30.3106
-26.6006
-31.8173
-28.6545
-34.0352
-36.0824
-32.7155
-37.4199
-26.0186
-33.6645
-29.5051
-30.5739
-29.4234
-32.5212
-30.3948
-25.3
-29.5886
-27.5028
-31.3364
-30.5524
-32.891
-36.5677
-28.2297
-36.9158
-34.9239
-33.1465
-31.7652
-30.4907
-22.7905
-34.8851
-25.6012
-25.5903
-29.6907
-33.7832
-30.8294
-33.5971
-15.4699
-14.8784
-6.89208
-3.98255
-24.7697
-15.4553
-23.558
-15.4009
-7.54323
-2.88273
-11.1616
-5.96606
-2.98812
-5.12928
-8.9348
-7.76168
-4.3031
-7.96734
-10.8036
-5.13885
-3.0304
-5.0738
-13.1873
-4.70617
-4.91093
-9.28258
-8.22804
-6.85576
-16.3862
-15.7541
-5.1562
-15.0613
-12.001
-10.6919
-16.4766
-5.67493
-10.2615
-12.4736
-11.8078
-18.0766
-15.0137
-11.7544
-12.2503
-17.2811
-7.14863
-13.4903
-19.1473
-20.7508
-21.7184
-20.8674
-24.8348
-21.684
-22.3692
-22.5059
-18.6431
-24.2831
