-43.239
-60.0183
-70.1012
-86.7372
-113.133
-112.302
-112.558
-119.737
-111.703
-105.427
-115.03
-110.972
-104.726
-95.7968
-86.1793
-58.8163
-47.1311
-65.3463
-71.7631
-70.1366
-73.41
-77.555
-72.7807
-70.782
-65.669
-67.3177
-70.9492
-69.6533
-74.6573
-59.6631
-70.5425
-67.1838
-62.2094
-62.8073
-64.0491
-70.1156
-69.1418
-66.148
-69.5332
-59.1639
-67.0642
-71.2346
-67.3803
-57.999
-66.2466
-66.7085
-67.2765
-62.6438
-64.7511
-67.1834
-66.8112
-68.2363
-65.5012
-66.9132
-65.6018
-68.1594
-69.4567
-65.2994
-69.9717
-68.0255
-71.6312
-60.5065
-63.484
-66.4218
-68.8147
-63.959
-66.9817
-62.9212
-56.0454
-64.1577
-69.1974
-66.4068
-68.1181
-68.1678
-69.1335
-69.6224
-69.2373
-70.4869
-78.0678
-62.1808
-66.3631
-65.0308
-65.1521
-63.1803
-67.0025
-65.0407
-65.6213
-64.7788
-68.8458
-70.2345
-68.018
-62.511
-68.5759
-72.5471
-68.9779
-70.9513
-63.0052
-67.687
-59.1432
-69.5717
-72.9274
-74.8047
-73.7789
-65.073
-71.138
-57.2103
-64.0788
-69.7278
-70.3175
-62.4624
-59.4175
-60.6878
-59.6191
-72.3951
-63.0226
-70.4088
-68.9609
-67.4545
-69.8699
-70.2433
-71.7177
-70.899
-67.6217
-72.4093
-49.1375
-58.4296
-60.189
-57.5227
-62.2887
-49.3088
-56.0496
-61.4774
-60.4271
-61.7114
-66.5053
-59.4147
-63.3328
-68.389
-60.8218
-55.8273
-60.0682
-63.4555
-61.4512
-66.8242
-63.6886
-67.4992
-65.2328
-68.3121
-67.9838
-71.621
-69.0085
-69.0848
-64.4823
-70.7233
-67.7303
-64.9014
-69.9789
-76.8432
-75.4661
-70.2687
-77.1669
-71.111
-83.0944
-74.402
-86.8434
-87.9354
-97.0586
-101.942
-105.739
-94.0422
-80.8707
-72.1176
-53.6755
-65.8758
-86.7074
-119.58
-124.373
-131.037
-121.722
-131.066
-129.58
-125.86
-139.15
-136.825
-128.318
-133.675
-121.826
-120.731
-125.691
-125.26
-124.26
-128.291
-124.636
-124.924
-128.042
-131.586
-124.398
-127.993
-136.428
-143.102
-142.764
-154.887
-151.331
-147.636
-146.966
-145.916
-141.53
-143.134
-138.857
-104.216
-66.0892
-87.9481
-93.0707
