-153.191
-209.263
-241.906
-249.825
-204.087
-213.197
-203.849
-187.962
-171.795
-212.169
-223.84
-236.615
-223.512
-245.535
-249.845
-245.276
-251.075
-250.978
-244.866
-241.512
-222.227
-267.364
-261.889
-246.814
-206.373
-180.672
-169.057
-164.448
-163.822
-161.387
-169.389
-170.151
-176.063
-204.297
-218.658
-211.451
-206.136
-184.316
-204.332
-232.19
-276.485
-277.4
-271.859
-261.735
-253.502
-253.449
-272.962
-272.842
-267.611
-264.74
-267.006
-259.584
-260.662
-265.724
-257.246
-271.243
-260.624
-257.632
-257.86
-263.639
-273.702
-271.662
-272.387
-267.66
-270.899
-279.407
-259.991
-259.504
-257.332
-267.095
-275.991
-266.482
-266.973
-266.586
-269.149
-273.537
-285.441
-274.272
-279.975
-273.038
-262.261
-268.465
-266.964
-271.53
-270.552
-258.555
-276.792
-277.459
-279.503
-277.073
-263.765
-265.621
-262.186
-257.316
-264.737
-271.51
-256.432
-268.546
-275.621
-277.469
-277.723
-272.543
-275.109
-276.923
-269.446
-260.14
-273.252
-262.852
-264.813
-267.758
-258.858
-262.476
-261.439
-257.251
-258.384
-267.406
-260.369
-261.101
-268.455
-256.32
-267.443
-263.761
-262.71
-275.804
-272.876
-270.73
-261.556
-267.125
-248.208
-254.446
-253.967
-245.441
-238.994
-246.996
-246.159
-238.061
-243.474
-250.022
-245.552
-246.204
-257.042
-247.93
-258.025
-258.792
-262.353
-253.85
-245.823
-241.3
-229.779
-224.483
-219.606
-230.34
-221.952
-217.591
-222.765
-215.146
-217.662
-205.701
-207.749
-202.806
-203.794
-200.175
-195.274
-200.317
-200.157
-200.92
-196.203
-201.72
-200.286
-201.689
-208.926
-202.434
-204.445
-208.28
-196.519
-191.938
-173.155
-177.471
-192.28
-192.414
-193.492
-192.946
-188.217
-188.502
-182.839
-190.451
-191.542
-186.192
-194.182
-186.786
-190.126
-186.719
-185.497
-182.103
-191.834
-197.564
-197.199
-216.792
-228.13
-212.381
-198.838
-199.722
-197.671
-179.404
-173.934
-170.257
-160.916
-154.867
-149.257
-201.549
-203.012
-208.986
-203.785
-208.413
-209.479
-216.544
-218.39
-223.89
-227.424
-227.346
-225.468
-226.386
-233.525
-237.319
-232.87
-236.032
-236.25
-228.194
-230.74
-226.664
-229.75
-233.906
-230.429
-219.964
-203.01
-197.715
-216.716
-206.969
-217.964
-225.679
-227.855
-225.447
-214.282
-202.912
-197.322
-192.794
-194.193
-197.866
-193.512
-193.138
-194.382
-204.588
-200.206
-202.692
-206.839
-205.261
-208.449
-205.008
-200.351
-201.922
-198.699
-184.163
-181.477
-181.245
-186.779
-157.047
-182.186
-186.656
-187.436
-183.634
-181.814
-179.555
-177.033
-168.628
-161.606
-166.528
-169.528
-167
-173.228
-170.461
-174.086
-170.01
-176.268
-182.499
-190.115
-199.045
-166.702
-155.549
-146.098
-142.548
-147.041
-152.271
-154.44
-151.548
-139.533
-175.383
-181.936
-178.297
-180.814
-192.456
-192.025
-187.672
-191.277
-192.803
-198.781
-186.179
-197.407
-200.896
-198.045
-200.04
-207.527
-204.941
-217.3
-212.528
-207.908
-221.287
-216.655
-210.02
-218.814
-217.699
-201.633
-196.121
-201.737
-202.85
-203.152
-212.312
-214.091
-211.233
-200.079
-188.227
-189.871
-184.411
-179.546
-183.472
-185.999
-187.974
-193.51
-188.477
-181.64
-180.139
-186.455
-188.887
-187.084
-187.025
-188.079
-179.415
-177.668
-173.8
-170.786
-150.94
-160.281
-176.956
-173.454
-170.832
-171.113
-161.257
-163.643
-162.964
-169.26
-165.475
-170.452
-167.008
-170.824
-176.846
-176.625
-177.846
-182.967
-172.862
-180.942
-168.731
-168.665
-141.054
-141.726
-134.154
-139.366
-132.927
-144.547
-137.082
-156.88
-159.126
-164.293
-165.483
-187.168
-178.056
-200.632
-208.033
-207.304
-213.363
-178.722
-188.372
-178.976
-186.395
-180.387
-195.047
-209.252
-202.682
-203.808
-200.875
-190.229
-190.146
-185.509
-190.306
-168.209
-108.126
-118.143
-152.64
-159.783
-134.844
-174.173
-195.22
-194.233
-200.099
-197.135
-197.849
-204.685
-199.464
-208.922
-212.857
-212.591
-220.029
-229.674
-231.481
-228.679
-233.986
-229.697
-234.996
-236.575
-231.281
-227.056
-225.067
-226.367
-228.332
-233.984
-236.113
-230.791
-243.179
-245.427
-251.259
-238.335
-237.224
-242.386
-238.409
-245.085
-242.077
-250.022
-247.488
-246.634
-250.631
-252.297
-252.348
-251.484
-256.104
-253.587
-253.965
-259.349
-259.005
-257.427
-260.612
-255.764
-260.732
-258.619
-261.329
-255.377
-256.637
-259.982
-259.77
-255.188
-260.215
-255.954
-255.862
-249.133
-244.137
-237.161
-236.501
-236.403
-225.329
-206.37
-211.904
-194.959
-204.812
-207.826
-199.818
-203.827
-205.945
-198.78
-188.999
-183.444
-189.07
-153.191
-146.133
-142.595
-172.036
-230.451
-203.604
-182.184
-179
-176.978
-178.885
-174.403
-178.671
-177.075
-174.898
-175.624
-107.403
-95.1546
-113.219
-165.031
-176.227
-177.022
-164.037
-160.103
-160.876
-158.028
-161.088
-171.96
-170.356
-180.844
-182.185
-176.386
-178.416
-182.321
-182.772
-184.79
-184.884
-185.374
-185.159
-186.792
-191.64
-190.137
-188.435
-190.757
-195.091
-194.573
-210.539
-200.242
-197.161
-210.137
-202.265
