-22.7703
-21.5814
-20.4308
-20.0524
-19.9705
-19.0815
-19.2316
-19.8867
-20.4197
-22.2075
-21.8043
-20.8045
-20.7521
-20.8091
-20.3125
-21.0594
-21.6633
-21.532
-21.6653
-22.0332
-20.4213
-20.7712
-21.8141
-22.6403
-26.9788
-26.1582
-27.2213
-27.7552
-29.1893
-31.7946
-30.7011
-31.6919
-33.2545
-32.385
-32.3952
-35.7726
-33.3125
-32.7126
-31.2246
-16.5767
-14.2476
-13.4285
-13.1541
-15.4093
-18.3708
-21.4256
-21.7848
-21.1783
-19.085
-17.082
-16.5267
-15.2223
-15.4079
-15.4386
-15.4823
-16.733
-17.487
-18.5339
-18.1716
-18.3132
-17.5489
-17.4389
-17.2195
-17.4274
-17.5894
-18.2575
-18.4429
-19.374
-20.3187
-20.1642
-20.2638
-19.661
-20.2227
-20.2124
-21.5172
-22.4406
-22.6238
-23.6925
-20.8529
-20.3001
-19.9722
-18.5193
-19.185
-18.6053
-18.2319
-19.0445
-18.9532
-20.8004
-20.1133
-21.9651
-21.7914
-22.5335
-22.4623
-22.581
-23.6439
-22.4072
-22.9894
-21.3119
-21.9904
-21.727
-20.6622
-20.9969
-20.766
-22.1923
-21.9122
-21.4805
-22.2125
-22.0367
-21.1909
-20.2907
-20.5161
-20.5241
-21.6017
-22.1357
-23.0288
-22.0858
-21.2717
-20.3615
-20.159
-20.7177
-20.1623
-21.4748
-20.8609
-20.501
-18.7155
-19.0625
-18.806
-18.4256
-18.8339
-18.6578
-18.5757
-17.8412
-18.342
-17.6542
-17.5835
-16.6161
-16.4203
-15.6125
-15.8258
-15.3801
-15.0946
-14.6949
-14.72
-14.74
-14.6439
-13.9108
-13.9195
-13.4202
-13.2877
-13.2831
-13.1333
-12.8156
-12.5392
-12.385
-11.6513
-11.663
-11.3571
-11.2064
-11.1575
-10.8442
-10.8391
-10.4326
-10.4106
-10.0253
-10.068
-9.53506
-9.72599
-9.11109
-9.30959
-8.89614
-9.02024
-8.68836
-8.69767
-8.69598
-8.79891
-8.78425
-8.73174
-8.805
-8.63991
-8.74297
-8.75753
-8.62045
-8.61458
-8.55353
-8.56703
-8.84919
-8.98222
-9.01217
-8.97321
-8.83442
-8.81558
-9.08326
-9.1733
-9.59575
-9.51409
-9.884
-9.80871
-9.70922
-9.57709
-9.2999
-9.56693
-9.55593
-9.98613
-9.68029
-9.76636
-9.63002
-9.64041
-9.8532
-9.85718
-9.92021
-9.62194
-10.1622
-10.0767
-10.8836
-10.7299
-10.4862
-10.327
-9.9279
-9.62744
-9.482
-9.5394
-9.41245
-9.49735
-9.45046
-9.57731
-9.10937
-9.73943
-9.56853
-9.93757
-10.3904
-10.063
-10.5066
-10.1382
-10.7524
-10.6026
-11.3588
-11.4015
-11.9577
-11.7987
-12.1281
-11.728
-11.9171
-11.8305
-11.8281
-11.6443
-11.5579
-10.62
-10.7969
-10.0679
-10.0515
-9.01852
-9.31843
-8.68204
-8.91074
-8.88306
-9.57723
-9.21892
-10.0885
-9.69152
-9.64545
-9.0934
-9.06359
-9.04523
-9.32504
-9.42928
-9.59636
-8.85469
-9.36244
-9.28672
-9.95109
-10.1679
-9.55377
-9.87941
-9.94339
-10.1152
-10.3101
-10.5895
-10.5058
-10.7857
-11.0923
-11.3963
-11.6511
-12.1486
-13.5137
-14.9746
-16.0171
-16.8296
-16.5871
-17.6541
-19.211
-19.0009
-24.0913
-24.6511
-24.002
-24.0732
-30.5486
-29.7509
-31.1807
-33.1711
-33.8398
-32.2877
-34.922
-33.8022
-31.0682
-31.8604
-31.4629
-29.3433
-35.1492
-33.0303
-27.3621
-29.3049
-31.4995
-28.2908
-29.6781
-33.9437
-30.2804
-30.7481
-32.9305
-32.4757
-36.2586
-36.8092
-35.9536
-34.2198
-35.0542
-33.7754
-30.7665
-33.889
-30.7941
-31.2502
-34.9978
-33.2182
-31.1454
-34.9717
-32.0505
-37.6951
-36.2659
-33.2404
-31.0164
-31.5972
-31.2881
-31.1243
-31.2994
-34.0006
-33.1374
-34.3453
-35.2688
-34.4171
-31.9429
-32.2926
-34.417
-35.043
-35.8599
-34.0421
-34.2646
-33.7102
-34.6505
-32.7439
-31.0388
-32.2726
-34.1734
-29.8572
-31.2111
-32.9103
-29.0114
-32.0445
-32.7243
-33.2361
-33.3688
-30.8487
-31.1436
-35.5075
-35.7928
-33.9989
-33.937
-34.4449
-34.152
-29.7327
-33.8693
-31.936
-32.2914
-33.9691
-29.3628
-31.6924
-33.0492
-31.1688
-32.3544
-34.1869
-33.3479
-33.4543
-32.5729
-36.0701
-36.6414
-33.415
-34.5957
-40.8553
-40.9251
-40.9863
-40.6644
-40.4053
-36.6946
-30.6544
-34.1989
-34.821
-31.302
-30.1205
-36.3462
-35.0626
-34.7328
-34.6638
-35.7746
-33.9595
-31.3553
-32.2543
-35.6251
-36.395
-32.8446
-32.5712
-31.0058
-33.4739
-31.6207
-31.6523
-36.5256
-34.5079
-32.0124
-33.3137
-32.3772
-37.3071
-33.688
-37.3461
-37.1447
-38.2338
-36.9355
-31.0445
-34.0957
-34.1762
-29.7388
-31.2779
-34.1685
-32.6592
-31.7258
-31.8184
-33.1382
-34.8299
-33.1598
-33.5084
-32.7653
-30.4559
-31.0988
-28.3588
-32.3699
-34.4357
-33.3541
-34.8184
-38.7623
-35.9048
-31.8537
-32.2317
-32.1142
-34.6473
-34.7961
-36.6179
-36.3933
-38.2157
-35.8587
-32.414
-33.8917
-33.3759
-31.5112
-32.976
-33.4638
-33.1331
-33.6077
-30.4934
-33.6817
-33.2265
-33.0784
-30.226
-34.8944
-27.0974
-24.1493
-21.6963
-20.9372
-20.5757
-19.4949
-20.1852
-19.6311
-19.8987
-20.6934
-21.2982
-21.3966
-21.3955
-20.6147
-20.6677
-21.2301
-21.1194
-21.0681
-21.6505
-21.2207
-21.9554
-21.3001
-20.8786
-22.0749
-22.4198
-24.0935
-26.4196
-26.3796
-27.359
-27.3038
-30.1015
-32.1522
-31.0047
-32.2086
-34.6875
-33.6081
-31.45
-33.5903
-33.2233
-34.6166
-28.93
-16.1234
-14.0742
-13.2618
-13.1086
-15.6412
-18.8014
-21.6839
-22.2542
-20.5109
-16.7931
-17.3066
-16.1325
-15.2586
-16.1642
-15.4187
-16.574
-17.1148
-18.1824
-17.7622
-18.116
-17.5792
-17.4647
-17.6842
-17.2666
-17.9072
-18.1532
-18.8187
-18.8641
-19.9876
-19.7774
-20.3111
-19.8205
-20.3121
-20.7586
-20.9304
-22.1171
-21.5462
-22.6096
-23.1864
-20.0399
-20.3401
-18.5684
-19.0888
-18.8712
-18.5456
-19.7346
-19.0641
-19.7658
-20.1613
-20.8728
-22.1124
-21.9577
-22.202
-22.632
-24.1423
-23.0788
-22.9684
-22.5327
-21.6394
-22.0274
-20.6268
-21.1066
-21.2869
-21.3753
-22.2425
-21.77
-20.5876
-21.0613
-21.4044
-20.0819
-19.9562
-20.3407
-21.0072
-22.2769
-23.0084
-22.3357
-20.6834
-20.4736
-19.6309
-20.0061
-20.3159
-21.4804
-21.8805
-21.1798
-19.7693
-18.8225
-18.5165
-17.9771
-18.9492
-18.5777
-18.4968
-17.7083
-18.0111
-18.6537
-18.3911
-17.4415
-16.7948
-16.4513
-15.1397
-15.8725
-15.0054
-15.0033
-14.3659
-14.5802
-14.2276
-14.1284
-13.9387
-13.6003
-13.1601
-13.3234
-12.8927
-12.8191
-12.5126
-12.3092
-11.9508
-11.6987
-11.4328
-11.2755
-11.165
-11.2173
-10.9098
-10.762
-10.532
-10.1659
-10.1075
-9.88057
-9.55483
-9.36726
-9.19551
-9.05482
-8.64446
-8.84043
-8.55044
-8.86362
-8.63461
-8.99788
-8.4361
-8.84986
-8.56402
-8.91094
-8.41386
-8.89559
-8.31168
-8.90002
-8.50144
-9.05366
-8.54742
-9.1926
-8.75935
-9.43347
-8.66961
-9.41958
-8.65407
-9.52463
-9.46996
-10.2255
-9.66245
-10.0043
-9.38886
-9.50503
-9.52797
-9.76076
-9.36985
-9.93378
-9.28106
-9.81677
-9.31369
-9.78978
-9.56433
-10.112
-9.82426
-10.0161
-9.95209
-10.0691
-10.5604
-10.3513
-10.3857
-9.93405
-9.47495
-9.47704
-9.31015
-9.27501
-9.36563
-9.33509
-9.39796
-9.69305
-9.4325
-9.7418
-9.75454
-9.85828
-9.98921
-10.1394
-10.1663
-10.2215
-10.6489
-10.9115
-11.1494
-11.5325
-11.5626
-11.8341
-11.9532
-12.0258
-11.842
-11.9183
-11.6299
-11.858
-11.1921
-11.2423
-10.3935
-10.3772
-9.52269
-9.40983
-8.86852
-8.77691
-8.98992
-9.4133
-9.63752
-10.0838
-9.83621
-9.64535
-9.21246
-8.9858
-9.08059
-8.96359
-9.37091
-9.13833
-9.11076
-9.11528
-9.53779
-9.251
-9.8691
-9.80865
-9.65848
-10.0034
-9.94163
-10.1023
-10.4248
-10.3642
-10.7041
-10.8066
-10.941
-11.018
-11.9385
-12.3312
-13.8518
-15.07
-16.1352
-16.9025
-16.5827
-18.4242
-19.0266
-20.6308
-22.9025
-24.2985
-24.4144
-25.4471
-29.0047
-30.7507
-32.7894
-34.1218
-32.1732
-34.8596
-35.1275
-33.9274
-30.8142
-30.7105
-30.093
-32.6436
-33.9507
-28.9772
-28.7163
-31.4946
-28.0842
-28.3888
-33.7211
-31.2289
-29.7163
-35.1652
-33.0941
-31.8354
-35.8113
-37.108
-36.8869
-35.4232
-34.0651
-30.3195
-33.9383
-33.6022
-29.1039
-32.9288
-37.2287
-30.7347
-33.5321
-34.2707
-34.162
-36.9812
-33.1509
-33.9235
-32.1596
-29.956
-30.4995
-32.1243
-34.2065
-33.9252
-31.5862
-35.9341
-37.2913
-31.5648
-31.3914
-35.9629
-34.5908
-33.991
-34.6351
-35.5656
-33.7061
-32.2833
-33.3251
-34.1499
-31.7609
-33.4022
-30.6947
-30.7144
-33.7224
-29.5636
-29.8151
-36.1238
-31.7824
-32.2137
-33.2076
-31.6313
-31.984
-35.4095
-35.3934
-35.1907
-34.5693
-33.8088
-30.0034
-32.61
-34.2711
-29.8966
-34.6263
-33.6396
-29.2241
-32.0605
-33.7948
-32.6614
-31.774
-31.8026
-34.118
-35.3087
-34.0058
-34.7782
-35.7683
-34.3882
-35.4582
-39.8418
-41.4496
-42.112
-40.1462
-37.3536
-32.8687
-33.1654
-33.4355
-31.3061
-31.9509
-31.7103
-35.0103
-33.9664
-35.8572
-36.7633
-34.4091
-30.7091
-32.2694
-35.3993
-34.0264
-34.959
-35.009
-31.3601
-30.5869
-33.0011
-32.6879
-32.2349
-35.2073
-32.3561
-35.9142
-32.0748
-33.3569
-35.5588
-35.245
-39.1243
-35.4651
-38.6318
-34.3372
-32.4014
-33.0787
-30.2829
-31.6362
-32.4084
-31.712
-31.4282
-34.5788
-32.4705
-32.1692
-33.7747
-34.6647
-32.6641
-29.0833
-31.597
-31.667
-29.3826
-32.1317
-33.6983
-36.3464
-34.7335
-36.7111
-33.387
-34.1575
-31.7872
-32.0301
-34.5311
-36.9817
-36.8806
-35.9535
-36.3353
-35.4324
-32.0838
-32.3999
-32.8627
-33.7996
-33.2629
-31.0058
-33.7353
-33.6441
-32.0117
-31.8807
-35.4531
-31.1279
-30.842
-34.1624
-24.374
-22.6878
-21.5172
-20.4308
-20.0524
-19.9705
-19.0815
-19.2316
-19.8867
-20.4197
-22.2075
-21.8043
-20.8045
-20.7521
-20.8091
-20.3125
-21.0594
-21.6633
-21.532
-21.6653
-22.0332
-20.4213
-20.7712
-21.8141
-22.6403
-26.9788
-26.1582
-27.2213
-27.7552
-29.1893
-31.7946
-30.7011
-31.6919
-33.2545
-32.385
-32.3952
-35.7726
-33.3125
-32.7126
-31.2246
-16.5767
-14.2476
-13.4285
-13.1541
-15.4093
-18.3708
-21.4256
-21.7848
-21.1783
-19.085
-17.082
-16.5267
-15.2223
-15.4079
-15.4386
-15.4823
-16.733
-17.487
-18.5339
-18.1716
-18.3132
-17.5489
-17.4389
-17.2195
-17.4274
-17.5894
-18.2575
-18.4429
-19.374
-20.3187
-20.1642
-20.2638
-19.661
-20.2227
-20.2124
-21.5172
-22.4406
-22.6238
-23.6925
-20.8529
-20.3001
-19.9722
-18.5193
-19.185
-18.6053
-18.2319
-19.0445
-18.9532
-20.8004
-20.1133
-21.9651
-21.7914
-22.5335
-22.4623
-22.581
-23.6439
-22.4072
-22.9894
-21.3119
-21.9904
-21.727
-20.6622
-20.9969
-20.766
-22.1923
-21.9122
-21.4805
-22.2125
-22.0367
-21.1909
-20.2907
-20.5161
-20.5241
-21.6017
-22.1357
-23.0288
-22.0858
-21.2717
-20.3615
-20.159
-20.7177
-20.1623
-21.4748
-20.8609
-20.501
-18.7155
-19.0625
-18.806
-18.4256
-18.8339
-18.6578
-18.5757
-17.8412
-18.342
-17.6542
-17.5835
-16.6161
-16.4203
-15.6125
-15.8258
-15.3801
-15.0946
-14.6949
-14.72
-14.74
-14.6439
-13.9108
-13.9195
-13.4202
-13.2877
-13.2831
-13.1333
-12.8156
-12.5392
-12.385
-11.6513
-11.663
-11.3571
-11.2064
-11.1575
-10.8442
-10.8391
-10.4326
-10.4106
-10.0253
-10.068
-9.53506
-9.72599
-9.11109
-9.30959
-8.89614
-9.02024
-8.68836
-8.69767
-8.69598
-8.79891
-8.78425
-8.73174
-8.805
-8.63991
-8.74297
-8.75753
-8.62045
-8.61458
-8.55353
-8.56703
-8.84919
-8.98222
-9.01217
-8.97321
-8.83442
-8.81558
-9.08326
-9.1733
-9.59575
-9.51409
-9.884
-9.80871
-9.70922
-9.57709
-9.2999
-9.56693
-9.55593
-9.98613
-9.68029
-9.76636
-9.63002
-9.64041
-9.8532
-9.85718
-9.92021
-9.62194
-10.1622
-10.0767
-10.8836
-10.7299
-10.4862
-10.327
-9.9279
-9.62744
-9.482
-9.5394
-9.41245
-9.49735
-9.45046
-9.57731
-9.10937
-9.73943
-9.56853
-9.93757
-10.3904
-10.063
-10.5066
-10.1382
-10.7524
-10.6026
-11.3588
-11.4015
-11.9577
-11.7987
-12.1281
-11.728
-11.9171
-11.8305
-11.8281
-11.6443
-11.5579
-10.62
-10.7969
-10.0679
-10.0515
-9.01852
-9.31843
-8.68204
-8.91074
-8.88306
-9.57723
-9.21892
-10.0885
-9.69152
-9.64545
-9.0934
-9.06359
-9.04523
-9.32504
-9.42928
-9.59636
-8.85469
-9.36244
-9.28672
-9.95109
-10.1679
-9.55377
-9.87941
-9.94339
-10.1152
-10.3101
-10.5895
-10.5058
-10.7857
-11.0923
-11.3963
-11.6511
-12.1486
-13.5137
-14.9746
-16.0171
-16.8296
-16.5871
-17.6541
-19.211
-19.0009
-24.0913
-24.6511
-24.002
-24.0732
-30.5486
-29.7509
-31.1807
-33.1711
-33.8398
-32.2877
-34.922
-33.8022
-31.0682
-31.8604
-31.4629
-29.3433
-35.1492
-33.0303
-27.3621
-29.3049
-31.4995
-28.2908
-29.6781
-33.9437
-30.2804
-30.7481
-32.9305
-32.4757
-36.2586
-36.8092
-35.9536
-34.2198
-35.0542
-33.7754
-30.7665
-33.889
-30.7941
-31.2502
-34.9978
-33.2182
-31.1454
-34.9717
-32.0505
-37.6951
-36.2659
-33.2404
-31.0164
-31.5972
-31.2881
-31.1243
-31.2994
-34.0006
-33.1374
-34.3453
-35.2688
-34.4171
-31.9429
-32.2926
-34.417
-35.043
-35.8599
-34.0421
-34.2646
-33.7102
-34.6505
-32.7439
-31.0388
-32.2726
-34.1734
-29.8572
-31.2111
-32.9103
-29.0114
-32.0445
-32.7243
-33.2361
-33.3688
-30.8487
-31.1436
-35.5075
-35.7928
-33.9989
-33.937
-34.4449
-34.152
-29.7327
-33.8693
-31.936
-32.2914
-33.9691
-29.3628
-31.6924
-33.0492
-31.1688
-32.3544
-34.1869
-33.3479
-33.4543
-32.5729
-36.0701
-36.6414
-33.415
-34.5957
-40.8553
-40.9251
-40.9863
-40.6644
-40.4053
-36.6946
-30.6544
-34.1989
-34.821
-31.302
-30.1205
-36.3462
-35.0626
-34.7328
-34.6638
-35.7746
-33.9595
-31.3553
-32.2543
-35.6251
-36.395
-32.8446
-32.5712
-31.0058
-33.4739
-31.6207
-31.6523
-36.5256
-34.5079
-32.0124
-33.3137
-32.3772
-37.3071
-33.688
-37.3461
-37.1447
-38.2338
-36.9355
-31.0445
-34.0957
-34.1762
-29.7388
-31.2779
-34.1685
-32.6592
-31.7258
-31.8184
-33.1382
-34.8299
-33.1598
-33.5084
-32.7653
-30.4559
-31.0988
-28.3588
-32.3699
-34.4357
-33.3541
-34.8184
-38.7623
-35.9048
-31.8537
-32.2317
-32.1142
-34.6473
-34.7961
-36.6179
-36.3933
-38.2157
-35.8587
-32.414
-33.8917
-33.3759
-31.5112
-32.976
-33.4638
-33.1331
-33.6077
-30.4934
-33.6817
-33.2265
-33.0784
-30.226
-34.8944
-27.0974
-24.1493
-21.6963
-20.9372
-20.5757
-19.4949
-20.1852
-19.6311
-19.8987
-20.6934
-21.2982
-21.3966
-21.3955
-20.6147
-20.6677
-21.2301
-21.1194
-21.0681
-21.6505
-21.2207
-21.9554
-21.3001
-20.8786
-22.0749
-22.4198
-24.0935
-26.4196
-26.3796
-27.359
-27.3038
-30.1015
-32.1522
-31.0047
-32.2086
-34.6875
-33.6081
-31.45
-33.5903
-33.2233
-34.6166
-28.93
-16.1234
-14.0742
-13.2618
-13.1086
-15.6412
-18.8014
-21.6839
-22.2542
-20.5109
-16.7931
-17.3066
-16.1325
-15.2586
-16.1642
-15.4187
-16.574
-17.1148
-18.1824
-17.7622
-18.116
-17.5792
-17.4647
-17.6842
-17.2666
-17.9072
-18.1532
-18.8187
-18.8641
-19.9876
-19.7774
-20.3111
-19.8205
-20.3121
-20.7586
-20.9304
-22.1171
-21.5462
-22.6096
-23.1864
-20.0399
-20.3401
-18.5684
-19.0888
-18.8712
-18.5456
-19.7346
-19.0641
-19.7658
-20.1613
-20.8728
-22.1124
-21.9577
-22.202
-22.632
-24.1423
-23.0788
-22.9684
-22.5327
-21.6394
-22.0274
-20.6268
-21.1066
-21.2869
-21.3753
-22.2425
-21.77
-20.5876
-21.0613
-21.4044
-20.0819
-19.9562
-20.3407
-21.0072
-22.2769
-23.0084
-22.3357
-20.6834
-20.4736
-19.6309
-20.0061
-20.3159
-21.4804
-21.8805
-21.1798
-19.7693
-18.8225
-18.5165
-17.9771
-18.9492
-18.5777
-18.4968
-17.7083
-18.0111
-18.6537
-18.3911
-17.4415
-16.7948
-16.4513
-15.1397
-15.8725
-15.0054
-15.0033
-14.3659
-14.5802
-14.2276
-14.1284
-13.9387
-13.6003
-13.1601
-13.3234
-12.8927
-12.8191
-12.5126
-12.3092
-11.9508
-11.6987
-11.4328
-11.2755
-11.165
-11.2173
-10.9098
-10.762
-10.532
-10.1659
-10.1075
-9.88057
-9.55483
-9.36726
-9.19551
-9.05482
-8.64446
-8.84043
-8.55044
-8.86362
-8.63461
-8.99788
-8.4361
-8.84986
-8.56402
-8.91094
-8.41386
-8.89559
-8.31168
-8.90002
-8.50144
-9.05366
-8.54742
-9.1926
-8.75935
-9.43347
-8.66961
-9.41958
-8.65407
-9.52463
-9.46996
-10.2255
-9.66245
-10.0043
-9.38886
-9.50503
-9.52797
-9.76076
-9.36985
-9.93378
-9.28106
-9.81677
-9.31369
-9.78978
-9.56433
-10.112
-9.82426
-10.0161
-9.95209
-10.0691
-10.5604
-10.3513
-10.3857
-9.93405
-9.47495
-9.47704
-9.31015
-9.27501
-9.36563
-9.33509
-9.39796
-9.69305
-9.4325
-9.7418
-9.75454
-9.85828
-9.98921
-10.1394
-10.1663
-10.2215
-10.6489
-10.9115
-11.1494
-11.5325
-11.5626
-11.8341
-11.9532
-12.0258
-11.842
-11.9183
-11.6299
-11.858
-11.1921
-11.2423
-10.3935
-10.3772
-9.52269
-9.40983
-8.86852
-8.77691
-8.98992
-9.4133
-9.63752
-10.0838
-9.83621
-9.64535
-9.21246
-8.9858
-9.08059
-8.96359
-9.37091
-9.13833
-9.11076
-9.11528
-9.53779
-9.251
-9.8691
-9.80865
-9.65848
-10.0034
-9.94163
-10.1023
-10.4248
-10.3642
-10.7041
-10.8066
-10.941
-11.018
-11.9385
-12.3312
-13.8518
-15.07
-16.1352
-16.9025
-16.5827
-18.4242
-19.0266
-20.6308
-22.9025
-24.2985
-24.4144
-25.4471
-29.0047
-30.7507
-32.7894
-34.1218
-32.1732
-34.8596
-35.1275
-33.9274
-30.8142
-30.7105
-30.093
-32.6436
-33.9507
-28.9772
-28.7163
-31.4946
-28.0842
-28.3888
-33.7211
-31.2289
-29.7163
-35.1652
-33.0941
-31.8354
-35.8113
-37.108
-36.8869
-35.4232
-34.0651
-30.3195
-33.9383
-33.6022
-29.1039
-32.9288
-37.2287
-30.7347
-33.5321
-34.2707
-34.162
-36.9812
-33.1509
-33.9235
-32.1596
-29.956
-30.4995
-32.1243
-34.2065
-33.9252
-31.5862
-35.9341
-37.2913
-31.5648
-31.3914
-35.9629
-34.5908
-33.991
-34.6351
-35.5656
-33.7061
-32.2833
-33.3251
-34.1499
-31.7609
-33.4022
-30.6947
-30.7144
-33.7224
-29.5636
-29.8151
-36.1238
-31.7824
-32.2137
-33.2076
-31.6313
-31.984
-35.4095
-35.3934
-35.1907
-34.5693
-33.8088
-30.0034
-32.61
-34.2711
-29.8966
-34.6263
-33.6396
-29.2241
-32.0605
-33.7948
-32.6614
-31.774
-31.8026
-34.118
-35.3087
-34.0058
-34.7782
-35.7683
-34.3882
-35.4582
-39.8418
-41.4496
-42.112
-40.1462
-37.3536
-32.8687
-33.1654
-33.4355
-31.3061
-31.9509
-31.7103
-35.0103
-33.9664
-35.8572
-36.7633
-34.4091
-30.7091
-32.2694
-35.3993
-34.0264
-34.959
-35.009
-31.3601
-30.5869
-33.0011
-32.6879
-32.2349
-35.2073
-32.3561
-35.9142
-32.0748
-33.3569
-35.5588
-35.245
-39.1243
-35.4651
-38.6318
-34.3372
-32.4014
-33.0787
-30.2829
-31.6362
-32.4084
-31.712
-31.4282
-34.5788
-32.4705
-32.1692
-33.7747
-34.6647
-32.6641
-29.0833
-31.597
-31.667
-29.3826
-32.1317
-33.6983
-36.3464
-34.7335
-36.7111
-33.387
-34.1575
-31.7872
-32.0301
-34.5311
-36.9817
-36.8806
-35.9535
-36.3353
-35.4324
-32.0838
-32.3999
-32.8627
-33.7996
-33.2629
-31.0058
-33.7353
-33.6441
-32.0117
-31.8807
-35.4531
-31.1279
-30.842
-34.1624
-24.374
-22.6878
-21.5172
-20.4308
-20.0524
-19.9705
-19.0815
-19.2316
-19.8867
-20.4197
-22.2075
-21.8043
-20.8045
-20.7521
-20.8091
-20.3125
-21.0594
-21.6633
-21.532
-21.6653
-22.0332
-20.4213
-20.7712
-21.8141
-22.6403
-26.9788
-26.1582
-27.2213
-27.7552
-29.1893
-31.7946
-30.7011
-31.6919
-33.2545
-32.385
-32.3952
-35.7726
-33.3125
-32.7126
-31.2246
-16.5767
-14.2476
-13.4285
-13.1541
-15.4093
-18.3708
-21.4256
-21.7848
-21.1783
-19.085
-17.082
-16.5267
-15.2223
-15.4079
-15.4386
-15.4823
-16.733
-17.487
-18.5339
-18.1716
-18.3132
-17.5489
-17.4389
-17.2195
-17.4274
-17.5894
-18.2575
-18.4429
-19.374
-20.3187
-20.1642
-20.2638
-19.661
-20.2227
-20.2124
-21.5172
-22.4406
-22.6238
-23.6925
-20.8529
-20.3001
-19.9722
-18.5193
-19.185
-18.6053
-18.2319
-19.0445
-18.9532
-20.8004
-20.1133
-21.9651
-21.7914
-22.5335
-22.4623
-22.581
-23.6439
-22.4072
-22.9894
-21.3119
-21.9904
-21.727
-20.6622
-20.9969
-20.766
-22.1923
-21.9122
-21.4805
-22.2125
-22.0367
-21.1909
-20.2907
-20.5161
-20.5241
-21.6017
-22.1357
-23.0288
-22.0858
-21.2717
-20.3615
-20.159
-20.7177
-20.1623
-21.4748
-20.8609
-20.501
-18.7155
-19.0625
-18.806
-18.4256
-18.8339
-18.6578
-18.5757
-17.8412
-18.342
-17.6542
-17.5835
-16.6161
-16.4203
-15.6125
-15.8258
-15.3801
-15.0946
-14.6949
-14.72
-14.74
-14.6439
-13.9108
-13.9195
-13.4202
-13.2877
-13.2831
-13.1333
-12.8156
-12.5392
-12.385
-11.6513
-11.663
-11.3571
-11.2064
-11.1575
-10.8442
-10.8391
-10.4326
-10.4106
-10.0253
-10.068
-9.53506
-9.72599
-9.11109
-9.30959
-8.89614
-9.02024
-8.68836
-8.69767
-8.69598
-8.79891
-8.78425
-8.73174
-8.805
-8.63991
-8.74297
-8.75753
-8.62045
-8.61458
-8.55353
-8.56703
-8.84919
-8.98222
-9.01217
-8.97321
-8.83442
-8.81558
-9.08326
-9.1733
-9.59575
-9.51409
-9.884
-9.80871
-9.70922
-9.57709
-9.2999
-9.56693
-9.55593
-9.98613
-9.68029
-9.76636
-9.63002
-9.64041
-9.8532
-9.85718
-9.92021
-9.62194
-10.1622
-10.0767
-10.8836
-10.7299
-10.4862
-10.327
-9.9279
-9.62744
-9.482
-9.5394
-9.41245
-9.49735
-9.45046
-9.57731
-9.10937
-9.73943
-9.56853
-9.93757
-10.3904
-10.063
-10.5066
-10.1382
-10.7524
-10.6026
-11.3588
-11.4015
-11.9577
-11.7987
-12.1281
-11.728
-11.9171
-11.8305
-11.8281
-11.6443
-11.5579
-10.62
-10.7969
-10.0679
-10.0515
-9.01852
-9.31843
-8.68204
-8.91074
-8.88306
-9.57723
-9.21892
-10.0885
-9.69152
-9.64545
-9.0934
-9.06359
-9.04523
-9.32504
-9.42928
-9.59636
-8.85469
-9.36244
-9.28672
-9.95109
-10.1679
-9.55377
-9.87941
-9.94339
-10.1152
-10.3101
-10.5895
-10.5058
-10.7857
-12.197
-13.5211
