119.827
104.001
104.335
104.03
103.693
107.661
103.605
103.747
112.206
112.579
112.619
106.895
112.541
112.401
117.569
113.129
107.525
108.322
105.664
120.65
106.947
115.549
108.06
104.716
104.18
107.974
112.966
121.893
120.303
118.382
124.085
119.263
124.365
121.616
125.303
125.822
125.517
125.077
107.481
108.857
124.873
115.944
124.999
122.795
113.116
114.065
113.114
113.933
108.596
112.784
114.414
111.006
109.105
117.381
114.793
112.939
121.859
125.34
110.614
111.42
113.51
112.677
115.727
112.176
112.686
119.465
117.442
124.429
119.745
111.887
113.887
121.915
118.684
119.769
110.801
112.034
109.868
115.804
118.666
112.431
116.8
115.901
119.227
121.967
120.239
127.35
119.972
122.855
120.472
122.415
121.817
122.151
125.378
118.667
124.463
128.597
126.451
123.483
122.244
126.089
118.852
127.043
124.122
127.333
121.256
117.27
120.05
121.794
109.925
119.135
123.533
123.264
126.434
120.419
126.591
126.791
129.893
121.872
116.611
117.196
119.247
122.091
130
124.59
127.733
122.607
129.706
128.474
134.742
131.456
131.874
130.458
130.564
128.663
132.638
132.083
127.471
131.579
130.91
125.369
131.749
125.685
124.761
122.852
122.671
133.604
131.299
125.114
121.034
121.06
105.457
106.695
114.719
111.016
101.349
107.533
115.638
108.65
112.345
101.847
104.923
108.301
115.02
107.663
99.7173
102.961
111.349
104.468
101.451
107.855
104.878
106.41
105.878
90.9337
105.653
101.512
108.864
109.018
107.583
96.8246
101.16
104.169
100.765
101.933
94.5497
102.004
100.772
99.5457
108.047
118.023
109.836
108.007
111.362
108.817
106.817
99.2439
96.8473
109.977
114.58
98.2445
97.2313
96.292
109.263
112.059
107.827
90.2855
106.489
107.15
113.141
116.309
105.644
103.051
95.0677
98.4495
91.434
105.059
110.296
122.228
101.137
99.1574
102.94
115.938
100.939
101.782
101.98
103.735
90.5266
97.2169
105.187
108.152
97.2043
107.088
102.512
112.785
105.606
105.891
96.8232
107.456
105.963
112.64
116.058
104.096
103.831
98.0199
107.178
107.042
102.594
104.807
109.508
116.578
109.284
106.729
109.48
117.28
114.31
111.312
100.171
109.158
106.873
113.923
108.942
110.715
105.552
109.247
104.699
107.667
114.087
124.292
121.875
119.158
128.868
124.705
122.425
123.642
127.784
124.048
118.068
114.803
102.861
110.67
130.803
114.755
128.409
118.797
114.714
111.971
111.312
114.742
109.764
110.398
107.068
111.615
108.051
110.79
110.539
116.696
129.068
118.064
109.403
112.504
108.262
113.231
114.13
116.637
117.936
116.822
114.313
122.352
117.247
114.192
113.196
121.184
119.051
119.924
114.68
111.562
112.729
121.179
120.147
117.967
121.41
119.07
124.207
123.439
118.562
127.984
121.273
123.432
123.325
123.553
121.192
124.299
124.505
119.851
125.781
125.874
125.487
124.821
119.994
128.6
117.738
128.22
124.248
127.01
122.98
118.832
122.955
118.711
114.905
124.666
123.382
124.967
126.277
124.04
126.305
126.886
128.976
119.554
121.015
123.782
127.271
124.782
130.383
130.744
130.317
128.031
125.576
133.895
137.803
131.272
132.167
132.003
130.278
127.331
134.9
129.223
126.646
131.65
129.427
128.067
126.901
123.542
122.683
118.876
122.69
135.376
128.43
120.955
112.508
123.806
111.375
106.367
118.528
105.898
99.7026
107.607
111.245
104.24
112.947
101.025
101.372
101.607
106.995
109.579
105.734
103.495
116.166
107.388
103.255
105.714
104.141
112.664
101.691
93.8082
109.83
103.687
96.0516
108.326
105.481
84.8168
92.7107
107.332
97.8102
99.7192
98.6936
96.8816
100.629
97.0895
111.387
111.556
117.734
105.998
107.109
101.802
106.126
105.162
95.0515
108.379
111.105
102.507
99.3443
92.4732
107.218
111.712
107.088
96.8857
107.054
106.08
111.807
115.988
103.288
99.5533
97.3022
102.796
96.5261
103.675
111.338
111.394
113.187
106.651
104.797
116.084
104.253
101.026
100.692
103.782
94.5791
104.368
107.025
103.13
102.932
104.954
98.9183
108.937
106.62
105.047
97.8371
102.597
109.635
117.466
111.558
106.099
103.097
94.8391
104.936
107.344
101.434
111.065
111.064
115.07
105.348
114.276
104.863
114.374
116.341
107.631
96.4677
108.923
115.734
104.337
108.399
112.075
98.6741
108.561
106.558
108.334
117.703
126.033
119.499
120.646
124.591
125.774
127.55
125.965
129.946
128.468
119.657
110.663
101.352
114.661
122.126
116.273
125.542
122.216
111.615
112.078
108.545
115.254
114.686
110.877
100.256
113.358
107.684
108.176
105.262
119.001
130.603
118.788
113.59
113.265
114.074
110.699
113.569
112.29
121.058
120.397
110.632
120.897
114.721
112.549
118.997
121.898
117.562
115.689
114.862
114.688
115.454
121.839
116.347
117.865
119.842
119.858
122.263
122.249
118.667
122.692
120.579
120.161
121.085
120.93
115.669
120.81
120.913
117.621
123.259
120.947
120.023
122.527
118.905
125.944
119.242
128.059
122.925
121.912
119.81
119.458
126.119
113.398
115.391
121.22
122.342
126.116
127.385
128.956
126.72
127.877
126.008
118.555
121.039
120.813
126.951
124.539
127.196
130.277
128.699
129.174
133.265
132.972
137.583
131.934
131.053
132.464
131.07
126.467
134.48
126.352
123.933
131.896
129.011
129.108
123.877
128.797
124.592
123.394
125.032
134.993
125.315
121.87
109.085
121.391
116.83
108.137
124.712
105.346
96.4377
110.131
116.256
97.9649
109.497
99.7604
101.105
101.044
106.339
106.739
107.918
100.395
113.132
111.718
109.883
108.834
108.043
108.898
94.9499
94.2496
108.731
104.444
96.2762
106.465
107.393
89.8007
100.084
108.276
97.7469
97.2281
97.7588
93.5181
103.089
105.836
111.951
106.245
111.327
111.38
114.809
97.3079
100.768
106.315
100.852
109.771
105.458
98.4973
94.2245
101.623
115.724
111.849
101.386
97.98
109.669
104.469
106.655
111.447
100.033
97.6361
91.4959
99.0537
96.5496
107.582
112.786
104.737
111.548
111.028
106.554
109.374
103.914
102.786
98.0455
94.7999
95.2609
105.668
106.574
101.056
107.216
108.971
103.933
105.588
110.92
107.414
104.687
104.957
108.038
120.325
108.517
108.768
105.502
100.123
108.544
107.243
103.695
117.215
107.433
109.367
104.503
117.899
107.458
114.97
113.881
108.498
100.492
110.062
128.016
106.889
111.094
109.434
105.091
106.852
104.962
111.745
119.133
125.59
121.558
123.321
121.292
125.457
123.207
124.135
128.894
133.011
127.098
110.113
104.746
118.241
118.615
121.067
123.764
119.381
111.039
112.737
108.634
112.609
113.877
114.658
104.647
107.007
111.667
113.772
108.462
120.637
124.968
116.175
116.04
115.426
111.428
111.29
112.66
110.08
121.251
120.364
114.353
123.412
113.479
115.828
120.242
118.611
120.863
113.806
115.343
111.061
115.397
119.717
112.279
116.511
117.156
120.605
119.82
119.694
119.462
117.941
118.035
115.378
114.625
117.313
114.174
120.758
115.352
117.785
123.282
120.849
114.678
119.525
118.711
118.749
118.373
124.417
123.384
117.964
116.904
118.072
123.46
110.27
113.702
114.824
119.548
124.541
128.692
130.7
130.175
128.745
120.374
116.673
119.425
118.182
124.094
124.654
122.906
128.021
127.27
128.06
130.89
133.447
134.781
130.525
125.625
129.359
127.464
126.936
131.657
121.906
123.012
130.419
126.711
127.754
122.876
128.963
121.61
123.592
129.267
133.858
125.053
122.977
116.687
106.813
114.517
106.828
121.393
103.964
101.735
114.337
112.844
104.503
98.5726
101.723
107.845
108.378
104.979
98.6119
102.85
108.181
105.966
110.4
108.807
108.465
108.421
106.398
91.9403
95.7499
104.628
109.103
100.245
107.643
104.151
100.809
101.437
103.306
96.1187
93.624
98.6937
100.464
102.989
107.092
109.835
107.487
110.608
112.982
114.926
103.124
95.9924
100.308
108.936
110.42
101.146
94.7434
100.039
106.489
112.573
104.759
92.2225
105.309
108.708
108.321
106.43
103.166
104.385
94.5432
87.8781
85.6466
100.726
114.211
121.257
101.264
107.622
106.926
111.709
102.793
104.555
106.686
102.723
94.2817
94.8516
103.682
109.08
97.2058
105.318
107.872
108.849
111.824
110.777
105.355
106.604
103.935
110.282
120.043
104.001
104.335
104.03
103.693
107.661
103.605
103.747
112.206
112.579
112.619
106.895
112.541
112.401
117.569
113.129
107.525
108.322
105.664
120.65
106.947
115.549
108.06
104.716
104.18
107.974
112.966
121.893
120.303
118.382
124.085
119.263
124.365
121.616
125.303
125.822
125.517
125.077
107.481
108.857
124.873
115.944
124.999
122.795
113.116
114.065
113.114
113.933
108.596
112.784
114.414
111.006
109.105
117.381
114.793
112.939
121.859
125.34
110.614
111.42
113.51
112.677
115.727
112.176
112.686
119.465
117.442
124.429
119.745
111.887
113.887
121.915
118.684
119.769
110.801
112.034
109.868
115.804
118.666
112.431
116.8
115.901
119.227
121.967
120.239
127.35
119.972
122.855
120.472
122.415
121.817
122.151
125.378
118.667
124.463
128.597
126.451
123.483
122.244
126.089
118.852
127.043
124.122
127.333
121.256
117.27
120.05
121.794
109.925
119.135
123.533
123.264
126.434
120.419
126.591
126.791
129.893
121.872
116.611
117.196
119.247
122.091
130
124.59
127.733
122.607
129.706
128.474
134.742
131.456
131.874
130.458
130.564
128.663
132.638
132.083
127.471
131.579
130.91
125.369
116.902
