-8.64719
-8.51588
-26.2065
-15.3003
-28.9719
-28.004
-16.1873
-37.4348
-39.0413
-42.1666
-32.7004
-29.3295
-17.3111
-9.21937
-26.534
-13.1414
-25.2338
-15.7919
-16.0596
-23.5738
-12.7192
-13.5456
-23.2694
-26.0953
-0.427607
0.1629
1.73361
9.82642
5.85648
8.03936
16.6903
-3.71116
-18.2914
-0.62802
-12.1092
-23.5986
-36.5453
-38.4563
-45.1707
-36.3575
-32.0027
-32.2282
-33.6576
-40.5308
-33.0658
-34.7379
-34.3655
-37.202
-35.94
-39.5633
-29.5208
-35.7034
-38.649
-38.4475
-35.6939
-44.8804
-37.0694
-44.3085
-45.6606
-45.0075
-46.7659
-49.3084
-41.5633
-48.5188
-52.038
-53.1704
-53.9418
-49.8872
-45.6314
-47.1421
-39.5297
-37.6349
-38.8161
-40.757
-40.6426
-39.0891
-41.9853
-41.6447
-44.0509
-46.473
-57.142
-50.419
-34.3493
-6.89672
2.05059
-1.89989
1.88699
-18.878
-16.7128
-32.5561
-18.7235
-31.6698
-8.43563
-31.0322
-45.0269
-43.2693
-52.7274
-48.0197
-47.0299
-51.8177
-49.9486
-48.7275
-48.722
-58.9919
-55.5707
-48.5165
-52.9011
-50.5512
-54.006
-52.9403
-54.9071
-52.4669
-45.9307
-44.8024
-39.593
-45.0181
-39.7014
-41.2849
-39.5626
-39.3314
-40.0721
-44.5593
-38.5775
-39.4021
-43.5795
-42.7544
-39.8887
-30.2947
-21.0479
-22.2744
-34.158
-40.2443
-26.6805
-8.91191
-15.1303
-9.08501
-15.3476
-21.8393
-21.3095
-32.4023
-41.9181
-32.8596
-29.334
-35.9569
-38.0023
-21.4466
-22.2856
-38.875
-28.216
-30.6817
-30.7594
-30.15
-20.6466
-32.9389
-18.1314
-26.9647
-37.3642
-28.5027
-29.7294
-31.3692
-32.6847
-42.2698
-34.8109
-41.5327
-36.3248
-32.0486
-35.7843
-30.34
-25.8746
-19.9732
-26.2494
-29.8086
-33.8168
-31.8061
-32.5463
-33.2071
-33.6863
-33.7366
-34.6104
-32.9897
-36.1852
-27.255
-36.024
-40.6865
-33.3299
-39.1546
-35.2751
-31.6525
-30.3461
-28.6415
-32.4634
-38.2436
-31.618
-28.3974
-33.2535
-37.2574
-32.4783
-37.7869
-28.9385
-33.4008
-23.1555
-25.0487
-26.727
-26.4401
-32.0263
-27.3497
-32.767
-25.6371
-22.7506
-23.4527
-37.536
-22.8117
-24.1028
-27.1637
-16.9052
-23.8609
-23.5867
-20.4297
-17.8189
-17.5786
-9.85065
-23.0382
-21.2727
-24.9966
-27.9965
-21.3865
-28.5133
-19.7519
-13.0741
-23.0533
-22.7846
-29.8155
-45.4121
-23.085
-28.1091
-35.2819
-30.714
-34.2135
-45.1156
-45.7874
-49.9748
-50.8758
-45.3541
-50.9918
-47.2361
-38.5502
-46.8374
-41.0247
-36.9491
-41.6684
-46.3025
-40.3282
-34.4462
-34.2613
-38.8133
-48.9154
-42.8879
-49.5484
-46.0879
-42.1489
-40.575
-43.019
-42.6894
-31.7825
-18.2235
-36.7506
-19.9281
19.6821
6.82631
-10.575
-22.7991
-10.4249
-14.262
-11.5567
-15.2628
-21.25
-28.8523
-26.7054
-27.7636
-25.7429
-27.1802
-32.1618
-35.0321
-36.3788
-33.1887
-33.7365
-39.9853
-36.2306
-39.2755
-39.8151
-35.3806
-35.0673
-34.7645
-40.6838
-34.5522
-37.6194
-35.4773
-34.1515
-41.4975
-41.1402
-38.7123
-34.3436
-38.6023
-34.0745
-40.6759
-40.5831
-40.3173
-37.0392
-39.9354
-38.5083
-38.9487
-34.9132
-31.8814
-37.3327
-36.8001
-37.4377
-36.4327
-37.3775
-41.5074
-45.0609
-36.2058
-39.5029
-40.7518
-47.4519
-38.8638
-40.5252
-35.9917
-38.2721
-31.1205
-31.0592
-30.0505
-27.0338
-26.1781
-21.5712
-23.0798
-18.7072
-17.0449
-21.0289
-17.4765
-15.209
-16.5129
-20.036
-23.3824
-16.1924
-14.2078
-4.37829
-8.0023
-24.5462
-30.265
-41.0912
-48.1626
-51.3375
-41.7483
-41.5002
-39.594
-32.62
-25.5733
-13.4099
-31.196
-32.6631
-22.4459
-34.9374
-30.3549
-18.3588
-12.3258
-30.9673
-22.9095
-18.3614
-21.4554
-27.2938
-29.9604
-19.4884
-14.3526
-22.3851
-23.1742
-26.6146
-30.6395
-26.3594
-14.7208
-11.8428
-12.1462
-2.91713
-19.1886
-20.9261
-29.9631
-27.588
-34.8131
-36.2453
-35.3027
-31.0603
-27.1622
-32.853
-23.148
-22.9699
-24.5627
-35.6668
-26.8791
-24.1341
-23.4083
-18.1417
-18.4858
-21.3853
-22.1622
-27.2069
-23.4149
-25.1868
-18.429
-20.1924
-21.7632
-21.6793
-19.8884
-20.3997
-23.3959
-22.6296
-21.4919
-27.2769
-32.7194
-19.8551
-27.6818
-4.22458
-22.6651
-29.9993
-23.8561
-20.0563
-27.3667
-29.7599
-27.6474
-15.4669
-12.4858
-18.0743
-10.095
-13.3017
-19.2581
-9.79685
-11.3378
-13.4745
-13.0337
-21.4194
-19.844
-27.3174
-26.3108
-36.8188
-28.1655
-44.5245
-34.8812
-42.214
-49.799
-39.4438
-23.5914
-20.5067
-37.5865
-33.8158
-29.2284
-40.8435
-34.0282
-44.0954
-39.2556
-36.922
-31.4251
-27.9221
-22.8604
-25.7652
-25.6346
-23.3079
-20.853
-26.1788
-24.0085
-28.1849
-27.3167
-25.9567
-20.2946
-22.5858
-21.5132
-26.8258
-23.9847
-22.425
-14.0816
-13.7462
-18.5654
-34.8364
-25.3121
-27.7719
-31.7452
-34.1536
-26.3496
-25.9792
-29.7643
-19.665
