8.09658
28.6103
19.8976
18.5861
19.4356
11.8739
3.15264
-4.2829
3.64939
-1.35384
3.6098
4.36157
3.72203
-2.7561
7.29297
2.12319
2.69797
24.3215
36.0324
47.6793
11.3398
11.6906
11.6554
4.87809
3.74934
7.7294
10.4153
11.8957
10.0941
4.70851
5.62564
-14.4088
-3.20221
-1.43845
8.14655
17.5374
29.9884
31.5029
25.1596
18.4459
28.209
22.5693
28.4046
28.9723
30.1069
35.1154
26.7757
30.1882
32.2785
28.8121
31.9328
32.7305
35.7627
28.3261
30.2293
29.863
33.2804
29.3474
27.8484
32.8214
33.8862
24.6333
33.8663
34.6579
27.9031
28.2719
29.9408
30.6303
24.3028
25.0276
22.0402
22.8138
10.4917
15.8299
16.6047
18.8529
9.1672
5.96885
12.3571
19.3549
24.6619
35.1515
37.8424
16.1279
19.931
-6.21224
7.28211
-0.50233
-6.19428
10.6692
1.89021
17.7786
28.076
11.8944
23.0722
25.9629
22.5399
18.3061
17.2002
14.7689
16.5886
20.1087
25.7637
24.7998
28.4118
27.1523
24.163
24.8013
26.3813
24.1087
23.1527
19.9649
14.429
15.265
17.3367
16.1505
18.4861
19.7495
17.0068
16.5324
15.7055
16.1117
14.9151
24.2838
22.9028
16.3209
7.81655
21.5285
25.1132
16.6029
15.0588
19.8952
12.0196
5.95669
11.4567
9.319
6.79578
11.0099
9.70445
13.5947
20.9138
10.0098
8.87694
17.0586
19.1472
12.6599
3.88691
15.502
10.3373
10.2393
9.29855
-2.7859
8.02363
11.0335
18.4036
2.21961
-2.97524
1.95734
8.7164
4.82105
3.27445
0.452501
4.54342
-5.83338
2.17044
0.129277
8.55025
2.1881
0.815794
5.89927
3.43453
-3.6673
0.20747
-6.0235
-11.2461
-2.56716
-2.43527
1.44854
-6.19483
-3.23383
-3.28458
-2.90042
-3.5757
2.2956
7.20617
-2.64297
1.08472
2.7161
11.6977
1.48781
9.487
1.56209
4.8266
13.583
0.353094
2.79157
2.25858
-2.63938
8.30995
2.13476
10.5726
3.55651
5.96037
5.4437
-1.38847
-2.27633
0.774894
2.34732
-2.82593
-2.77002
-7.58227
-6.08937
-8.15444
-2.73303
2.88257
-3.03562
-2.00529
6.72708
1.1273
-3.50107
-6.9192
-8.0172
-0.390041
0.486839
1.65529
-0.0326972
9.3494
10.5607
8.29768
11.4931
11.0901
13.3256
18.5185
19.7525
13.3557
20.2904
19.1323
26.4626
26.3077
22.3285
18.3186
20.3666
26.3997
18.1645
24.8305
31.4037
20.8035
19.6255
20.4465
12.9687
6.76705
10.2649
11.0326
15.1428
18.8972
20.4381
22.0402
16.3638
22.6107
26.908
20.5597
21.2703
13.008
29.5797
17.4265
23.2295
16.3226
13.6066
0.948306
9.60548
7.69603
-4.35748
-5.41557
-8.94789
-15.2117
-15.0958
-16.5321
-17.256
-6.44808
-16.2682
-14.4365
-11.6942
-12.8033
-19.1661
-14.9938
-13.4143
-18.4566
-17.7221
-14.3569
-8.63746
-6.21563
-7.69209
-4.32179
-7.72907
-9.8756
-15.719
-10.8913
-8.37033
-10.7304
-12.0473
-14.1046
-11.3174
-7.75893
-10.7636
-16.0664
-15.0939
-16.0639
-12.2788
-12.5091
-11.2014
-15.9451
-9.15266
-8.81796
-14.0274
-12.0743
-12.9724
-9.42533
-11.0881
-12.9965
-15.2014
-12.401
-10.6221
-6.7511
-15.043
-15.7195
-9.19107
-8.97437
-6.22266
-14.2401
-19.1566
-20.2932
-20.8486
-21.6893
-25.9988
-26.7195
-21.1369
-15.5749
-16.8247
-13.3634
-7.52905
-2.57678
-5.33065
-3.92171
-3.46714
-0.476859
3.45509
-4.33776
1.94768
31.7197
38.9067
40.0919
42.1628
41.9192
38.0651
39.9882
30.8321
31.6173
20.1935
18.2528
36.3671
36.8572
19.7092
1.0942
13.7212
-8.68523
0.865198
2.49468
-7.77718
-13.2695
-7.16093
-7.52779
-7.96668
-3.4993
-1.59241
-6.74542
8.33713
1.02615
-4.93865
2.51163
22.2239
9.59924
8.62867
5.12631
-7.29377
-0.695292
2.15159
3.80003
1.04883
8.76018
-4.0386
-2.67706
3.11088
5.04711
11.4503
10.1243
8.70362
11.0896
7.05997
14.1707
11.3685
11.3491
5.98508
15.4547
11.7876
13.3141
11.6686
11.2901
9.85123
8.20331
8.85289
3.05564
6.94387
6.27901
8.31765
4.71214
10.1576
5.56847
0.0420976
10.9889
3.50308
2.47568
6.28113
14.1169
4.2591
3.58134
10.3916
42.7161
48.116
47.5197
43.8537
44.162
40.7948
39.7907
32.2209
31.6971
31.2689
29.35
28.7742
23.1983
14.1289
16.3549
19.9102
18.0444
5.43219
9.68178
14.6415
14.8546
12.1276
7.38016
8.53693
11.7998
3.84978
4.46788
8.1487
16.2436
18.8825
10.6445
12.2336
11.5804
11.3522
9.76253
11.5843
6.84845
8.61661
15.135
6.80766
10.9406
12.0307
6.61367
12.4919
19.5662
21.4062
21.8992
9.65023
18.2469
17.4995
21.5521
17.9732
18.4254
18.4063
14.59
4.01188
12.6108
1.25628
17.5028
23.5285
3.46901
11.0872
