-16.353
-24.4744
-12.9598
-10.6271
-13.9466
-27.1191
-15.5335
5.33534
-5.35557
-7.7785
4.79204
1.84297
-3.27012
-15.6784
-8.42818
-7.75419
-7.89345
-18.036
-16.5189
-7.08558
-15.0103
-15.6482
-17.1517
-22.3981
-11.0535
-6.8482
1.06945
-8.53484
1.18413
4.15129
-12.3191
-2.0404
-18.4531
-33.3212
-18.6419
-20.7292
-33.8123
-35.8753
-37.9758
-38.9982
-33.7023
-23.6732
-30.8136
-30.6093
-33.8447
-33.0449
-33.5428
-25.8071
-25.5923
-28.3665
-27.8604
-32.0855
-25.6065
-30.8321
-41.1014
-33.0008
-29.6902
-30.8228
-36.4552
-41.0345
-40.8691
-38.6363
-28.6068
-33.4232
-37.0781
-40.3194
-35.9634
-37.6585
-34.6385
-39.5546
-44.6995
-47.6183
-45.8134
-56.5089
-49.7185
-47.9654
-52.9035
-50.5334
-37.8102
-26.8802
-31.6091
-21.6328
-11.3307
-27.0737
-25.2111
-31.6622
-21.6755
-5.94707
-22.4341
-25.6703
-27.5534
-14.5222
-28.4068
-22.5527
-15.0648
-15.5939
-21.3735
-28.0265
-27.5357
-24.1539
-27.0921
-30.0042
-23.9741
-20.8589
-12.7161
-18.1085
-16.5806
-14.2911
-17.2882
-15.8082
-18.1107
-14.6538
-19.8215
-22.3335
-25.2631
-24.3184
-17.5295
-15.213
-16.8349
-16.3075
-13.813
-18.9369
-22.0497
-21.9639
-23.1424
-23.5183
-29.2669
-35.7273
-42.1839
-40.9879
-32.551
-28.8309
-37.9721
-24.7406
-16.7861
-14.9312
-16.9884
-14.9617
-22.204
-2.13472
-21.6133
-13.4755
-10.5994
-18.7401
-7.14247
-20.5724
-14.1633
-30.2535
-27.1171
-21.1592
-27.8481
-26.6583
-19.2331
-18.2023
-23.6783
-23.8335
-18.7889
-20.8111
-19.8857
-24.7931
-29.5997
-26.6141
-18.0465
-4.79841
-13.2019
-16.7354
-13.6945
-14.2076
-17.9652
-18.7101
-11.4374
-18.3963
-19.7564
-6.63421
-17.0367
-15.8038
-26.1356
-16.9661
-20.7146
-19.4588
-25.0232
-11.7605
-16.2974
-8.78121
-15.0932
-27.4441
-16.3173
-17.7978
-16.0058
-14.8969
-20.3572
-17.0458
-17.8416
-13.7618
-18.7008
-14.3024
-20.6346
-14.1738
-8.37468
-12.108
-22.6759
-12.796
-20.4324
-12.7786
-23.0385
-22.2301
-17.0479
-19.5956
-18.5014
-24.0718
-23.3826
-30.2533
-30.2539
-16.0784
-28.1754
-26.1262
-16.0759
-25.1522
-25.7337
-19.8541
-34.3537
-18.2633
-14.5743
-24.3851
-21.7149
-24.2542
-31.8682
-21.922
-25.9975
-26.7587
-30.3396
-22.6504
-31.155
-18.1814
-21.2624
-27.3408
-46.2072
-32.1813
-30.0399
-32.8347
-30.1868
-24.3817
-25.8639
-27.2046
-31.6346
-28.9663
-15.4234
-18.8627
-24.3129
-29.9971
-24.9702
-21.209
-22.6166
-27.7931
-32.6164
-32.2667
-30.5633
-40.5337
-32.8809
-29.243
-31.7039
-19.6084
-18.6434
-20.8101
-19.7187
-18.4421
-8.8505
5.08246
-17.858
-21.3564
-15.2063
-15.1247
-15.9132
-21.6036
-16.2185
-17.5614
-15.0344
-16.5831
-10.0274
-8.68461
-7.76329
-6.50594
-4.28215
-12.8097
-16.1606
-13.1502
-12.6093
-17.1505
-10.3892
-11.7342
-5.3126
-7.16214
-10.654
-12.4287
-9.54641
-5.21662
-10.2384
-16.9936
-14.151
-7.58853
-10.2283
-8.68216
-2.73342
-7.46028
-12.5763
-10.8724
-7.5599
-6.89462
-13.6125
-6.68107
-2.43956
-7.62101
-4.47057
-5.54942
-10.2184
-6.97875
-7.61263
-6.33641
-11.1139
-15.7654
-7.34288
-10.1072
-14.0466
-17.6904
-15.1154
-10.6225
-8.7524
-6.3902
-16.1187
-10.9636
-13.0365
-17.4977
-18.1617
-20.2148
-20.3288
-16.8944
-15.5129
-20.4652
-22.2834
-23.7136
-24.0318
-22.7586
-20.0918
-16.4522
-1.07962
-18.4952
-25.9322
-23.9552
-24.6519
-23.9769
-24.5894
-20.6706
-23.4639
-26.6423
-21.1295
-29.1929
-31.8325
-9.4059
-10.3233
-22.8452
-23.2531
-23.0393
-22.2047
-17.4472
-23.1433
-22.6322
-31.0857
-35.7406
-35.3947
-36.5927
-26.9805
-17.585
-17.746
-18.0294
-30.6046
-39.0215
-20.4932
-32.7914
-34.8005
-27.6347
-28.7207
-18.6657
-27.6201
-16.5703
-21.8715
-16.5688
-16.6514
-15.5209
-14.512
-14.9325
-10.4524
-13.1505
-13.485
-10.0272
-8.74252
-8.0071
-13.2764
-12.1732
-11.8551
-21.4824
-18.6121
-26.8688
-21.7419
-23.2249
-15.4159
-18.1788
-24.5759
-22.8563
-15.996
-21.3681
-21.5939
-17.547
-24.6722
-26.7351
-32.4579
-24.7664
-34.254
-14.2367
-24.9324
-29.1674
-11.8359
-20.5942
-17.4784
-23.434
-19.9756
-23.4359
-22.884
-3.45846
-9.11328
-15.3481
-10.0518
-6.33095
-5.80285
-3.41151
-8.36684
-3.96785
-0.962721
0.709312
-17.7234
-22.6973
-20.2426
-26.9682
-34.2145
-30.1657
-46.7103
-38.4692
-32.408
-26.8843
-31.1103
-15.9606
-8.0066
-13.4125
-12.4156
-11.0734
-3.45387
-9.094
-6.43902
-7.07816
-8.29939
-12.8716
-13.4465
-12.4468
-13.0868
-16.6228
-9.39925
-6.78003
-9.05764
-10.0009
-9.12355
-10.7448
-13.2589
-15.972
-14.7322
-21.5153
-14.6085
-16.3925
-16.6743
-15.0354
-25.8408
-28.6231
-28.7739
-25.9361
-18.6268
-12.8442
-14.6794
-5.01944
-11.9888
-29.3689
