-118.213
-78.0217
-77.2289
-78.3857
-81.9907
-77.4501
-85.6744
-78.9301
-82.654
-84.3898
-87.4021
-94.1699
-90.5423
-101.38
-93.779
-98.6165
-108.661
-106.508
-111.537
-106.586
-104.85
-104.885
-106.888
-90.3927
-97.9132
-99.3899
-125.41
-129.611
-138.887
-137.368
-139.553
-136.037
-131.313
-132.376
-139.92
-138.02
-122.132
-93.7639
-99.3722
-107.059
-101.082
-99.3803
-100.731
-94.4348
-106.647
-111.036
-108.602
-88.4576
-98.8061
-92.2158
-83.9595
-96.037
-96.8744
-92.2086
-93.7259
-103.837
-101.918
-105.182
-108.399
-118.94
-96.3577
-116.073
-102.011
-99.4984
-99.6164
-100.437
-89.3279
-81.2212
-86.373
-91.2927
-88.5784
-95.2839
-78.8935
-96.5025
-91.8352
-91.8456
-88.9718
-85.5348
-94.5571
-99.872
-86.7835
-80.4823
-78.1597
-90.1722
-88.0207
-88.6294
-86.492
-99.0824
-93.4185
-101.128
-104.234
-105.236
-100.018
-107.122
-92.7738
-96.3896
-94.0807
-86.6932
-91.5667
-95.4521
-85.8275
-80.4127
-80.6081
-87.3027
-86.3659
-81.7549
-63.1386
-60.7628
-66.0409
-71.4427
-68.3694
-71.4862
-71.8944
-93.5444
-112.509
-121.536
-120.456
-113.621
-126.476
-136.152
-139.162
-138.465
-132.422
-134.849
-118.532
-114.096
-114.325
-115.31
-123.925
-123.893
-113.659
-107.177
-123.018
-130.635
-125.062
-137.459
-134.529
-144.739
-139.273
-138.502
-137.987
-137.436
-151.161
-140.261
-162.004
-149.762
-143.699
-144.081
-136.692
-138.516
-141.408
-132.615
-127.674
-129.293
-125.982
-120.195
-124.734
-135.504
-135.291
-129.309
-125.974
-127.731
-126.569
-116.393
-123.42
-122.944
-128.518
-117.06
-125.594
-122.687
-115.71
-111.247
-118.453
-111.394
-125.631
-113.061
-118.942
-124.949
-107.757
-110.138
-110.067
-116.298
-104.372
-107.015
-118.417
-138.706
-125.288
-113.728
-111.023
-119.072
-124.116
-128.535
-112.273
-125.479
-122.866
-119.32
-125.149
-121.432
-125.908
-118.336
-117.483
-113.182
-111.788
-119.094
-113.982
-112.277
-118.427
-120.908
-108.949
-107.657
-110.907
-105.368
-114.628
-130.599
-125.133
-124.666
-118.681
-111.619
-122.71
-119.031
-115.963
-126.361
-109.741
-104.984
-107.389
-112.244
-128.783
-107.509
-112.901
-117.835
-118.178
-110.407
-119.707
-104.48
-104.648
-118.801
-110.015
-104.302
-118.512
-121.914
-110.542
-78.5148
-79.3921
-76.2268
-86.051
-77.6305
-86.2575
-79.6424
-89.7659
-78.2793
-92.8329
-90.6834
-94.9758
-97.6629
-95.7314
-93.8001
-102.87
-104.072
-107.497
-105.176
-102.668
-109.694
-107.307
-83.6839
-102.36
-101.342
-126.855
-132.792
-142.484
-142.216
-139.209
-128.518
-124.296
-124.628
-135.6
-136.355
-118.53
-97.29
-103.91
-101.455
-102.879
-97.1643
-97.2702
-91.813
-110.498
-112.991
-95.2883
-99.5579
-97.5709
-91.7174
-84.4276
-99.0829
-100.391
-92.4394
-96.4385
-105.307
-91.86
-113.354
-105.574
-114.426
-98.8032
-112.175
-103.934
-91.7137
-105.148
-95.6519
-86.6467
-87.0735
-85.602
-87.9062
-93.914
-86.687
-81.1373
-89.5277
-88.4886
-84.1818
-95.8215
-81.0129
-93.5804
-100.496
-83.6503
-82.5078
-78.5518
-91.215
-90.7742
-85.0273
-88.3608
-97.2407
-90.9987
-100.32
-108.902
-103.004
-99.7544
-105.92
-89.4693
-97.2322
-93.6721
-82.818
-94.2552
-94.9117
-87.5405
-80.8117
-80.4805
-90.0631
-87.5864
-74.9432
-71.3111
-65.8422
-72.9215
-76.4015
-69.5459
-72.7283
-74.3438
-99.1271
-119.23
-124.999
-128.79
-119.82
-138.606
-141.947
-137.002
-140.975
-133.88
-125.601
-114.045
-114.852
-127.752
-124.289
-125.058
-123.756
-111.359
-112.549
-130.906
-124.798
-134.848
-136.829
-139.781
-141.051
-142.216
-140.807
-142.667
-135.739
-151.367
-129.272
-165.169
-139.964
-146.664
-139.634
-136.33
-142.93
-142.354
-134.523
-131.143
-131.843
-124.275
-117.436
-127.822
-141.117
-132.07
-130.847
-132.099
-125.63
-127.595
-118.194
-122.887
-127.08
-125.262
-113.5
-127.876
-119.782
-104.904
-108.994
-119.482
-113.645
-122.424
-120.092
-120.653
-123.342
-114.118
-101.296
-105.601
-112.722
-107.849
-109.575
-122.251
-140.787
-122.965
-110.736
-108.795
-114.787
-133.01
-121.987
-118.996
-122.195
-122.134
-118.412
-118.617
-122.863
-125.417
-113.05
-118.827
-110.442
-106.846
-122.413
-113.953
-110.446
-118.951
-121.307
-109.941
-100.962
-109.614
-115.118
-117.56
-128.244
-123.165
-121.585
-112.499
-112.672
-119.516
-120.233
-116.539
-117.476
-118.881
-101.931
-107.976
-116.312
-125.48
-111.536
-117.422
-116.664
-117.981
-112.487
-118.952
-101.201
-100.121
-116.853
-111.062
-104.64
-115.411
-125.199
-94.8707
-75.6456
-80.3607
-76.2497
-80.8606
-76.6034
-84.5152
-78.3721
-92.0705
-76.318
-97.2786
-87.8225
-92.5528
-94.5132
-101.498
-97.966
-107.53
-104.029
-108.981
-98.7723
-98.5154
-103.85
-90.5269
-78.8799
-106.577
-113.655
-125.443
-134.351
-141.951
-140.629
-146.843
-131.036
-131.828
-130.269
-134.441
-133.062
-108.735
-95.6206
-109.216
-100.107
-109.28
-102.358
-90.3441
-100.181
-106.299
-117.438
-92.6547
-106.202
-97.3974
-85.1089
-84.5899
-99.0123
-99.9916
-85.2723
-102.264
-109.367
-81.3494
-109.535
