-23.0087
-18.042
-32.6589
-40.7422
-41.4023
-34.7405
-39.0375
-39.5133
-43.8492
-54.4014
-39.911
-46.9291
-47.3685
-44.7964
-38.8009
-47.616
-44.2418
-55.9933
-61.4433
-56.7629
-44.9825
-49.7509
-46.791
-45.1077
-48.5156
-42.4784
-47.7605
-37.9916
-38.9639
-39.5947
-24.389
-22.8812
-10.639
-4.87076
6.30775
3.56109
1.70254
-10.9174
2.22526
4.11419
8.44418
-12.2461
-15.376
-3.61675
-5.60194
-7.54471
-32.4806
-44.9555
-39.0978
-18.9713
-25.0466
-18.4501
-27.8493
-22.1535
-19.9339
-19.3808
-5.13281
-12.7545
-14.1052
-12.7892
-10.4342
-14.2809
-14.882
-13.6177
-1.65913
5.08085
9.58207
11.9309
10.5579
8.79651
0.527776
1.08266
-3.08561
-5.44695
-14.8094
-16.4925
-17.2337
-9.8758
-13.3528
-14.2078
-19.5369
-18.6679
-18.9019
-14.8732
-16.6174
-8.8393
-7.75223
-13.6288
-8.37899
-12.7733
-23.1634
-11.9726
-15.0378
-4.32397
-5.12602
-22.2653
-23.3103
-31.1709
-15.7884
-8.63518
-23.8767
-56.1954
-53.8825
-15.5641
-28.2721
-34.084
-35.971
-43.2188
-42.9224
-46.0421
-39.3452
-40.2954
-34.9886
-32.572
-35.6615
-25.4377
-29.9011
-39.8186
-37.7632
-34.4575
-30.6121
-36.8752
-38.1331
-31.5888
-38.3903
-36.3615
-39.157
-45.9286
-37.7592
-43.219
-39.07
-43.1991
-41.462
-48.8189
-44.2786
-41.1157
-38.7099
-36.0672
-36.6978
-25.2839
-39.0798
-42.8243
-46.7574
-42.6131
-42.9969
-44.237
-49.6827
-37.117
-35.8561
-36.4469
-30.6999
-37.7096
-43.4068
-45.8222
-51.6165
-46.7602
-44.8517
-48.0815
-44.3852
-38.1689
-39.0048
-38.7115
-36.5941
-41.8538
-38.1775
-42.3301
-46.8413
-43.9766
-37.0457
-34.7369
-39.4333
-33.6862
-34.733
-29.1844
-34.9532
-30.9163
-31.9436
-30.7556
-30.3817
-29.6226
-25.1447
-23.2309
-19.0016
-21.3174
-26.444
-33.8957
-23.6955
-18.3143
-24.9363
-27.4323
-23.2095
-14.687
-28.9807
-19.7302
-14.118
3.94867
-12.9397
1.19383
-9.87651
4.71822
-6.2168
-5.24062
2.35662
-2.36139
5.7447
-6.27218
-4.16391
-16.2505
-2.64939
-5.47163
7.21722
6.22404
-8.44804
-4.75761
-7.29669
-16.6875
-17.2947
-4.7392
-10.8998
-5.93948
-7.75303
-5.69965
-1.66619
-7.5343
-9.63596
-20.955
-9.20323
-6.11083
-6.48879
-10.0193
-9.55494
-14.5607
-12.1297
-1.37052
-10.1738
-5.94045
-13.1187
-12.0574
-14.5281
-16.4602
-12.7324
-8.86069
-5.04011
-10.489
-14.6842
-12.5691
-15.8765
-12.9713
-6.69719
-7.73106
-10.3084
-10.6452
-3.32791
-13.404
-13.5892
-22.7416
-23.2379
-22.7861
-25.9247
-23.5762
-32.7074
-28.5946
-28.6439
-25.8386
-19.7058
-21.0745
-20.3938
-16.9717
-18.4304
-19.5037
-18.2046
-17.1462
-8.10296
-19.9054
-20.7331
-11.5633
-5.21774
-15.188
-16.4646
-19.9455
-19.0424
-27.5161
-31.9352
-19.9235
-19.9877
-21.076
-28.4445
-29.7563
-30.0507
-25.9142
-24.9862
-24.9674
-20.8414
-24.2262
-22.6176
-11.5636
-8.81138
-13.9415
-8.63606
-15.7672
-13.9074
-17.0032
-15.4507
-16.4633
-10.9245
-7.01725
-8.19641
-6.32223
-14.2077
-9.03974
-15.9184
-21.3665
-24.7517
-12.457
-19.5396
-26.1149
-29.1051
-23.3696
-22.0467
-13.1217
-23.1874
-22.5499
-12.5492
-10.7496
-17.7891
-14.2468
-5.39035
-10.2458
-16.3453
-13.6715
-18.1758
-17.6338
-6.41731
-18.4597
-19.4902
-12.943
-15.2951
-20.0726
-13.6652
-21.168
-21.0232
-14.184
-14.6154
-17.1873
-11.1504
-13.4948
-18.1513
-19.2006
-22.227
-11.5615
-16.1011
-14.4871
-11.4552
-19.2822
-21.7848
-19.031
-22.6292
-28.3115
-28.4133
-20.0276
-25.8651
-20.2535
-11.5991
-6.55942
-15.1971
-17.1338
-9.82372
-8.88168
-16.8601
-24.3881
-22.5235
-30.6949
-35.0738
-21.0637
-20.6395
-24.2936
-25.2802
-13.7345
-19.2691
-17.1575
-11.9036
-11.1593
-21.2284
-22.0038
-15.5668
-20.3018
-31.6535
-24.6598
-21.6294
-26.6271
-34.9573
-31.9703
-27.8311
-28.74
-25.2784
