-214.263
-222.02
-232.232
-232.905
-246.764
-249.754
-238.178
-248.993
-254.095
-249.829
-274.737
-279.967
-323.582
-345.804
-377.505
-377.287
-397.098
-395.023
-408.351
-411.617
-107.541
-89.5042
-137.054
-187.202
-168.449
-150.556
-122.542
-145.121
-154.051
-159.328
-157.05
-143.674
-148.819
-139.673
-163.384
-156.92
-163.681
-190.992
-234.674
-238.023
-222.96
-243.667
-234.623
-270.237
-284.267
-282.167
-285.393
-333.066
-318.659
-323.386
-305.523
-322.304
-323.585
-333.002
-330.271
-259.661
-211.007
-227.111
-168.343
-152.493
-187.34
-202.235
-174.596
-167.675
-176.235
-167.118
-166.246
-187.767
-160.652
-173.271
-174.323
-147.552
-157.319
-134.026
-148.888
-153.135
-160.548
-146.142
-119.055
-147.165
-146.727
-141.628
-143.51
-126.482
-115.604
-111.118
-109.618
-114.73
-101.782
-92.2152
-93.142
-94.5474
-98.764
-106.125
-94.1363
-87.5295
-99.378
-94.7441
-102.271
-96.5012
-100.276
-106.7
-103.137
-113.691
-122.635
-118.046
-132.919
-168.495
-176.464
-172.565
-171.354
-179.384
-164.923
-111.912
-95.708
-94.8459
-92.7755
-97.3185
-111.496
-107.955
-103.703
-109.085
-115.087
-102.965
-96.585
-89.0323
-73.2281
-81.0888
-97.0469
-104.297
-84.3666
-82.2303
-95.9805
-104.28
-116.119
-120.471
-113.062
-118.111
-112.423
-124.935
-144.462
-161.869
-182.977
-199.398
-196.096
-233.055
-263.391
-272.848
-311.336
-311.475
-327.873
-349.335
-339.846
-355.39
-382.745
-363.576
-377.092
-381.15
-403.868
-391.4
-394.054
-395.546
-409.644
-397.289
-398.174
-400.28
-401.163
-397.441
-390.077
-389.015
-397.614
-380.195
-383.831
-399.846
-387.52
-394.459
-388.972
-388.906
-409.241
-402.03
-401.226
-388.892
-410.975
-404.204
-387.492
-376.218
-397.153
-396.61
-403.989
-415.738
-385.836
-383.923
-400.94
-393.355
-399.888
-400.029
-400.054
-417.66
-407.029
-403.721
-400.009
-423.263
-422.537
-405.643
-416.204
-424.043
-413.939
-412.767
-416.437
-405.537
-403.089
-408.593
-410.491
-395.825
-392.748
-398.616
-400.625
-398.443
-396.623
-396.489
-382.409
-382.787
-394.314
-397.406
-402.116
-392.966
-398.337
-405.382
-383.741
-400.429
-401.018
-394.893
-386.65
-398.231
-406.887
-390.842
-401.401
-404.894
-405.439
-370.878
-203.315
-224.191
-231.79
-227.324
-242.025
-244.966
-234.882
-252.135
-262.813
-256.678
-272.118
-289.616
-331.245
-348.888
-375.336
-379.824
-401.314
-396.127
-416.277
-397.809
-76.4608
-101.872
-150.968
-188.865
-167.361
-153.383
-120.194
-137.794
-145.786
-147.326
-151.902
-142.912
-148.942
-148.314
-175.206
-160.786
-167.093
-197.532
-233.203
-230.51
-233.442
-252.194
-245.05
-266.575
-277.285
-275.821
-302.168
-331.521
-312.482
-318.366
-306.055
-327.023
-330.174
-340.885
-329.323
-229.139
-225.139
-212.867
-175.951
-153.19
-188.827
-198.004
-160.067
-173.671
-167.521
-165.776
-180.874
-181.268
-164.667
-176.293
-166.193
-151.176
-152.301
-138.853
-147.187
-150.867
-150.549
-142.844
-124.982
-140.96
-127.299
-132.343
-130.8
-114.59
-108.572
-100.412
-102.166
-107.018
-90.2735
-84.9717
-89.1155
-89.3299
-95.5885
-101.242
-84.2023
-84.223
-93.873
-90.0746
-91.3997
-87.1903
-90.9722
-93.8541
-90.0048
-102.269
-115.918
-98.2258
-128.383
-169.226
-171.046
-157.456
-164.073
-170.247
-145.521
-98.5607
-84.7422
-74.9192
-78.7576
-85.43
-98.4709
-106.734
-98.1608
-117.77
-105.981
-93.0462
-88.7709
-70.2036
-74.8711
-80.6227
-91.3453
-78.768
-62.8397
-68.5169
-87.7884
-97.0807
-111.555
-116.989
-103.683
-106.721
-102.478
-116.666
-136.688
-173.215
-181.629
-205.416
-187.967
-250.994
-273.562
-283.357
-310.397
-313.145
-332.831
-354.856
-342.765
-361.356
-378.719
-363.7
-375.334
-387.018
-397.627
-385.976
-399.452
-398.028
-409.156
-391.969
-399.651
-397.794
-398.477
-400.041
-386.64
-381.416
-396.117
-386.338
-387.17
-394.968
-387.109
-395.254
-387.849
-386.511
-402.735
-408.613
-397.343
-382.236
-412.116
-399.439
-389.795
-380.98
-400.169
-404.075
-403.197
-414.001
-385.152
-395.161
-399.63
-393.88
-402.768
-407.829
-404.825
-420.11
-409.945
-412.369
-402.024
-421.53
-416.785
-416.254
-416.948
-418.503
-420.35
-411.007
-415.485
-401.048
-405.204
-411.95
-402.326
-398.356
-393.383
-401.733
-399.537
-385.734
-401.587
-393.976
-381.134
-384.301
-393.204
-398.941
-399.199
-396.356
-393.835
-401.678
-384.679
-396.898
-404.335
-389.013
-386.29
-396.852
-406.304
-392.199
-400.839
-413.505
-402.748
-281.236
-220.596
-237.233
-242.713
-233.66
-245.849
-237.891
-238.045
-255.091
-261.643
-266.605
-270.895
-303.003
-336.493
-356.022
-374.249
-380.351
-392.34
-391.944
-419.849
-294.901
-69.3483
-122.098
-172.969
-184.796
-160.572
-159.898
-133.369
-144.261
-147.116
-139.319
-139.9
-141.565
-142.739
-150.048
-177.259
-168.005
-177.467
-211.736
-230.289
-215.305
-238.03
-252.221
-266.026
-268
-275.283
-272.362
-306.409
-331.877
-314.934
-312.931
-311.27
-325.732
-325.869
-344.855
-313.659
-208.572
-235.243
-197.926
