-169.211
-120.215
-137.705
-135.75
-118.514
-119.345
-115.224
-104.169
-105.678
-104.572
-115.328
-112.485
-109.629
-110.387
-106.93
-109.959
-124.912
-124.442
-127.239
-134.698
-124.579
-125.461
-133.592
-130.344
-139.992
-135.925
-144.753
-141.064
-141.099
-144.947
-146.087
-145.749
-138.717
-130.356
-123.298
-186.468
-187.162
-159.498
-113.946
-120.242
-115.009
-117.16
-127.949
-122.945
-123.997
-114.895
-186.824
-153.185
-103.295
-118.572
-157.376
-234.396
-287.606
-261.793
-205.879
-148.464
-128.851
-114.361
-112.355
-104.746
-107.197
-111.223
-125.231
-137.918
-146.376
-147.39
-161.843
-167.522
-169.256
-175.924
-175.336
-186.482
-172.072
-160.761
-153.974
-170.242
-164.27
-182.27
-192.414
-185.947
-182.74
-183.436
-177.619
-169.198
-169.277
-161.356
-174.496
-156.315
-141.435
-137.309
-115.021
-78.2877
-76.4943
-84.7048
-85.5096
-91.0492
-90.2494
-87.4995
-90.3631
-130.911
-101.962
-129.916
-149.841
-171.857
-143.674
-164.064
-188.268
-192.035
-193.131
-207.592
-196.968
-192.217
-181.84
-181.157
-177.223
-168.346
-164.09
-167.703
-167.742
-165.301
-163.527
-164.479
-168.753
-156.787
-165.059
-155.634
-167.592
-162.714
-160.755
-159.36
-160.555
-159.798
-158.766
-156.785
-156.701
-158.335
-151.875
-154.159
-153.676
-152.255
-157.713
-161.043
-159.226
-164.275
-160.484
-161.533
-167.183
-160.844
-159.697
-168.559
-173.271
-173.936
-173.433
-169.161
-169.247
-165.968
-163.556
-162.729
-168.88
-158.92
-152.781
-156.057
-156.74
-161.474
-161.027
-161.574
-157.036
-148.317
-154.298
-139.951
-143.443
-139.104
-142.778
-147.494
-140.828
-145.001
-144.336
-145.7
-150.712
-143.889
-156.351
-141.798
-141.225
-151.194
-151.418
-146.841
-138.781
-137.282
-146.14
-156.408
-158.367
-153.981
-166.594
-164.096
-159.301
-150.314
-154.788
-155.582
-151.739
-150.528
-148.14
-154.085
-141.352
-149.118
-140
-157.337
-143.86
-145.082
-147.172
-150.783
-146.676
-148.71
-141.701
-139.084
-142.172
-111.099
-129.863
-135.255
-130.251
-140.123
-138.87
-145.09
-158.452
-148.81
-149.29
-174.92
-168.805
-153.345
-138.887
-141.668
-145.187
-168.589
-161.72
-163.497
-151.274
-146.917
-150.487
-150.32
-150.421
-157.477
-154.476
-168.423
-185.901
-187.28
-172.334
-171.44
-162.603
-148.083
-153.81
-162.205
-170.182
-174.934
-181.345
-169.645
-171.927
-178.977
-165.519
-173.48
-169.553
-164.635
-162.594
-176.479
-173.339
-165.268
-165.793
-169.286
-183.545
-154.083
-151.691
-152.491
-155.116
-171.867
-169.266
-146.393
-144.557
-145.881
-121.948
-146.773
-142.469
-135.44
-140.217
-126.825
-117.216
-126.986
-126.888
-130.308
-130.447
-126.921
-131.106
-140.801
-132.014
-136.875
-140.704
-137.296
-142.907
-143.709
-145.643
-148.636
-143.734
-145.733
-146.855
-150.456
-146.587
-150.796
-161.756
-166.301
-171.573
-169.956
-175.702
-176.588
-172.64
-178.193
-178.863
-173.682
-174.797
-182.605
-181.702
-179.582
-179.34
-180.13
-182.638
-183.995
-191.32
-189.752
-188.467
-190.277
-191.266
-200.303
-188.845
-190.384
-191.203
-188.365
-184.241
-183.031
-195.88
-191.443
-196.255
-197.198
-192.729
-186.879
-189.855
-190.254
-192.14
-193.254
-181.436
-189.261
-188.159
-182.484
-177.298
-190.868
-187.656
-189.703
-191.091
-195.772
-186.386
-184.532
-189.903
-178.386
-186.726
-178.106
-184.909
-182.112
-192.148
-191.601
-186.848
-184.263
-185.817
-183.785
-184.74
-180.189
-184.321
-190.272
-186.529
-183.729
-185.577
-184.988
-188.823
-188.407
-188.203
-184.242
-189.062
-183.061
-188.013
-186.046
-188.794
-191.174
-183.428
-190.53
-196.194
-197.515
-198.132
-198.107
-208.208
-208.764
-166.543
