-26.66
-26.7186
-27.6553
-29.7263
-27.0998
-27.6171
-19.5459
-31.5696
-37.8664
-25.9691
-25.2653
-26.0724
-39.1627
-31.13
-36.1713
-25.1514
-39.673
-35.5911
-36.266
-35.6287
-26.8084
-24.3503
-22.9288
-28.9244
-18.8131
-25.5461
-33.7454
-30.1865
-35.3089
-32.2198
-34.3302
-26.1092
-27.8902
-29.7371
-13.7889
-23.2829
-21.3239
-33.3352
-27.0228
-29.8811
-28.7473
-25.0777
-29.8816
-13.0033
-28.7611
-31.2177
-20.881
-23.3575
-28.5999
-22.2596
-23.2474
-10.9091
-24.9684
-21.8943
-18.6063
-18.2529
-15.0762
-26.1488
-26.9674
-18.7606
-28.0832
-19.8601
-24.2332
-26.677
-17.0533
-20.7944
-10.0172
-12.7255
-6.45817
-2.94685
-30.9656
-34.312
-28.892
-17.9452
-18.754
-16.0277
-9.74196
-15.5413
-22.9824
-22.6035
-19.1636
-12.2672
-6.28925
-5.8311
-8.30541
-13.4456
-20.4814
-20.1885
-19.901
-18.7723
-17.2871
-16.0873
-17.2713
-17.2528
-16.3711
-15.9639
-16.0229
-20.0868
-23.8007
-26.5462
-24.7924
-23.7324
-22.4048
-21.5814
-19.7557
-23.0344
-15.3402
-15.087
-18.5894
-21.1523
-20.1008
-22.8076
-31.8791
-22.1821
-19.5837
-20.0324
-15.8108
-17.5046
-19.8608
-16.9916
-21.8262
-25.4625
-22.4724
-16.4587
-15.0474
-16.9567
-15.3956
-17.1742
-22.8572
-27.9644
-38.2011
-38.6526
-42.0453
-40.4416
-32.4641
-37.9307
-31.7845
-35.104
-40.2364
-32.5224
-33.2579
-30.8046
-25.1535
-36.9066
-38.1294
-42.9348
-36.17
-37.9656
-37.6544
-37.3436
-35.5803
-36.8866
-42.2368
-48.969
-47.0478
-53.961
-50.6679
-48.2688
-24.0965
-32.7555
-32.4555
-33.7232
-34.1363
-32.2984
-33.209
-35.0275
-27.6494
-23.9918
-26.4514
-24.1187
-28.263
-24.6852
-14.703
-12.3319
-16.0569
-17.9382
-25.185
-19.5356
-19.0955
-14.8832
-15.7143
-14.6948
-17.2587
-15.9576
-12.8045
-15.293
-18.3204
-22.5051
-24.8802
-28.4572
-27.5968
-23.6412
-29.7082
-26.8266
-20.8421
-18.6744
-20.9276
-24.3896
-26.989
-27.7272
-25.3479
-26.4158
-30.7175
-27.9442
-28.0694
-31.1139
-27.9759
-26.3969
-25.148
-16.7897
-23.3477
-33.0691
-30.0551
-30.692
-35.8014
-32.2951
-33.789
-31.1966
-29.8001
-39.6809
-21.8058
-24.4352
-33.4139
-33.9161
-32.1933
-31.4832
-31.9663
-34.842
-32.0478
-35.8949
-31.7081
-35.7592
-36.3482
-37.4519
-34.3762
-20.7096
-30.4684
-31.3419
-30.4614
-31.6252
-44.2568
-35.5452
-41.3444
-33.8215
-30.6955
-23.9588
-24.8266
-32.2406
-31.4935
-28.6643
-28.6389
-33.3468
-31.3158
-29.2185
-27.4232
-29.5609
-29.0325
-28.3274
-31.2068
-29.8472
-33.3311
-31.715
-30.6255
-29.1129
-33.3352
-27.7712
-33.8791
-32.2784
-32.5388
-36.7727
-31.6046
-27.966
-26.1667
-29.9505
-32.9844
-23.4819
-33.3214
-35.3149
-31.0069
-26.4029
-44.8148
-41.847
-41.0729
-46.4023
-52.0308
-47.6173
-52.4728
-51.1567
-48.4193
-45.3045
-34.7311
-28.8545
-23.6134
-24.5233
-17.1227
-20.1935
-21.9027
-22.5907
-23.3926
-21.5984
-24.6505
-20.3878
-17.161
-13.9698
-17.7387
-22.5403
-12.4079
-17.0778
-19.9345
-20.2707
-23.7823
-27.4574
-23.284
-26.3397
-33.5846
-41.3251
-38.6409
-29.5952
-36.7592
-35.2944
-36.7599
-31.1858
-36.5573
-29.0028
-16.1093
-21.3347
-19.6464
-28.4514
-33.0159
-25.6983
-32.6224
-24.5691
-32.4719
-40.7828
-50.0838
-42.8728
-40.1021
-45.2714
-38.9417
-40.7894
-42.5006
-38.8028
-45.3321
-43.6436
-47.2242
-47.2086
-51.9276
-41.7494
-45.1395
-41.3521
-41.5639
-40.4911
-36.143
-34.5655
-44.5503
-41.4784
-44.9769
-40.4805
-40.8145
-43.6003
-48.0402
-42.906
-44.7461
-45.1515
-42.8091
-39.5125
-19.0763
-36.4179
-41.7733
-50.6125
-43.7582
-45.825
-43.9941
-52.6411
-54.6924
-48.6376
-40.7119
-37.3415
-33.5506
-35.1926
-31.8459
-30.862
-30.1189
-32.8063
-36.8031
-34.4026
-35.3482
-35.4021
-44.9436
-41.8306
-39.1955
-41.0794
-34.0702
-41.6665
-38.7367
-44.4075
-40.6269
-39.6447
-39.6858
-37.7968
-37.8109
-34.753
-27.7336
-45.5855
-43.5677
-39.6182
-33.7861
-34.3044
-34.5044
-36.3194
-35.0616
-38.0979
-40.7703
-35.287
-37.7697
-39.1663
-38.0312
-33.3912
-30.8607
-50.3032
-33.7963
-29.0603
-33.2934
-36.3579
-34.1281
-31.9235
-33.3997
-33.5383
-34.554
-27.7118
-34.3877
-40.7883
-31.7199
-35.9241
-34.9449
-37.6083
-38.648
-44.3233
-37.3459
-36.1832
-31.3518
-33.4546
-33.1756
-34.7012
-34.7147
-31.6773
-37.1509
-42.8722
-38.8655
-38.2926
-41.7395
-36.6684
-38.1173
-37.7567
-38.4338
-46.5057
-43.6627
-42.0784
-36.097
-39.8113
-38.7458
-37.2772
-36.2104
-31.6395
-37.7868
-36.8894
-27.9847
-27.7944
-35.9413
-35.4965
-36.7114
-35.1642
-29.0335
-28.2519
-30.7867
-33.6888
-38.0937
-40.7688
-27.5021
-24.8651
-34.5372
-32.6973
-25.1972
-36.2221
-27.1155
-36.0691
-31.1261
-34.7937
-33.1073
-42.438
-40.2763
-47.1547
-43.568
-42.6643
-41.6385
-37.3351
-37.3034
-41.6684
-42.2255
-39.2218
-47.5057
-39.851
-43.2375
-39.1921
-41.3572
-37.955
-42.7184
-45.9432
-41.7636
-43.8406
-50.8757
-47.5283
-45.3105
-41.4301
-48.373
-40.9665
-43.5302
-47.6649
-43.3276
-44.332
-47.2993
-42.8444
-40.9799
-32.0139
-41.6709
-44.6871
-43.9927
-41.6165
-48.0452
-49.2575
-50.8724
-45.1837
-43.5831
-47.0184
-46.6448
-51.9896
-46.8374
-47.8919
-48.216
-47.2736
-46.1956
-38.5061
-36.2182
-43.3138
-42.5288
-38.0494
-44.1665
-35.6316
-49.2509
-43.7825
-38.196
-40.1873
-41.7597
-29.8456
-39.7518
-31.4374
-30.0689
-36.5924
-33.1044
-40.7931
-29.5092
-37.3711
-40.4084
-50.0047
-49.3323
-52.7547
-43.2181
-44.0181
-31.4966
-27.6006
-34.4781
-12.8697
-34.3039
-33.5486
-44.3947
-47.3027
-42.3994
-29.8486
-20.4439
-14.9031
-14.4093
-13.993
-21.5379
-20.3134
-23.7659
-18.951
-21.2374
-19.1682
-20.0842
-19.8368
-15.6478
-13.6622
-16.1556
-13.4708
-20.861
-13.5962
-18.0644
-10.6952
-14.8638
-15.4611
-18.4031
-18.0166
-18.7656
-21.4721
-23.7386
-31.1251
-33.0847
-29.9552
-27.2161
-36.8416
-34.8114
-32.3654
-23.5683
-27.0881
-31.837
-32.5162
-34.3497
-32.5523
-33.6064
-33.1302
-28.0275
-23.6421
-26.2645
-24.3894
-31.6781
-24.0053
-38.1103
-37.2648
-47.1058
-43.7318
-48.6779
-47.4514
-42.1067
-50.9387
-45.9585
-38.7908
-53.5221
-47.6747
-48.8982
-47.3713
-47.9806
-41.6585
-33.7168
-36.8777
-47.3791
-29.9358
-45.8643
-15.6393
-26.5918
-15.7578
-17.7803
-12.8426
-18.5301
-6.41341
-7.7307
-14.0125
-15.9652
-6.29509
-4.80172
-16.7597
-14.5045
-20.7641
-23.6919
-24.1796
-23.9645
-23.8457
-23.2881
-23.3161
-24.3759
-21.8581
-21.7092
-23.547
-25.2355
-25.4515
-25.4617
-23.0705
-22.7524
-23.687
-21.209
-20.0357
-19.4926
-21.0524
-16.4672
-15.0447
-19.8941
-17.7862
-26.1475
-20.3624
-16.948
-20.8917
-23.5991
-25.1799
-24.2384
-25.2681
-28.996
-29.5401
-33.1718
-26.0139
-26.3929
-28.8169
-30.2358
-28.6944
-29.4262
-32.6011
-28.8202
-29.2101
-30.7505
-19.417
-23.0867
-18.8377
-23.2795
-27.9407
-32.0062
-27.9221
-32.8238
-34.929
-31.1163
-33.8039
-33.807
-30.8627
-26.1711
-30.0512
-29.1604
-33.219
-32.9684
-31.6599
-35.114
-36.8847
-37.8385
-34.5024
-39.494
-33.8428
-32.2015
-34.7542
-36.6509
-32.9666
-34.4357
-29.6463
-31.0395
-29.2194
-28.1409
-32.0745
-31.636
-29.4978
-29.9686
-26.5608
-23.2791
-24.2715
-22.2742
-22.8383
-28.6491
-32.6984
-35.463
-41.0723
-34.2505
-54.3013
-51.9282
-51.1875
-56.6972
-52.6157
-53.7268
-53.8783
-52.1813
-52.6704
-58.5703
-51.8828
-46.3735
-54.2103
-58.4014
-52.083
-51.1928
-54.0822
-50.33
-45.4007
-44.0165
-31.7649
-27.1832
-31.515
-25.2845
-26.51
-30.4282
-32.9663
-51.5386
-46.1989
-49.9168
-44.5204
-47.2706
-58.1879
-39.4838
-55.3196
-58.2738
-56.9246
-60.1845
-55.3284
-55.9892
-60.282
-59.7308
-65.9185
-56.2698
-56.361
-44.0943
-35.029
-37.8537
-41.8203
-44.3863
-45.4801
-38.5066
-44.0426
-44.4452
-31.9286
-41.4427
-43.3599
-47.3619
-38.2504
-38.7312
-37.3182
-37.396
-32.649
-33.0214
-38.914
-37.2765
-30.0953
-37.4863
-39.2327
-39.9878
-48.2213
-39.2809
-50.3857
-48.019
-37.3566
-51.5291
-47.2871
-46.4986
-43.5189
-48.4101
-41.899
-40.3662
-41.9035
-33.2614
-36.561
-36.0896
-42.7999
-43.2469
-42.9941
-44.5071
-35.0204
-42.8669
-40.7825
-39.4575
-39.4862
-40.1825
-42.4112
-41.7461
-39.4855
-29.5035
-37.8201
-35.9451
-43.8787
-37.5322
-36.4372
-40.3918
-43.8683
-35.7294
-44.338
-40.0915
-36.3878
-44.6141
-34.8967
-38.5068
-36.3912
-30.9528
-35.1891
-33.1198
-29.0855
-39.4127
-36.4013
-34.3025
-33.0815
-35.0915
-38.8791
-30.5098
-32.0329
-37.5016
-32.5017
-27.4313
-22.0776
-27.5387
-32.0551
-35.326
-39.2639
-42.3529
-33.23
-28.3193
-33.5973
-27.321
-30.4089
-31.1686
-27.9727
-35.2123
-32.0065
-33.0328
-33.21
-34.3735
-38.9476
-34.5077
-36.2915
-34.9417
-33.0575
-23.6557
-31.3032
-25.4303
-38.3422
-33.5399
-33.3389
-29.8079
-33.6282
-33.4157
-40.5735
-37.8329
-37.0249
-36.4829
-39.8327
-38.0321
-38.0818
-33.7265
-36.2229
-35.7532
-40.2299
-42.1601
-36.1907
-31.0849
-37.0391
-41.2828
-37.1125
-31.8134
-26.7639
-35.9021
-33.806
-37.2647
-37.1588
-46.004
-37.2791
-39.199
-31.6895
-30.6526
-34.7402
-37.9174
-33.6256
-30.0238
-31.0574
-32.0582
-36.4754
-25.9569
-29.9097
-36.2231
-34.8075
-35.9579
-34.3618
-35.6451
-38.947
-41.0185
-35.7002
-29.2856
-36.1674
-30.1427
-32.4482
-34.5333
-36.2006
-30.1731
-39.5752
-39.1012
-35.6771
-35.8429
