84.3193
73.2888
92.3277
107.161
102.511
82.9999
71.0109
64.472
62.7427
71.6731
71.2201
74.7788
84.5473
84.4481
88.7164
94.861
98.8996
94.1924
94.3216
100.221
96.465
97.7699
94.4047
96.8394
100.895
89.1355
91.0601
91.8167
90.9391
93.7987
83.4948
90.5847
88.3926
82.6331
81.9334
85.2573
88.3705
85.7948
86.1469
90.7037
100.116
97.3422
100.418
93.7784
102.641
85.9713
92.3346
85.1011
67.3186
83.4212
88.8448
91.0977
85.1908
99.1324
106.148
103.183
105.916
107.029
102.423
99.9488
98.6837
96.9498
99.98
102.318
109.718
112.784
114.168
116.396
117.295
117.455
116.427
112.85
108.453
103.985
102.25
102.385
101.122
99.6894
90.3831
101.566
100.021
102.243
100.433
106.785
100.799
102.582
97.8824
97.7039
95.3886
92.0449
93.4456
88.5658
92.7337
90.9885
88.6242
91.5253
95.775
90.6941
92.6538
85.4117
106.039
98.289
97.4252
93.5387
76.0889
69.8738
83.9553
71.5474
74.0167
85.0628
81.1329
85.9522
91.6444
82.429
82.4165
86.0832
81.3737
86.514
83.2997
78.2423
78.4874
76.829
73.3903
77.1576
77.0064
76.0025
83.7645
77.919
73.844
72.0945
70.7084
78.7488
70.5333
71.5863
72.7596
72.7712
73.4986
77.1014
69.8104
68.0551
66.3549
67.4368
64.6295
68.3012
68.9863
75.4973
73.2995
71.002
71.1442
69.4758
75.601
68.353
62.7903
65.136
62.6051
62.3244
67.8018
59.8218
61.4428
64.3834
66.1787
63.2008
63.3116
69.8186
71.8608
74.8114
71.3083
67.1369
67.646
64.3463
60.6458
62.3491
71.2551
74.5104
69.2641
65.4764
62.15
60.9127
64.0829
64.3212
55.9314
68.2981
62.3263
72.441
72.2802
67.95
54.818
58.7913
68.657
58.5101
67.6039
70.2516
75.1726
75.1143
80.8474
94.3995
76.5157
81.5513
87.7877
69.609
74.3322
58.5098
72.6854
66.3642
68.8388
61.4019
83.3632
92.0363
98.7395
98.5007
96.798
98.8643
97.6484
97.6137
81.261
89.3121
77.1507
87.3417
100.618
107.793
101.394
103.728
102.622
99.9085
93.6406
92.2772
94.2876
95.0451
97.0427
95.9551
96.0158
90.0306
91.1226
93.1275
85.5788
90.7583
88.0368
87.909
87.2619
82.7626
94.3608
93.5734
95.1403
90.854
83.52
87.6213
80.835
83.0073
87.7275
74.5725
75.971
81.6923
78.3431
78.3196
76.2477
79.315
78.8136
83.0391
81.6727
80.6943
76.0798
78.9785
72.149
79.2632
76.4112
84.4854
68.544
67.591
62.8678
77.925
77.5751
89.924
82.5877
78.3615
82.8505
90.2753
74.9762
61.682
66.7335
68.7651
71.9705
77.2484
70.4268
71.6342
71.6092
71.0993
73.214
66.6722
78.9065
81.9676
76.6048
69.6847
65.1265
58.3498
57.2498
59.5887
59.6284
65.673
65.8447
65.4199
69.2893
68.5345
63.4321
61.0631
61.6866
60.7118
53.7972
48.7435
54.5288
47.309
55.539
52.0101
59.2071
64.2249
63.4169
64.3407
68.655
60.0706
67.3606
64.0186
65.6025
55.483
54.8716
60.4579
57.6763
57.1884
52.5292
52.2999
56.7115
57.2309
57.7339
61.8916
55.8902
60.2767
53.6416
59.2909
53.8792
54.3755
54.3083
61.8759
51.4511
52.5386
55.7532
56.7036
60.013
63.1461
63.7145
66.776
65.7564
57.5497
62.6641
63.3194
58.0302
60.6561
54.3802
58.065
51.441
51.1122
51.2069
50.3311
51.8798
52.5097
51.3723
45.172
53.7906
58.9823
56.516
53.2529
55.2177
57.8498
59.0136
56.552
55.2181
57.4815
58.0271
57.7446
54.0042
56.9744
62.4556
60.9992
59.468
56.6662
55.863
54.2974
58.5772
55.2321
56.3846
58.8526
60.4578
62.2481
65.0965
72.3255
65.2324
66.3909
84.6601
