-19.0748
-13.3926
-4.84258
-7.358
3.27817
-4.40985
-9.14818
-18.5762
-24.2514
-0.661455
-11.4495
-10.5858
-5.35506
-18.028
-1.69838
-2.9027
-4.06717
-13.6639
-19.1946
-29.4187
-31.9035
-26.3173
-32.3075
-32.7151
-26.0526
-23.5125
-28.2405
-24.2136
-24.3276
-26.1889
-19.8856
-22.2165
-16.135
-18.8532
-15.4725
-24.1485
-28.1501
-30.9858
-37.3847
-34.2177
-32.8311
-30.5338
-27.8211
-15.073
-19.087
-19.338
-19.6415
-22.3747
-19.874
-20.9242
-28.0827
-31.4527
-29.1928
-30.5992
-24.3279
-24.4321
-22.2688
-24.0773
-25.2581
-23.7844
-25.9869
-25.8093
-30.9891
-25.729
-28.2793
-24.1833
-16.4426
-16.8433
-12.9025
-15.4264
-16.131
-19.6879
-20.6612
-19.5136
-12.0774
-11.1963
-4.20367
-11.4028
-8.70802
-9.87619
-4.05665
-2.06829
-0.37313
-7.79074
-8.58213
-7.30964
-11.9757
-23.8498
-21.06
-21.8481
-14.7484
-12.8714
-18.2317
-21.7955
-18.1965
-15.8853
-14.1712
-20.5178
-11.9992
-32.5229
-13.7736
-13.3979
-8.91698
-14.0007
-11.0294
-33.9424
-20.7886
-25.3946
-36.5464
-27.4989
-40.3186
-38.8262
-39.3861
-25.7071
-30.7194
-40.7651
-37.9398
-42.6283
-43.7616
-38.7203
-39.3723
-40.3956
-31.3555
-18.607
-8.00021
-21.4095
-32.9448
-23.1061
-24.1644
-20.3123
-14.9827
-12.6237
-10.7385
-7.70973
-0.241032
1.26908
-0.0710337
-5.47261
-7.22579
-4.37144
-7.58659
-11.9491
-5.08443
-6.43532
-5.02332
-6.67778
-7.73495
-3.66636
-12.2325
-14.9178
-13.6228
-12.7326
-16.2544
-13.3671
-12.0752
-8.46061
-7.86304
-5.48643
-6.76121
-7.9928
-7.13808
-2.73156
-10.4125
-12.6243
-16.6007
-9.61522
-4.84317
-4.13099
-4.67579
-6.70592
-3.19759
-4.90914
-0.853975
-5.39833
-5.25631
-3.08248
-4.69838
0.253434
-7.25135
-5.07719
-6.15075
-7.22988
-4.26337
-3.80598
-9.60672
-5.74196
-8.22655
-1.37751
-7.73053
7.23795
1.17135
-5.44415
-3.98532
-4.06658
-8.53834
-6.28489
-5.4136
-6.61758
-6.33499
-3.47721
-7.58239
1.95064
-0.0685784
-1.93457
-3.25393
-9.32013
-6.35532
-10.1163
-9.69613
-1.20955
-3.49086
-6.15873
-0.255694
-3.27315
-2.03503
-4.90884
-5.68848
-2.49849
-6.14
-1.14307
1.93637
4.71979
-7.71925
-4.50698
-7.20289
-6.24938
-2.49927
-10.2467
-11.3765
-7.95647
-9.42127
-6.10578
-5.16646
-8.59771
-0.3453
-5.19722
-2.86308
-4.76721
-5.56729
0.589796
-9.48441
-3.21737
-7.12878
-8.75536
-4.71406
-4.31521
-5.74404
-5.8941
-4.71726
-0.229857
2.76516
-5.79611
-7.36726
-1.98962
1.54423
5.61026
-0.382799
2.87603
1.12868
1.47338
0.355067
-15.9014
-13.8474
-25.3872
-22.906
-19.367
-19.838
-20.695
-19.0739
-24.6506
-18.8949
-22.3807
-27.2882
-27.5827
-26.6308
-33.2269
-39.3026
-37.3665
-20.9291
-14.4949
-25.3152
-32.771
-31.6566
-32.8072
-31.7997
-33.2335
-38.0722
-28.7913
-25.4412
-6.91613
0.335556
-7.7447
-1.02296
-2.58759
-1.22058
-1.70776
-0.552931
-6.18661
-13.9998
-19.9032
-28.9351
-34.4097
-35.8344
-35.229
-35.767
-33.1426
-38.0988
-31.6729
-33.9619
-11.8532
-7.16921
-11.8842
-11.4036
-11.7694
-20.8455
-20.6261
-21.7423
-24.396
-30.5483
-29.3133
-21.033
-32.1423
-35.1706
-28.3584
-36.2802
-20.7873
-20.7309
-13.737
-12.5515
-13.5656
-17.4205
-9.96489
-9.3646
-17.1258
-32.258
-32.5471
-28.6511
-37.6745
-26.2834
-20.736
-15.5541
-12.0889
-16.9109
-16.5344
-20.2181
-19.7996
-15.8173
-19.4046
-16.4234
-18.9497
-19.3402
-15.9544
-18.5391
-14.079
-22.1605
-9.22218
-4.74198
-3.53509
-4.83722
-11.9091
-7.11465
-1.69648
-1.77063
6.23159
8.19574
6.89873
15.9458
18.6846
16.5515
14.7259
12.6805
11.4475
7.33403
11.2728
12.0519
19.5494
21.5024
12.3601
14.3148
15.4094
18.3366
9.52073
3.50915
-0.517686
9.94065
14.8524
12.8956
11.0168
15.1164
17.0381
17.9672
17.9747
12.7728
9.68917
6.65261
10.6098
11.678
14.3934
4.23162
-20.7644
-24.9107
-30.9509
-28.9539
-31.7474
-30.7445
-30.2654
-31.9585
-31.9895
-26.7756
-32.0434
-39.185
-36.8526
-30.7327
-32.3
-29.5623
-23.0182
-20.7856
-18.0612
-17.779
-13.7951
-14.1367
-13.224
-10.4279
-9.23177
-12.108
-21.9005
-37.0288
-23.5564
-17.6532
-13.9391
-3.16531
5.87847
9.12517
14.6366
-23.4259
-18.032
-33.8267
-34.3736
-33.5851
-30.4551
-25.7562
-23.7611
-29.3241
-32.6769
-36.7836
-29.9833
-24.6034
-25.6624
-23.5822
-36.7654
-36.8548
-31.853
-25.7937
-33.3618
-32.6929
-28.3452
-41.7406
-35.9466
-28.5606
-30.8631
-32.9432
-38.7406
-33.7358
-34.2301
-31.6494
-43.644
-34.9582
-47.4712
-31.7513
-32.4587
-30.4683
-36.6854
-30.3686
-26.3317
-32.5857
-25.9522
-30.689
-40.1455
-26.7592
-36.3145
-38.4445
-34.0688
-40.0488
-36.9565
-35.7128
-36.0909
-24.0311
-33.47
-32.5724
-43.3703
-39.6856
-38.9332
-36.8393
-32.3158
-46.2613
-33.0805
-36.6333
-41.1951
-39.1993
-33.4495
-32.8643
-31.3976
-32.2624
-29.3484
-35.4663
-28.436
-34.2698
-31.2649
-37.2393
-27.2309
-30.8947
-39.6514
-37.393
-47.1306
-32.4464
-30.29
-28.2403
-26.9829
-34.6103
-28.0299
-36.181
-20.8172
-25.974
-20.8308
-19.8607
-31.1687
-23.9522
-36.4108
-34.0307
-25.627
-33.2949
-26.2049
-26.1176
-31.8164
-23.4482
-28.2256
-26.8553
-23.9584
-23.244
-21.5228
-26.8255
-22.7782
-23.6235
-22.4751
-22.1794
-19.1348
-19.2823
-17.5293
-20.1733
-15.0913
-26.1352
-20.5489
-15.7845
-19.1009
-16.5306
-15.2801
-25.4904
-20.8653
-7.4048
-15.8297
-11.8346
-16.3436
-19.1252
-16.34
-5.00005
-6.57488
-14.1631
-12.7923
-12.615
-11.8957
-8.62369
2.53748
0.13816
-1.65159
-11.456
-10.426
-0.992857
-7.22191
-14.446
-26.3064
-33.0435
-39.6909
-34.8799
-25.1007
-26.7401
-22.3186
-24.6882
-31.2173
-35.6291
-32.2731
-34.5157
-32.2953
-34.7991
-34.5708
-34.5664
-36.5623
-38.5325
-35.397
-37.429
-35.9524
-42.1344
-45.5787
-44.3413
-45.1437
-48.5317
-44.8891
-52.0066
-49.0023
-45.4848
-45.2673
-48.1806
-47.3655
-50.0711
-51.1161
-57.7031
-53.123
-46.6821
-49.9909
-50.8701
-52.4243
-46.9782
-49.4289
-53.1357
-52.7044
-53.9075
-60.0177
-61.3401
-60.0878
-57.4646
-56.9835
-58.6534
-58.1935
-59.6455
-61.0024
-57.4573
-60.3203
-58.6902
-57.1758
-58.2104
-59.2768
-58.0129
-59.9111
-54.7851
-56.8952
-57.3059
-56.8274
-56.0704
-54.5476
-53.9229
-55.7711
-57.7909
-54.6288
-54.5093
-55.3201
-50.5595
-46.6469
-51.0433
-49.9872
-49.7909
-49.8343
-49.7616
-45.8625
-47.3356
-51.7725
-49.9779
-49.0086
-48.9603
-51.2902
-49.7967
-50.5041
-52.1134
-51.6101
-50.0889
-52.0602
-49.6861
-50.609
-45.5519
-43.8676
-43.9785
-46.5978
-46.1622
-47.3233
-46.1439
-42.9313
-41.0272
-39.2555
-36.7086
-38.8908
-32.5836
-38.7202
-43.7375
-17.5449
-23.1667
-21.6095
-27.8884
-32.5972
-30.3321
-30.6972
-32.0265
-31.6627
-26.9556
-29.9049
-34.7038
-38.3005
-37.2907
-50.8493
-48.0018
-55.9838
-50.6622
-49.6961
-47.3041
-40.4608
-32.1024
-31.6481
-36.9332
-37.2862
-34.0413
-27.8909
-22.6051
-19.4279
-11.0417
3.44837
4.57605
4.38644
-5.039
-7.91396
-8.34595
-7.58224
-9.14742
-10.7151
-12.6272
-13.8875
-16.8286
-14.967
-14.5532
-17.3742
-10.7086
-10.1517
-8.11872
-8.13541
-10.9017
-24.6008
-21.1678
-17.536
-22.9908
-22.7013
-26.6474
-27.1422
-29.9724
-29.1413
-27.4777
-18.4046
-17.2076
-22.1737
-14.7285
-19.3497
-16.651
-13.2188
-7.74978
-7.33537
-7.8368
-6.35842
-6.57222
-9.86279
-4.24312
-6.43865
-10.5964
-7.86692
-7.79638
-6.05919
-12.8335
-12.5424
-7.93257
-11.8238
-18.6928
-13.3639
-10.6285
-13.1855
-11.6735
-8.95101
-10.7742
-9.10042
-6.18144
-11.0574
-5.80698
-11.6715
-7.74318
-12.7049
-11.1696
-13.9574
-14.9841
-20.2959
-13.8711
-15.5607
-15.6297
-14.2093
-12.6611
-11.8095
-15.07
-14.034
-14.9118
-20.7179
-19.5281
-17.826
-21.0895
-24.0612
-22.2156
-24.6425
-26.4008
-23.5914
-23.8114
-17.2472
-15.5705
-17.2815
-14.261
-12.6822
-8.30496
-19.7457
-13.5314
-10.8967
-10.8929
-11.0163
-4.38547
-10.7566
-14.1439
-11.6041
-18.0851
-14.257
-15.0368
-16.2781
-13.5571
-11.7921
-15.1854
-15.9293
-19.0424
-20.72
-24.7425
-27.0157
-22.6711
-18.4187
-24.2748
-24.0064
-24.7681
-28.6468
-28.8378
-28.9531
-25.4967
-22.1984
-22.2897
-22.6162
-18.4812
-21.6269
-20.6946
-26.461
-21.8039
-21.3703
-24.0396
-23.3586
-22.9162
-18.6369
-24.1967
-26.6579
-22.6965
-26.2692
-28.5342
-22.9099
-22.9409
-21.0993
-17.6673
-14.7772
-12.5015
-18.7436
-15.037
-22.3634
-20.01
-15.2343
-20.4636
-18.4671
-19.5339
-20.1793
-13.6697
-14.0897
-12.3508
-16.8854
-20.9292
-19.5241
-18.2165
-11.7212
-12.6316
-11.1193
-18.0509
-20.229
-20.3917
-10.8028
-10.0794
-7.89495
-7.25404
-4.95099
-8.37045
-7.54831
-13.7888
-8.50343
-3.885
-12.5644
-11.9667
-4.00332
-4.76641
-7.15924
-6.86174
-12.1937
-12.5756
-8.46099
-6.69595
-6.36919
-4.90564
-8.07639
-0.99559
-6.70984
-4.97286
-4.94317
-4.92397
-9.09657
-10.4526
-7.35831
-5.24947
-7.19023
-17.349
-18.8715
-19.3384
-21.4997
-14.568
-23.3675
-19.6855
-14.5279
-7.36768
-3.48949
-3.09905
-2.96049
-12.0873
-15.1625
-13.2343
-19.9185
-18.1742
-15.1082
-7.56764
-2.99486
-4.52636
-1.7852
0.506185
-3.10146
-0.568212
1.80139
2.72753
-2.92821
2.142
-9.98834
-5.02424
-8.1292
-7.00166
-7.48435
-11.3522
-11.2969
-11.1847
-15.7732
-12.6942
-17.7445
-17.2102
-20.3769
-13.1066
-15.1735
-7.68003
-13.8906
-16.1117
-56.6092
-57.7194
-24.1446
-30.2472
-28.7424
-29.719
-37.3933
-36.3314
-38.5421
-34.9693
-36.5437
-33.3267
-35.5661
-37.7793
-28.6264
-30.5319
-22.7599
-24.4021
-28.4839
-30.5941
-30.2072
-28.2892
-32.6228
-30.4573
-33.9986
-28.8478
-26.9572
-26.7123
-24.8916
-24.0378
-29.3204
-32.07
-29.8649
-31.747
-27.2523
-26.4334
-29.8946
-29.867
-25.5873
-30.2132
-32.5426
-32.4809
-33.8312
-24.4946
-31.2423
-24.5546
-29.9294
-31.7355
-35.1822
-34.4687
-29.4959
-33.2651
-25.7722
-25.9842
-22.8812
-28.3629
-19.6379
-22.599
-28.7537
-27.3631
-21.4905
-24.1071
-25.3016
-27.0251
-27.7361
-37.239
-26.1707
-35.6033
-27.4819
-33.7685
-23.7151
-16.8898
-17.1798
-6.60677
-8.67107
-5.08586
-7.06589
-15.1002
-12.5277
-10.3954
-8.30196
-12.2115
-10.1961
-8.22914
-9.47643
-10.1546
-9.02433
-8.57142
-9.04606
-9.26465
-9.27473
-7.62416
-6.71145
-14.4038
-8.86989
-6.41273
-9.86755
-10.9059
-11.0021
-11.3252
-16.3053
-11.5476
-15.9187
-14.4979
-10.0408
-20.6727
-10.4887
-14.1209
-18.9121
-15.8929
-20.6739
-20.3165
-16.2756
-12.6205
-12.3281
-14.1714
-15.2572
-15.3452
-14.1186
-16.1324
-12.7722
-13.4615
-16.5809
-15.6039
-17.4225
-11.6017
-11.2168
