104.569
106.252
110.886
112.185
107.964
104.741
103.224
101.175
90.246
85.5135
86.2835
77.8363
69.6147
67.16
79.8918
79.2294
86.3604
96.0211
98.0638
101.319
106.592
109.045
114.435
124.687
120.419
120.626
115.234
115.764
114.559
107.158
100.67
95.9257
94.84
97.3825
89.7196
86.3511
78.213
77.2314
76.7782
68.5575
66.3611
62.2372
59.5595
56.456
65.2728
61.2239
63.48
65.2365
66.6049
59.6799
59.3665
59.6755
66.6118
75.7543
70.08
69.9676
70.5306
68.0277
71.5534
66.3782
67.4024
59.6735
53.7597
52.0261
54.6341
54.7002
55.4032
58.6444
58.7251
59.9196
55.431
51.8393
57.6516
67.7881
84.3046
66.874
71.1719
72.5592
68.95
62.9771
57.0058
53.9077
53.668
58.5121
64.5177
70.2086
95.3547
76.0654
74.5178
75.691
76.0353
79.6506
85.5882
84.4371
82.7608
82.7788
85.9656
81.8526
72.8386
81.8455
105.805
98.4171
99.705
93.4083
90.5473
102.262
95.7773
107.307
108.458
107.662
108.158
98.3065
95.6388
105.744
106.501
95.1224
99.4121
97.4551
82.3125
91.4924
99.7026
96.8864
101.215
96.6405
82.1349
91.828
88.1744
86.4824
75.8792
70.8379
78.1442
86.6371
86.1579
86.2874
91.3332
88.6186
93.8776
92.1248
86.4344
86.5944
87.2563
85.9133
81.9321
84.3287
90.7463
86.2635
82.5428
87.4339
85.803
81.607
81.5717
79.6726
78.877
80.0869
82.9556
82.4866
80.8518
84.9851
81.3478
84.7281
82.5082
84.5721
80.0918
82.4109
84.2739
86.332
83.7862
86.9971
86.3719
83.8501
82.917
85.2043
85.8965
82.2264
84.3203
82.1215
82.218
82.9867
83.9548
85.1908
84.3356
86.6332
83.5673
83.393
77.7089
83.5392
80.6302
83.7794
82.6554
79.1352
85.7714
81.7518
86.4032
80.0609
77.988
78.8786
82.3463
83.2847
87.1769
90.2359
94.6549
96.5877
102.493
103.561
106.659
105.842
104.349
103.391
103.083
100.223
95.9833
97.9004
99.0519
100.73
99.7774
98.121
97.3819
96.3178
100.697
99.6958
98.197
101.012
99.3466
101.845
103.652
99.0332
100.333
99.2938
97.4996
94.8484
100.877
97.6889
99.0434
97.1817
101.07
98.7373
96.1083
97.3571
101.347
103.247
99.2958
98.6008
98.7751
96.0505
101.937
102.096
101.582
100.343
102.031
100.918
102.141
97.3148
94.7071
99.8462
102.261
106.897
101.637
107.101
102.425
96.4241
101.017
89.8528
95.5293
104.108
106.409
111.074
109.041
107.673
109.815
111.132
119.631
111.857
105.768
111.444
103.682
93.0835
92.8294
90.7319
92.839
94.3397
103.76
94.0994
95.9225
95.6978
105.538
94.8835
91.458
93.2363
92.0634
90.4163
97.0323
93.5064
93.2685
88.6492
95.0107
89.984
94.1672
97.0611
102.586
110.521
112.984
115.255
113.553
115.784
113.753
113.555
108.058
104.62
86.2314
86.7232
87.1832
89.557
94.2454
98.3978
99.2445
95.7699
98.7127
101.485
103.181
107.505
111.202
102.785
104.448
99.9465
93.9283
95.686
94.3828
91.5232
90.9381
94.3833
94.6647
94.5152
97.6493
102.424
96.7385
103.219
98.572
92.3659
94.4478
92.3338
93.4226
86.534
87.934
82.7831
83.2884
84.7439
83.0385
85.0577
93.4147
85.7954
83.0074
84.4115
88.3047
93.6133
100.585
94.9877
87.7678
91.9237
90.4524
91.9294
91.9503
89.9181
91.3628
95.6119
83.8876
83.7301
85.2794
89.8275
86.8291
84.4853
81.9974
78.6851
88.7724
83.3648
84.654
88.1219
89.0583
91.9929
90.5135
88.2027
82.1216
77.6434
83.475
83.688
82.1494
84.7061
82.9014
84.0828
82.5729
82.2802
78.1598
77.3346
79.7694
85.5837
87.6813
87.7392
76.7057
77.8332
102.725
81.2477
76.6252
79.2936
74.8608
72.9345
76.0768
74.8083
80.3817
79.3307
73.2094
80.8548
83.4979
77.4807
81.6701
79.1515
84.0386
84.1754
85.0715
90.5296
88.7806
85.2175
92.6212
83.6761
90.7937
93.6674
88.7782
84.6716
85.8376
91.0397
88.9817
78.3572
69.5599
71.9079
95.8588
96.1212
105.915
101.936
97.1423
106.561
107.038
114.903
113.194
99.6761
80.7547
88.2276
94.6124
94.4876
102.001
98.8778
106.431
87.0398
99.5564
92.8734
107.967
100.797
95.3769
101.277
109.6
111.746
109.556
107.904
100.162
107.388
97.8091
108.036
113.093
112.403
99.4613
111.138
99.2955
108.492
104.817
101.252
104.914
101.948
102.177
115.048
110.988
110.659
101.159
109.163
116.474
109.056
111.282
105.196
101.588
109.31
102.007
99.8161
106.676
104.838
92.7463
89.6114
100.721
89.422
93.0564
95.2984
108.843
100.725
102.287
101.472
101.361
103.324
97.8845
91.2226
94.8937
99.8662
97.8968
103.119
91.7856
83.5103
83.0541
84.5293
79.5427
75.5573
78.6259
83.5965
91.5401
81.8522
86.7148
80.3437
80.4767
84.0457
96.0267
93.495
81.0963
83.5975
82.6806
80.4115
80.8963
81.2096
79.052
77.4306
77.1605
75.0222
75.7231
75.4434
74.6744
79.0429
78.4301
81.2694
85.9022
87.9353
90.7608
90.9411
91.9726
86.9108
83.7902
84.2962
85.2193
84.5775
81.3466
81.8776
80.4325
84.8035
78.3833
81.0369
83.3312
88.4684
76.4701
76.1471
83.1658
82.2261
80.0332
77.9537
75.1557
77.4938
74.9263
77.441
83.8857
82.126
81.6861
84.2997
68.6695
79.2811
79.7392
70.8776
79.8408
82.6152
81.8098
90.9647
83.2244
93.9935
95.045
102.274
110.781
107.523
102.559
112.425
113.205
115.257
121.966
121.818
121.347
118.136
116.959
119.334
117.132
114.175
111.845
123.016
123.539
119.213
119.675
115.983
112.688
114.64
117.292
114.398
115.224
116.156
116.64
124.469
118.624
123.104
125.574
118.467
119.901
121.77
123.415
121.54
121.777
120.931
126.938
127.243
121.512
116.212
115.205
117.192
123.774
117.541
119.067
116.539
109.311
111.125
114.434
110.367
113.689
118.207
115.973
114.949
114.053
109.905
116.139
114.966
114.744
115.973
110.889
106.367
105.96
107.227
114.121
113.508
113.059
112.869
116.81
114.368
115.255
121.154
111.29
119.022
115.385
118.609
116.476
116.157
110.139
114.359
111.333
109.995
111.71
111.153
121.698
118.568
114.932
109.844
118.327
115.416
119.693
118.628
117.268
115.4
113.336
109.847
110.938
113.33
114.524
118.348
112.859
113.427
116.942
117.093
103.661
84.0235
96.6215
93.682
102.954
101.888
105.609
101.395
98.8733
95.527
95.2279
96.2322
108.061
111.449
116.009
121.93
105.947
101.609
94.5301
90.4587
87.1537
90.5088
94.8814
96.246
93.2733
93.4195
93.6806
93.3418
94.3037
93.2525
92.0663
94.6136
90.0685
84.6055
85.7895
84.419
81.2962
90.2325
90.6479
94.6096
91.3391
93.4546
92.3964
92.0891
93.466
96.5837
95.8676
93.7657
94.5089
90.0781
93.3779
98.0517
92.631
91.9624
95.2277
101.198
100.45
102.011
103.381
100.375
107.849
100.583
104.52
106.011
105.762
104.959
103.675
100.653
103.929
103.915
103.931
101.585
102.468
105.124
101.974
102.876
103.576
102.711
106.401
106.487
102.16
101.44
100.644
100.999
98.1605
103.479
103.581
103.653
104.379
102.317
103.909
102.041
99.5128
103.321
104.96
102.32
103.919
104.356
99.2438
99.8604
97.5711
98.3667
100.878
100.603
102.555
101.706
100.567
98.4333
99.6764
99.5018
103.333
102.799
102.506
102.3
102.64
102.84
103.043
100.226
100.548
100.938
103.233
102.142
80.3649
77.5167
60.5879
58.8015
69.1258
66.5839
71.7053
70.3291
74.0828
69.9872
68.8994
78.5704
75.4439
82.4831
86.2089
88.4451
84.5793
81.4968
74.896
80.3085
78.5333
76.0264
72.7105
68.4772
67.1964
65.6463
72.8473
74.4849
75.4425
79.9128
81.6466
78.7489
80.673
75.265
74.8026
74.8419
69.0751
66.6283
62.5399
62.7962
63.242
64.3063
64.2234
70.1266
74.4957
81.4651
79.4323
82.0961
85.3337
86.6321
87.1221
82.8939
83.6557
74.1879
67.1953
64.4391
68.2232
60.2342
70.7114
69.4324
72.7298
79.0749
85.4509
82.2754
81.0302
80.397
79.8771
79.9091
73.1018
68.8157
61.9078
59.9758
57.985
59.1073
58.9202
64.2755
65.969
71.1739
65.6365
66.4111
67.9915
70.1846
69.1001
74.325
70.4327
64.1994
60.4939
63.9324
63.0811
68.1196
76.0286
81.604
88.1791
81.0904
83.7227
84.7015
84.3749
81.974
72.5798
75.1627
74.5873
62.9432
69.4331
66.8991
68.8205
62.0945
66.2988
68.8665
70.2692
69.9065
68.1757
68.1864
70.8758
68.8892
57.2248
64.0101
81.9627
101.464
96.3558
100.502
90.8334
93.3351
95.5453
98.1241
102.652
99.0347
91.2278
96.6846
95.345
99.6767
102.486
88.524
88.6371
97.401
91.4553
91.7684
87.9164
85.4972
86.8086
82.4484
81.779
80.2602
81.3816
76.7784
78.7272
72.596
77.4902
74.9811
74.8656
77.3649
79.5207
84.8552
88.1994
89.5007
89.6833
86.3122
88.6935
91.5639
93.9485
92.9899
89.2262
91.5933
99.4091
97.7387
92.7596
89.6147
92.9128
93.471
91.092
93.5095
97.4458
90.747
87.4842
91.8761
90.8122
89.5273
86.946
82.412
87.4661
82.7321
86.0964
83.641
84.4785
85.4606
85.8832
83.5856
87.1684
89.2261
84.0069
87.4885
88.7337
86.4663
85.7533
84.9653
88.9595
86.9628
88.2258
84.7668
85.5251
85.5576
85.0349
84.3179
81.929
78.2849
78.649
82.4909
82.8082
82.1568
83.1311
82.5776
82.6182
81.0524
82.7349
83.0369
83.7201
83.6703
82.1438
83.443
84.0698
83.7077
81.4401
86.5105
83.7328
86.4919
84.893
85.8811
87.3604
89.9375
83.3152
96.1232
91.7104
96.404
93.554
87.5695
93.9693
85.0729
99.3981
118.966
121.039
93.0512
102.494
98.4186
100.591
99.3631
101.467
99.4545
103.972
101.886
105.867
100.155
102.272
103.24
100.13
96.3896
100.775
99.7991
103.755
103.935
107.606
112.506
114.86
102.186
99.8121
96.2236
95.7916
98.8317
93.1209
98.4897
108.876
109.953
106.302
107.506
105.656
100.357
102.961
104.646
96.548
99.2338
97.5649
96.5163
96.0228
97.1668
94.8176
97.2624
96.7126
94.2333
95.2524
100.247
