90.8823
97.7435
84.6544
101.304
98.4678
97.5119
95.8981
106.041
100.144
98.7576
107.16
106.633
103.893
102.243
103.557
101.981
106.835
99.6816
101.99
98.1868
99.0758
83.5959
77.4889
86.2662
80.6393
81.478
91.5524
89.0348
94.3846
85.3173
89.2249
86.1287
91.5451
96.0923
84.7297
93.617
93.0214
95.4257
84.9829
89.6025
82.8234
87.0244
88.0812
87.7975
90.8758
93.9239
93.6849
93.9667
97.5033
90.689
99.7019
92.7934
95.4609
91.0802
97.6371
98.0787
90.9285
92.274
96.6578
95.2423
92.1814
93.384
97.0216
83.5775
96.6684
90.4965
81.1762
87.8618
85.1109
83.2153
93.5691
88.4732
94.4153
97.2732
95.129
94.113
97.0238
90.6222
90.3117
95.5794
98.2196
94.4381
91.4481
91.017
92.3024
92.5991
94.0704
94.6606
97.7763
96.3779
97.7212
100.406
103.044
102.074
99.5954
92.5028
97.2412
95.7338
98.3512
99.9327
100.858
99.5905
95.7324
99.3123
99.0639
97.5722
99.5617
100.355
98.7534
95.2753
101.433
104.795
97.6174
97.7163
99.536
99.8842
100.112
102.007
105.459
108.694
108.004
105.212
103.965
103.614
103.038
95.1474
93.0849
93.9686
85.3764
79.3608
78.5022
79.4584
81.9638
80.7886
81.8354
83.0079
84.8182
84.0446
73.4997
85.1612
85.6628
79.1092
79.7948
81.4445
88.8888
87.1589
87.3293
88.6735
82.1853
81.8551
80.2706
83.986
80.0179
86.4105
79.0628
87.7275
91.5003
88.9598
88.0158
99.3018
92.0955
103.821
106.772
108.622
109.898
106.727
109.727
112.991
111.02
111.713
111.939
105.543
100.895
100.299
103.959
98.2054
100.478
94.4265
101.571
96.7124
94.3482
96.2166
96.0967
93.6294
93.4878
93.5862
94.296
93.1731
89.4317
91.8713
100.164
97.2426
100.954
95.1416
92.8499
95.5327
92.2642
96.6116
100.662
99.847
96.6112
90.1436
93.5424
91.681
94.0935
94.7809
96.1297
98.9367
98.8594
99.5947
96.6856
92.811
94.7534
81.4997
71.5405
74.6947
72.9885
84.0815
96.8618
92.48
100.536
112.739
118.667
124.908
122.714
125.68
127.236
117.22
119.173
113.74
116.18
114.298
108.146
102.989
92.7031
84.8839
94.9359
96.3117
95.9824
91.9315
91.5051
89.713
90.6122
91.4272
98.4484
102.05
98.5796
99.4494
96.5319
95.6206
101.055
101.071
98.4013
96.9692
93.4048
91.1114
95.5749
93.0336
93.0962
93.8078
91.8907
94.4254
100.11
93.3266
95.024
89.5217
90.9283
87.2503
91.9626
90.3285
94.1289
92.59
89.6916
88.3353
89.3006
87.1408
90.0382
86.135
88.0769
96.2738
95.9774
92.0938
88.6265
84.4466
85.3904
84.5728
88.5027
80.6198
77.0501
74.7257
83.4871
82.551
79.7359
87.2286
88.3451
92.1834
87.9185
86.672
89.1156
93.0302
96.8554
90.8733
94.0631
91.2694
94.7645
92.6854
87.7047
87.0991
86.6019
82.8879
76.0361
67.0857
72.2204
79.0933
84.5501
89.0016
89.1247
90.7132
88.4032
85.4959
88.6736
92.1489
87.2671
79.8971
77.9468
81.2162
82.2744
80.1464
78.0443
73.5922
76.9348
84.4011
93.7753
90.1105
84.6964
81.5206
84.084
79.2497
87.0483
83.3037
83.0676
89.2695
82.8277
87.4045
79.3474
80.0439
75.6943
81.4464
80.6336
83.446
88.0619
92.652
94.7845
89.7563
86.7327
84.0388
81.2902
83.4932
86.7617
84.6795
80.0095
85.8146
96.3934
87.0403
92.2854
70.5547
96.3438
90.8639
81.7874
86.8465
92.2392
87.3222
87.9859
80.1544
82.4999
84.33
90.0597
91.5768
90.3603
86.0155
94.428
89.6509
96.9652
82.462
81.8447
83.8466
92.1232
88.7211
93.2915
85.7198
82.7548
87.8156
86.9631
92.1296
86.2421
83.5771
83.7756
75.9708
73.8657
86.6577
84.8353
79.9535
83.533
88.4172
80.1162
85.5983
79.0166
86.268
83.0216
86.1986
88.0849
86.812
89.7426
84.2282
83.5169
83.4803
70.9587
79.3308
74.6528
75.3525
84.3711
86.1977
80.3721
87.6328
82.9416
91.9626
83.0791
89.9261
86.1567
84.5996
82.9483
84.4953
84.9862
85.7582
85.7054
86.8873
86.0392
86.2841
81.9533
85.0165
85.761
80.1462
88.0733
80.1471
77.0909
84.8319
86.0214
85.6643
89.9416
85.4158
86.1627
87.5471
85.1367
87.4608
82.9024
92.5391
86.7658
85.2282
85.7312
82.8324
87.6104
85.9235
84.8132
89.5491
83.0233
84.2493
89.8787
96.0219
84.451
88.8928
83.3287
80.676
91.3499
81.1426
84.3617
84.7098
89.4795
89.4042
88.365
85.7315
93.9982
91.43
92.1099
85.8595
87.4424
90.5524
90.0697
88.868
88.6097
85.1408
86.3661
91.3757
96.9414
90.8415
84.677
91.5244
88.7593
84.8934
85.1158
89.2664
88.5801
90.5149
87.8293
85.559
87.3022
91.3037
91.1688
89.7478
87.9403
84.9294
88.0611
86.0854
87.0655
82.2727
89.3699
87.6347
88.6144
87.7816
86.2742
88.5059
85.956
86.1208
90.4824
88.9327
85.334
88.1935
88.9872
89.1416
85.3333
83.2832
84.221
84.3687
86.0103
85.0763
87.592
85.9648
85.8168
88.5322
84.2484
87.1183
89.9455
86.0288
94.9237
81.5387
84.9288
86.2907
82.0418
72.5783
80.5003
83.2375
87.0995
89.635
79.2789
97.0785
109.19
91.3845
99.6835
91.9523
91.7818
96.6949
69.3419
93.0019
95.7737
93.0873
80.2801
73.6899
98.4814
88.1171
91.1666
88.9624
95.463
92.3509
88.1516
88.4917
108.939
108.427
106.794
101.957
107.281
113.494
107.982
104.803
102.398
107.869
102.213
103.888
103.941
101.917
104.662
106.412
99.2528
111.248
108.873
114.265
106.837
109.111
103.181
106.113
104.898
106.447
109.132
106.529
114.319
114.262
114.714
112.559
99.707
91.8294
98.957
86.0018
90.4117
93.0147
93.0388
90.0198
86.1152
92.5634
94.5289
93.6774
91.0966
90.068
89.4039
96.1131
91.6818
95.6597
94.0181
95.6347
98.4111
93.7841
95.7218
95.5774
90.7108
96.3924
93.2794
87.5287
80.4985
80.4752
82.1023
84.3887
80.0675
93.994
93.2406
98.243
94.2316
95.4224
91.5957
89.677
95.0377
91.7952
99.7841
98.9841
112.786
101.629
106.916
94.279
97.8534
96.7661
98.7061
95.9083
92.6274
96.2992
100.236
97.607
89.2473
91.0673
88.2764
80.7616
80.8601
82.3412
85.4092
85.9403
87.2902
86.4143
84.1228
84.3993
87.2506
84.1462
83.2254
83.9472
82.7555
83.1498
87.3066
82.7742
81.3711
82.276
81.5816
84.6622
82.3867
85.2102
89.0908
85.5574
82.8951
87.2253
84.9402
85.1669
81.2434
85.689
79.296
78.7395
83.3003
80.4571
82.1423
81.9878
80.32
77.7249
78.2794
80.9336
77.0563
80.1165
81.1227
82.186
80.9318
86.4313
87.5265
91.2894
87.3976
88.0851
87.0871
88.0518
87.378
85.9751
87.8437
87.165
86.7044
88.8951
84.7167
80.4328
84.9068
82.5682
83.2451
85.7813
84.1996
79.3778
86.4741
83.2066
82.4781
85.3558
84.2625
86.0043
87.598
85.9442
82.9001
83.0022
84.8259
83.9986
87.5008
85.7544
84.2496
85.1605
81.3906
74.3251
76.5793
78.7704
82.5661
82.0898
93.4825
77.7996
80.8854
79.4467
81.7141
88.0838
84.6511
90.1018
93.4064
93.4811
94.4521
97.9881
87.7552
83.1008
88.1945
86.7022
90.0165
81.8439
84.2563
84.5567
76.4271
96.8986
105.956
97.2964
101.718
100.927
102.393
96.1379
95.7386
97.4314
96.981
93.9714
101.123
96.4196
97.8977
92.8874
97.1137
103.798
93.3509
93.8156
91.5927
91.4096
90.7702
94.1973
95.6822
94.6093
100.541
101.771
99.2947
91.9263
101.477
103.955
102.44
100.428
99.5997
100.802
100.546
110.732
92.6711
94.2373
99.7133
94.8618
93.5465
99.445
96.2491
95.8919
87.4406
91.7732
90.4743
96.4767
93.1105
98.3287
104.75
105.298
103.921
103.063
101.418
106.765
109.204
110.24
104.942
102.899
95.6471
98.9873
105.167
106.411
112.114
109.357
104.857
108.178
108.609
106.823
109.765
106.237
107.139
118.05
123.212
117.333
113.104
110.372
114.896
108.815
108.014
107.158
113.236
113.719
110.328
107.217
107.88
102.846
101.396
107.661
104.42
115.786
107.331
110.395
109.896
109.954
113.591
119.136
109.429
106.551
112.138
109.483
111.193
115.569
112.646
117.809
114.747
117.824
116.007
123.007
122.061
122.447
114.681
115.602
117.412
109.667
113.686
107.02
114.983
114.202
114.311
120.592
117.451
113.764
114.845
119.744
118.468
117.669
121.142
117.843
115.734
115.27
117.624
109.972
119.203
110.207
114.661
112.198
113.481
112.42
117.062
109.292
114.663
116.387
121.707
121.071
123.764
117.279
119.082
123.227
113.402
107.334
110.776
112.666
111.067
113.871
118.257
110.174
114.742
117.276
124.31
119.775
122.595
121.873
128.728
129.121
136.449
124.516
119.618
119.791
116.902
109.187
110.245
112.34
114.24
114.041
110.86
118.192
118.502
127.791
122.246
116.263
114.597
111.73
110.184
119.461
115.826
108.887
114.679
109.306
111.153
113.164
110.873
115.857
112.655
113.336
106.652
