-61.1797
-85.9096
-74.7344
-77.3514
-70.5161
-40.6992
-64.2532
-72.8735
-46.2772
-37.4783
-47.9815
-57.8713
-55.9394
-55.3188
-66.8294
-57.6407
-64.513
-66.7147
-79.4544
-79.1908
-62.6286
-72.8055
-80.9328
-70.9725
-70.7099
-71.5735
-60.8422
-54.1203
-63.8353
-68.8246
-51.9293
-65.0793
-61.0751
-82.0307
-70.1641
-78.7356
-98.3557
-84.5263
-93.7465
-92.2451
-85.4195
-77.5511
-83.4562
-86.6787
-92.2382
-81.0554
-81.316
-90.3771
-91.9055
-91.6701
-95.1474
-83.7531
-88.8916
-98.3397
-95.4269
-97.4035
-94.5955
-93.846
-101.565
-99.9991
-95.7248
-101.962
-100.439
-94.5589
-88.459
-99.3421
-105.123
-93.5692
-93.4091
-94.6761
-94.5573
-94.6987
-95.3224
-82.9941
-70.4455
-76.148
-74.7247
-77.7801
-85.6558
-89.0686
-93.9892
-85.7155
-92.4104
-87.3769
-110.094
-97.7381
-93.8103
-51.5863
-74.1294
-85.094
-109.909
-64.4558
-63.8051
-64.5445
-61.1847
-65.8041
-63.123
-71.0579
-68.094
-72.8672
-64.7795
-69.7476
-70.7916
-72.8512
-71.8474
-73.9265
-72.8068
-74.9257
-79.7121
-78.2493
-72.3459
-73.4992
-73.096
-70.2025
-64.7649
-60.085
-58.59
-58.0672
-63.0076
-57.9471
-61.6297
-66.0201
-57.1097
-61.293
-56.1748
-55.222
-56.4192
-52.4993
-56.8361
-64.5377
-75.0014
-65.3985
-64.6716
-99.0356
-139.096
-120.758
-114.575
-85.3496
-80.3252
-42.2822
-22.3828
-31.9036
-35.938
-21.6144
-30.4192
-37.1112
-52.8098
-48.4915
-66.0956
-61.94
-57.2865
-65.6101
-54.538
-55.6991
-49.5979
-56.8488
-64.8172
-71.0393
-73.0961
-69.7839
-73.8396
-70.8965
-82.3085
-78.2359
-86.7764
-69.5075
-70.7948
-68.3419
-67.4827
-70.2323
-68.0723
-74.2335
-69.2045
-74.6697
-75.7076
-69.5261
-86.0931
-77.1021
-89.1922
-78.0735
-73.9415
-85.2391
-82.0356
-81.2967
-75.7778
-80.1356
-79.0608
-81.161
-82.9345
-70.8423
-67.4533
-71.2062
-74.9155
-78.917
-83.6314
-67.4266
-75.2214
-90.1551
-82.6464
-80.1802
-80.734
-78.7213
-88.716
-78.0537
-80.9338
-89.367
-87.9046
-83.955
-86.9945
-82.1877
-81.431
-74.0158
-79.6942
-81.8538
-77.4853
-75.88
-87.2484
-79.2408
-75.7511
-78.5649
-77.0118
-84.0508
-80.2559
-84.9617
-83.1935
-84.6466
-76.6291
-77.2285
-71.4645
-67.0798
-71.8615
-63.0985
-54.1884
-63.5098
-55.3269
-83.6037
-91.736
-87.2941
-86.3652
-97.953
-100.756
-100.956
-96.0139
-99.5471
-103.764
-95.3619
-96.2309
-100.837
-105.075
-101.196
-98.6339
-99.656
-103.329
-97.66
-101.965
-99.714
-102.145
-106.975
-100.381
-98.3583
-89.2688
-85.9821
-89.7481
-84.4966
-70.6692
-80.6259
-69.8858
-26.9581
-48.3569
-37.6077
-61.3567
-71.802
-66.1165
-67.8809
-69.944
-61.8658
-54.2552
-56.2976
-57.7377
-51.7521
-57.3316
-58.8407
-61.9405
-62.6239
-73.5578
-71.1834
-65.5089
-68.9383
-66.8701
-73.6879
-69.6697
-67.2761
-68.2887
-68.6394
-65.3372
-69.3754
-71.0584
-72.8659
-64.3202
-64.4582
-66.1587
-70.3539
-66.0419
-68.3344
-68.2475
-75.8183
-76.7859
-61.1724
-67.6774
-70.5051
-70.2033
-67.9001
-70.4401
-68.2574
-72.7753
-74.5423
-70.472
-66.3041
-65.9173
-69.9508
-68.5058
-76.4856
-68.265
-76.1479
-74.2881
-72.0438
-65.1405
-69.6661
-64.0135
-65.1479
-67.8709
-70.2155
-72.1913
-72.1358
-64.2273
-59.9087
-54.3836
-57.9616
-59.1969
-58.3957
-65.9975
-54.6896
-55.6438
-58.1164
-72.4113
-78.2654
-73.383
-73.9277
-87.1022
-99.0967
-105.786
-119.462
-123.651
-115.794
-121.844
-124.587
-107.222
-82.8764
-96.2718
-95.2409
-58.7478
-77.0577
-90.4802
-80.6148
-90.4754
-109.381
-103.898
-96.1997
-98.9713
-109.504
-107.151
-102.072
-85.7076
-78.4258
-60.6531
-63.6483
-52.1223
-74.0288
-79.2319
-75.0797
-75.5556
-73.3245
-50.2504
-60.0736
-80.9005
-83.724
-89.2212
-94.6385
-98.0218
-98.516
-102.412
-104.799
-112.48
-113.107
-117.595
-119.506
-115.899
-117.396
-119.252
-112.549
-119.627
-114.586
-117.485
-120.414
-110.874
-105.258
-108.073
-101.881
-107.3
-103.787
-97.9243
-92.0453
-93.6447
-93.2162
-92.0845
-89.0815
-85.3799
-83.8374
-72.179
-68.6653
-54.9192
-51.244
-46.9061
-52.3777
-55.8736
-42.1095
-59.6941
-103.533
-105.633
-111.791
-102.307
-103.508
-100.788
-101.751
-104.717
-107.083
-99.7046
-103.408
-67.7821
-63.7914
-41.1175
-56.4734
-58.2844
-62.3029
-66.5489
-77.8281
-83.7755
-91.4287
-47.9892
-54.9295
-50.0335
-48.7927
-51.3473
-53.3408
-53.2153
-63.4952
-55.1795
-42.1113
-45.8607
-47.2277
-47.5496
-44.8103
-43.5054
-45.9179
-45.6291
-45.0637
-47.0737
-48.1968
-42.6438
-43.2715
-39.6082
-48.2192
-41.3405
-48.3848
-49.1139
-47.0763
-45.4319
-41.1557
-44.1751
-54.4949
-62.6293
-77.4251
-82.0728
-80.9396
-80.6037
-75.0926
-73.0556
-62.7942
