84.9476
91.4641
96.6759
93.5381
87.9269
97.6025
98.9995
88.7573
90.3842
81.2834
87.4016
88.5882
97.6498
87.3204
92.1844
73.3
83.744
82.4002
80.0923
89.0297
96.8547
103.267
87.1839
85.0287
89.0881
93.1985
99.124
93.9533
94.3636
83.461
77.9472
82.8248
81.1906
89.3254
72.4058
79.288
88.4156
89.6397
90.2904
81.7618
91.6869
92.8519
103.547
102.452
86.3076
93.3097
99.8023
104.699
92.1386
89.2325
95.2817
87.0424
99.6548
87.4322
99.4789
98.1727
79.3223
78.845
91.8642
91.2986
96.7779
94.655
98.6109
90.8951
93.033
91.6917
91.2496
95.4895
88.4882
97.0929
94.4139
95.5845
91.5592
96.3411
96.7195
97.3918
98.7688
96.0261
97.545
90.2862
92.4867
93.7041
97.6752
95.4226
92.5284
96.0195
96.7386
90.7864
97.3325
89.6235
98.6
93.4694
95.176
100.272
93.024
87.7626
91.7291
87.3008
93.3914
86.7418
93.8098
90.1256
92.9933
90.8656
90.8454
90.9377
90.4507
100.368
98.5984
101.634
112.966
103.336
96.745
103.583
99.8064
100.123
97.5047
91.7811
90.197
89.0835
85.3562
82.427
94.4429
89.536
84.2509
78.3535
83.0764
86.8485
82.9778
82.1464
85.0043
87.9526
86.7259
87.7122
87.5887
82.559
88.2747
86.4034
86.0815
88.2693
88.4224
80.2229
84.2076
80.9356
93.5062
85.3438
90.8208
83.362
87.59
94.1142
95.3226
85.385
87.0353
90.2388
91.5025
81.9002
91.5993
90.6994
86.8104
92.1184
91.339
84.9932
86.4887
87.0277
84.1268
92.8797
85.9241
84.2967
84.1269
98.7998
92.0378
90.6516
86.8105
95.3758
86.7364
84.1212
90.475
93.1029
97.4946
81.5732
91.7707
83.7436
91.7682
92.7864
82.226
91.2012
84.1857
88.3224
88.2323
87.8736
86.4423
79.0463
90.0132
91.0377
92.8524
84.4756
81.4314
79.4727
85.7715
80.679
82.0208
84.4123
84.6034
83.1094
91.0577
78.7169
83.9691
87.0086
92.6996
94.3669
92.5267
83.8575
83.0262
