-37.2342
-44.4254
-33.5104
-39.9053
-46.7982
-31.9047
-27.8378
-28.5743
-30.5018
-37.0785
-36.914
-36.5083
-33.5773
-43.0211
-34.7118
-35.9888
-35.8367
-39.4821
-49.0604
-59.9474
-30.8944
-31.5308
-38.2233
-40.3801
-38.0131
-39.5173
-38.4125
-35.9652
-33.3225
-37.3599
-37.9504
-36.0525
-34.7637
-45.5859
-19.8866
-9.01199
1.53857
2.18949
-5.84539
-2.69719
0.992442
9.16091
2.12045
-8.52668
-6.96568
-9.45012
-1.975
-3.42864
2.16574
-1.29884
-3.71547
6.41224
-2.08978
0.472487
0.129064
1.84967
5.71505
-2.04856
1.48447
4.61752
-2.37813
2.25195
8.03488
4.36727
6.84992
0.514684
0.396707
-6.44534
-4.78922
-8.4065
-8.37359
-12.0685
-19.9845
-9.76256
-1.72709
1.62267
1.51113
-3.86784
-8.18634
-13.7671
-18.97
-13.6684
-6.01757
-19.8163
-17.6232
-15.9486
-14.903
-24.2048
-32.0614
-25.9714
-33.1961
-22.9531
-23.1392
-38.962
-34.5069
-32.95
-31.2238
-36.8845
-40.2579
-29.0162
-27.7063
-25.8893
-23.3252
-20.3594
-21.2027
-25.1911
-22.7451
-15.1771
-18.7716
-18.7054
-19.1239
-21.9596
-28.0944
-19.7635
-18.668
-18.6291
-19.7487
-16.6632
-17.9773
-15.365
-11.109
-12.795
-13.4559
-14.1574
-14.1512
-16.7355
-15.7399
-4.90017
-2.8877
-8.22737
-23.5342
-37.8668
-32.3707
-33.1047
-26.0769
-29.1126
-37.9751
-32.4832
-35.4782
-42.2932
-23.5206
-44.457
-35.7459
-32.4981
-33.4084
-30.9178
-24.8088
-23.9925
-15.4219
-25.8712
-30.6698
-31.5532
-25.8007
-20.8962
-26.7939
-10.2135
-7.05239
-16.8425
-11.9293
-7.74828
-6.38192
-12.0192
-8.39599
-6.37124
-4.79889
-4.81529
-2.10283
-1.7268
-0.35287
-0.500458
-6.31563
-1.17304
-8.40766
-3.58066
-5.78336
-2.11263
-1.76291
-15.2461
-9.5364
-4.24942
-7.76191
0.864324
-9.4902
-10.0655
-6.88226
-6.00047
-2.49754
-7.82437
-9.20673
-7.34742
-6.69188
-8.81484
-10.7665
-3.28723
-1.3474
-7.80406
-12.7377
-6.47186
-9.44747
-4.62692
-16.9339
-3.40577
-8.45899
-4.49678
-8.44087
-12.3128
0.477143
-5.74617
2.64925
-7.0885
-0.790105
-3.78661
-3.71403
-4.68044
-1.21114
-6.48037
-2.48036
-0.712294
-5.92353
-2.46656
-6.33972
-3.51382
-3.05726
-4.11279
-5.87723
-6.21608
-3.84686
-1.78247
-3.91126
-6.13492
-10.4334
-13.8083
-15.8444
-15.7596
-20.4068
7.51375
-0.886042
-5.13699
0.174948
-10.5199
-11.806
-9.64159
-7.54772
-4.9083
-6.86568
-6.36717
-8.07579
-6.15459
-16.0875
-6.72695
-4.93764
-11.901
-12.0086
-8.28668
-1.76339
-7.00123
-5.56294
-8.32919
-12.4775
-8.88865
-10.291
-14.1534
-13.8501
-27.4608
-14.7925
-19.1673
-12.8031
-23.1202
-33.6321
-25.3171
-28.2147
-14.8662
-9.84416
-10.1757
-5.47746
-2.22662
0.279667
-2.90883
-6.4932
1.85875
-3.63785
-1.82949
-3.91176
-1.85738
-9.88795
-12.3522
-7.63633
-2.73419
-7.33958
-1.17953
-6.57863
6.45618
-2.45739
-5.84542
2.80618
2.46851
1.07095
-2.89822
8.37138
4.65629
4.87387
8.10011
4.92836
3.30031
5.51889
0.184742
0.0873059
12.7603
4.27127
6.6883
5.71495
3.15582
0.60141
3.07001
-1.52307
-0.472915
2.37322
7.71907
7.83915
1.10018
12.6543
8.73991
1.86853
-4.51462
-1.06338
-4.80838
3.39685
-1.30658
0.287412
5.05359
0.319357
-9.00079
-9.3372
-16.9773
-13.7467
-14.9377
-6.1307
-12.1183
-5.72312
0.096163
-3.81868
-1.68975
-3.72915
0.0349407
1.37948
2.63002
-7.49989
-24.1352
-69.0946
-70.9863
-67.8324
-69.2101
-69.6385
-67.7342
-63.9052
-63.389
-59.8156
-32.074
-56.3509
-28.9864
-41.9176
-20.6397
-35.0506
-30.4359
-34.9208
-28.0173
-19.0236
-24.4462
-29.897
-33.09
-34.0226
-36.0359
-22.5931
-30.5572
-33.7048
-28.031
-22.6242
-33.7921
-27.0484
-34.5633
-36.099
-26.994
-33.2057
-29.7369
-37.864
-36.3576
-34.0034
-30.6786
-27.1463
-28.5982
-30.3124
-27.7668
-27.7909
-28.2292
-23.3458
-21.6251
-17.4522
-17.4569
-14.4595
-16.3285
-16.8145
-22.1033
-17.453
-23.6656
-21.1361
-15.9162
-24.7167
-30.0656
-28.8508
-26.6143
-29.8464
-26.0198
-33.0243
-31.8612
-37.0847
-36.6175
-33.9973
-29.6375
-26.1611
-16.9695
-28.2178
-30.4465
-18.9234
-27.6631
-23.5703
-31.3025
-40.0248
-44.2708
-41.2994
-41.5285
-40.1073
-46.8108
-48.0552
-53.1319
-60.0504
-50.5105
-54.4901
-65.7074
-35.7568
-26.2261
-23.1968
-19.3803
-19.9107
-18.809
-24.7649
-18.4807
-20.6494
-6.81366
-23.0061
-23.0029
-11.7164
-15.08
-19.3853
-14.2096
-17.1958
-6.56754
-7.31173
0.834579
-7.90227
-9.24348
-7.77001
-0.900306
-6.94652
-5.9471
-10.28
-5.02334
-7.76832
-7.77049
-6.41387
-9.8115
-6.22267
-5.76751
-5.70099
-12.113
-10.8805
-13.6941
-6.75038
0.100197
-8.12394
-3.69481
-5.28581
-11.0891
-15.8897
2.01609
4.97549
-8.92071
-34.3507
-33.775
