-25.1573
-37.8765
-27.084
-23.1954
-25.7294
-31.1083
-40.928
-35.3444
-40.9532
-42.6484
-40.1966
-36.1647
-17.6491
-42.6908
-30.0864
-28.9564
-26.8031
-37.9174
-30.2107
-24.7194
-34.7042
-22.0846
-19.3399
-37.6354
-32.7527
-21.3106
-26.5218
-35.4733
-37.8631
-42.3496
-37.1327
-38.0448
-25.5955
-31.7779
-31.6558
-23.6523
-22.7499
-23.7081
-20.0643
-33.1984
-33.3327
-28.7763
-22.4541
-12.7259
-30.4442
-25.4165
-32.8013
-31.1125
-29.7609
-15.5145
-9.11018
-20.8737
-21.4512
-13.8211
-5.1494
-21.5042
-8.3588
-11.0961
-16.041
-13.7665
-7.08962
-12.9499
-13.9279
-5.17028
-12.9756
-1.18878
-1.00948
-13.5143
5.63906
-4.70934
-9.16627
-9.89548
-9.02561
-13.3254
1.60046
-15.9811
1.22196
-0.155809
-5.64205
-7.54247
-4.2788
-3.48922
-12.6681
-18.4655
-1.45508
-10.2117
-6.3636
-9.28646
-6.84558
-3.62423
-2.3462
-4.09971
-10.0025
12.4504
7.22505
-14.2617
-15.7444
-11.6861
-14.6291
3.291
-7.60421
4.55499
0.0757806
-0.97472
-2.09815
-5.64243
7.75706
-6.00653
9.53014
-2.70086
5.39999
3.40936
-7.64614
-0.00871866
12.099
-7.98073
-8.95963
-6.17597
2.32402
-4.35419
-12.1005
5.58243
1.32294
-5.98144
-0.357249
-7.85925
-9.66302
-13.6854
7.10888
11.1484
-0.639901
-6.98636
-10.4642
-10.4664
11.1861
2.27199
-16.9711
-31.028
-31.4358
-27.4441
-23.7159
-26.4996
-29.3908
-44.369
-34.0079
-31.2978
-41.5463
-41.2987
-29.7053
-21.6644
-38.7782
-28.7597
-27.2223
-32.9275
-30.6212
-23.6673
-30.3068
-29.0706
-28.9312
-15.4155
-36.3353
-27.9324
-21.8709
-25.1248
-40.8835
-41.5562
-45.073
-39.2562
-37.1228
-24.6417
-32.7944
-28.2126
-19.8303
-19.4214
-27.8917
-18.4747
-22.8215
-33.7285
-23.648
-24.5359
-16.8127
-24.4877
-31.5314
-39.9556
-26.7191
-28.6905
-13.5773
-12.1199
-27.7311
-17.1738
-4.66614
-7.45434
-22.5784
-7.98698
-9.18367
-22.4208
-2.8471
-9.11895
-5.0644
-18.4293
-9.68921
-11.9971
-7.25054
1.65945
-16.9881
1.8584
-12.3043
-5.47206
-10.233
-7.57876
-14.9849
3.77376
-14.9178
0.256361
-1.18923
-8.89739
-5.51657
2.81091
-4.22405
-18.8661
-0.624325
-3.44104
-12.9688
-1.53661
-10.226
-7.24266
2.92057
-6.02996
-3.13205
-3.97846
5.64342
3.23809
-15.267
-11.9319
-7.06474
-16.1064
-3.7065
-8.60036
8.72937
-3.71142
0.212796
-8.75433
-3.17151
1.61588
-0.904771
6.95311
-0.819366
7.06082
-6.88231
-1.33341
-0.668905
5.03993
-13.6778
0.650553
-8.10361
2.38593
-8.55762
-9.63453
7.85686
0.878477
-3.7381
0.736923
-13.5018
0.994133
-13.4175
3.67458
6.47722
-7.99714
-9.29244
-4.77943
-8.63956
9.75275
1.07918
-19.4805
-35.3944
-26.2621
-31.1941
-25.2454
-33.3755
-30.6007
-41.4067
-40.6254
-37.7805
-37.077
-40.5339
-26.9691
-27.8316
-33.1943
-34.2811
-27.7076
-33.1437
-26.2955
-20.2727
-29.591
-29.9919
-29.9815
-22.4359
-34.3679
-24.3961
-23.2758
-24.1238
-34.1715
-44.7211
-43.2811
-39.2396
-28.5585
-21.0237
-26.2162
-25.2371
-19.7369
-26.8454
-26.2337
-25.7846
-26.4447
-34.0368
-25.4504
-21.8875
-26.416
-27.8232
-31.0806
-40.8541
-26.2974
-24.8083
-12.3882
-15.9199
-37.1124
-18.7131
-3.951
-13.843
-18.0759
-4.23437
-8.77597
-23.489
-4.79461
-10.1295
-2.31143
-16.3057
-5.19724
-7.93663
-12.2231
-3.04542
-13.4636
-1.82015
-14.0515
-6.39502
-6.23089
-7.37126
-10.6726
-3.41102
-9.33783
-0.969831
-0.98237
-7.41008
-8.10681
8.76057
-1.71322
-19.7872
6.03855
-2.36612
-13.9017
-2.49705
-10.8867
-7.96422
-1.90641
-9.19453
-10.989
2.88755
3.23669
-8.05446
-15.0403
-11.5643
-0.768216
-7.21167
-3.4048
-6.03729
8.36038
-0.742311
-3.38209
-8.00438
-0.251957
-7.44651
6.31387
0.559043
0.251222
7.73863
-11.7825
-2.88462
6.91695
0.434877
-20.1052
3.82357
-5.08194
4.64192
-14.159
-11.1709
