32.7873
51.0334
45.5782
28.0708
31.9378
25.9984
32.9323
21.4179
9.10546
12.8838
16.999
10.847
4.7154
9.03968
21.0427
15.2333
9.00016
9.37906
8.53961
8.63243
14.5545
4.52139
7.31236
4.4986
7.75132
7.20324
6.58546
17.5981
16.8388
18.2249
23.5383
25.6978
27.3414
24.1159
19.6971
7.47935
8.22617
-4.11539
-9.15191
-9.23244
-15.0074
-1.67605
-0.237724
-5.49249
-4.41973
-2.72135
18.2513
24.8953
34.0563
39.3979
18.2706
9.21473
4.49402
13.5783
16.5033
20.9347
16.8735
11.5939
13.6817
13.2087
13.9823
5.83418
10.612
7.56957
0.765014
6.68948
7.05672
13.0741
15.9428
22.0279
22.3667
17.3665
22.3462
22.7867
23.8451
24.3257
21.5345
9.67318
10.0959
15.7568
20.7554
23.143
19.6178
20.7082
21.5092
21.9659
17.2815
20.6564
11.0335
10.734
13.8703
-0.450566
7.79488
7.31177
10.621
10.3369
6.45194
-4.3109
2.51645
5.77706
-7.02818
7.67276
0.587862
23.7597
24.2889
34.7058
43.7687
48.0244
52.0395
54.5636
63.513
51.1244
61.4239
55.2166
56.6704
51.5457
56.9027
50.9601
64.7739
66.704
65.454
59.1083
51.9397
54.1554
46.1056
58.5826
58.2742
51.5506
55.825
50.9194
46.0985
49.8058
50.1718
44.8832
51.1307
44.3487
49.3946
44.9499
42.8402
51.7343
40.0843
46.389
49.0068
43.6978
38.0904
43.821
43.1711
49.9242
47.1246
46.0908
55.4459
54.8034
45.2784
43.5431
43.979
46.5698
54.7399
44.7588
49.5103
43.6119
48.1539
46.455
46.5847
39.0499
48.6719
55.6665
53.9942
51.0847
57.3716
48.4138
43.3222
45.0465
47.9687
42.5361
47.5731
57.9164
56.9033
52.7107
57.889
51.456
49.5268
47.7753
37.4458
46.671
52.4906
42.8896
45.5977
48.7665
38.1637
36.8465
39.7871
49.6328
50.1158
45.9959
42.8886
38.836
35.2265
48.3726
32.481
37.2097
35.3658
34.7857
37.1716
28.7311
33.0792
39.1363
36.3281
46.9041
37.9039
31.7364
27.3264
39.0851
28.7148
24.1793
37.1469
28.1495
42.1271
56.5332
52.2276
50.8063
60.0711
64.5475
67.0376
60.9838
63.5463
65.5693
64.1565
63.1599
62.52
65.6382
70.3382
70.5129
63.1467
70.0172
73.8678
70.7645
73.0925
71.8014
69.768
69.2326
67.8251
61.8943
59.5806
66.8969
68.9539
66.5026
59.8464
61.7426
65.949
64.0592
60.5759
61.4984
63.0361
56.2324
67.3548
59.9238
63.4791
61.7145
61.2986
66.6814
65.2635
66.6229
66.4239
57.4219
57.4694
55.1989
63.4582
41.6932
40.1596
48.2343
57.8551
56.0427
55.9956
46.1906
44.5826
50.0718
44.2104
46.2412
40.0475
50.5566
56.6122
42.3196
42.9231
49.9412
43.0828
48.6405
46.4272
42.2927
46.4759
47.2128
52.9685
51.6562
54.1386
59.3959
59.3212
69.7773
68.9521
67.3141
62.9701
64.1874
64.8456
58.9371
59.275
57.6776
56.9752
57.9155
53.9544
54.7185
52.9062
57.2242
52.7304
47.8421
46.5515
55.0962
52.2384
47.7943
45.1642
44.4397
46.6756
51.3236
49.5807
44.7115
42.3791
44.1532
42.9344
45.4376
41.8554
51.2634
46.8226
42.7167
37.8297
41.1124
45.2798
46.4164
46.8253
45.5584
46.4238
46.1259
48.0033
41.6842
48.8828
54.6774
51.1854
45.8576
52.4648
55.6682
46.6064
44.5351
50.6794
58.2075
61.5562
52.0117
61.6615
64.8842
65.2259
65.1314
66.0956
59.8344
70.4265
67.6312
66.7651
60.6081
66.3961
63.2102
64.984
58.9981
68.5939
70.4709
73.3629
67.0309
72.0838
69.7624
70.3962
72.3562
67.7224
69.6981
72.167
74.3333
72.4749
72.8104
78.6576
79.5712
73.8464
70.3758
75.8419
83.4429
81.1752
75.0797
74.0974
83.0325
70.482
71.8331
77.354
65.2115
41.2546
