89.0148
97.7337
101.359
99.4242
96.8891
91.9537
96.0504
93.4094
90.2967
93.9719
88.1754
89.6718
81.3519
88.1289
98.5423
98.9475
96.0596
88.061
70.425
73.63
92.6447
87.8138
78.086
82.6417
81.9516
86.7808
90.4149
92.873
92.9314
83.3134
82.3735
78.5705
98.7856
81.3867
92.4968
92.479
102.217
97.2962
100.395
93.7299
95.7115
95.1717
89.8134
92.2982
90.2801
92.388
97.4824
94.7274
99.7378
100.899
99.6549
100.829
93.1686
97.0403
101.264
98.1666
98.715
98.3725
96.4819
95.7374
101.997
107.745
98.7314
99.8598
97.6183
95.6349
94.9702
90.9713
87.8216
87.9743
90.2226
89.5311
83.7815
92.3332
99.7417
106.877
111.141
111.463
113.159
103.922
110.727
95.9097
89.293
84.1074
83.424
96.5629
89.4673
89.71
86.4695
74.342
82.7174
89.8557
95.2938
93.1352
94.8948
94.3947
91.9158
92.5905
80.5206
81.0479
69.6903
81.5023
82.9396
83.8181
88.2977
85.0715
81.3406
88.7505
87.5003
83.248
81.9594
88.419
81.0048
78.7766
77.6369
78.7187
83.9223
79.5946
82.3559
85.7079
90.4163
85.2899
82.915
89.7857
81.0671
75.8078
76.6085
86.214
94.9385
94.2603
94.8585
102.316
91.7683
98.3975
110.204
105.07
100.916
98.9849
95.778
90.7997
87.8322
86.1711
94.2792
90.2074
86.0247
88.2677
84.1467
81.456
86.8922
87.4865
92.7391
86.1458
89.9301
79.5686
85.1001
75.9717
85.9097
88.663
88.3222
85.8212
83.2653
88.9685
88.9004
99.532
91.8758
92.0956
91.0555
85.6882
83.4222
80.3182
84.898
78.1799
94.0979
86.7082
88.8821
88.0936
83.3105
89.1998
88.6603
89.3636
91.72
90.4886
81.765
85.2475
87.6235
85.1393
85.0662
90.326
82.5425
83.7706
79.7067
78.9848
80.1581
88.1268
90.9802
92.9405
95.1497
89.5019
94.9309
100.147
89.8128
89.8728
97.8829
99.5432
96.7535
89.349
88.3098
90.6311
88.5912
92.8298
94.6658
86.1583
86.8099
82.6968
91.952
86.9506
92.0729
92.3876
92.6435
94.1725
93.3751
87.5567
91.5198
89.8498
82.5675
90.6245
92.0537
91.0312
95.4014
98.0904
94.7359
100.56
93.2467
95.0637
100.945
97.1703
88.466
89.0847
83.8237
86.2417
89.9568
96.7796
96.3001
91.22
92.9304
93.7106
101.763
96.633
95.4543
88.1956
90.6228
95.465
88.1044
81.8727
82.4882
81.784
87.6804
84.7545
87.0201
83.9786
85.8738
97.592
92.179
90.6068
97.5415
93.1596
86.6359
69.7292
89.7288
78.4565
91.2321
94.8619
90.4843
100.661
96.8953
91.4024
98.3656
90.2989
93.3983
91.2747
94.4241
96.8974
87.4022
93.5378
89.7972
88.1829
91.0568
88.1562
94.2594
98.3413
89.4872
96.7199
96.8944
96.2563
93.3354
95.9909
95.8791
92.9538
92.9304
91.4719
88.7951
89.2567
98.8149
99.0068
99.5384
95.9335
90.9708
91.6161
92.8706
95.3002
93.1655
91.026
95.3446
93.5802
91.894
93.4991
94.8928
96.0693
98.4572
96.051
100.959
103.366
95.0433
92.7556
93.7584
98.3055
90.7099
97.1645
93.6183
93.723
83.2991
79.292
84.0693
75.6163
74.6167
75.5017
79.3929
75.1624
73.7145
82.0824
79.1471
83.3527
88.1514
89.3068
90.2566
93.0656
88.924
80.621
64.8103
60.1963
60.8899
64.0489
66.5469
74.5737
70.7196
78.3564
89.6908
84.0993
80.1455
82.9451
88.436
102.4
96.3981
97.5366
78.0476
73.1031
70.663
66.085
68.5227
69.7831
76.7812
73.4334
92.7845
78.3883
70.3864
76.0245
87.8394
104.559
107.036
93.2103
87.4109
89.3659
81.3365
94.3045
83.9047
102.035
88.5041
90.2271
88.7472
89.8041
85.7843
98.5546
91.9958
86.7388
91.6081
92.0543
93.3923
89.553
93.4179
87.6618
95.6703
90.848
89.0858
91.9389
92.2861
96.0591
92.6945
93.1276
101.862
94.461
92.2147
100.096
95.5404
106.955
96.1471
105.263
96.8247
95.6483
92.2312
95.6242
85.0523
85.1152
90.2089
90.3976
83.5688
82.0116
73.4235
62.7734
54.0142
62.9039
56.1454
47.4009
56.811
51.6007
53.0405
60.0662
55.0156
41.1273
84.4174
95.2414
92.0278
78.5769
73.2398
68.8269
73.6618
71.0518
69.1457
71.6012
88.1135
101.44
104.017
95.5817
84.0699
81.6177
88.0105
94.8859
104.023
104.383
107.745
103.112
101.135
99.5481
93.6449
91.879
89.8564
89.0335
87.8754
78.9779
82.8294
81.5413
75.4331
75.5909
78.0974
75.4876
74.7558
74.5105
78.3525
87.169
81.8336
83.5606
90.0734
98.6419
84.3629
91.6509
103.211
101.963
95.0812
93.9019
