-34.0976
-19.7248
-28.3625
-30.92
-45.4442
-40.0755
-22.6513
-15.4225
-6.6512
-8.51599
-2.48323
-7.18992
-6.43948
3.54198
3.40294
2.47857
-23.0788
-28.0856
-12.3606
-21.1856
-37.1158
-32.3532
-24.6012
-34.3184
-24.8845
-41.3706
-45.1196
-43.8921
-38.4512
-47.6417
-31.5466
-38.0434
-41.8944
-38.5853
-23.1135
-19.2214
-24.7918
-26.3988
-31.824
-30.7295
-31.2436
-30.2785
-29.4246
-30.6116
-31.5845
-37.7183
-28.3461
-42.5377
-36.4434
-29.363
-34.2978
-27.0377
-21.5384
-25.7032
-25.3183
-20.8803
-25.466
-20.229
-21.7049
-10.57
-20.1179
-8.09572
-27.193
-25.215
-16.6241
1.95168
-20.6466
-10.8076
-25.9816
-11.1666
-9.97554
-18.2001
-13.2584
-1.86557
-18.8065
-18.2236
-13.3493
-5.50414
-21.4533
-7.11005
-20.6338
-14.0346
-17.5742
-13.1397
-27.9592
-16.7635
-5.77279
-16.3978
-12.6522
-14.0801
-18.072
-20.3957
-22.7571
-18.4935
-20.5324
-22.5452
-7.50745
-8.71791
-4.06785
-30.0463
-16.5323
-25.7382
-13.1096
-21.4221
-25.0103
-11.5032
-9.62416
-9.51288
-19.9264
-1.79669
-11.534
-26.963
-24.3524
-15.4411
-2.43613
-10.3727
-33.6793
-10.778
-3.46472
-14.5462
-17.1382
-19.2904
-13.1059
-11.9559
-3.18551
-2.27615
-14.2771
-23.9939
-19.3069
-11.7028
-18.4885
-14.1669
-3.2084
-14.3378
-16.0603
-17.4424
-23.4725
-29.1051
-19.5185
-23.4639
-29.0782
-44.9675
-33.8447
-17.1724
-15.6282
-7.76931
-4.30126
-7.26419
-10.3818
-2.9945
3.50048
6.45271
-4.75305
-19.9725
-19.3955
-20.1685
-21.4758
-30.2654
-28.3196
-36.8322
-25.5373
-28.9984
-48.5812
-42.6059
-34.1378
-40.4172
-43.9713
-36.4309
-32.774
-40.9236
-35.4181
-24.9722
-17.7546
-23.228
-26.755
-28.2358
-24.2255
-29.3592
-32.3694
-30.9093
-28.9282
-26.5287
-34.2927
-30.4209
-43.6464
-29.3536
-27.1103
-31.5622
-29.6469
-23.7227
-32.083
-29.0649
-21.3768
-29.2379
-22.296
-23.1878
-11.1279
-17.9936
-23.7764
-25.1253
-20.6909
-13.9173
1.62664
-15.0992
-8.70558
-21.3623
-6.3834
-18.0588
-21.2769
-11.6892
-5.71073
-26.8027
-24.8447
-12.9344
-8.71125
-20.8189
-9.10043
-21.7424
-11.7653
-11.8361
-15.7953
-26.5514
-11.7766
-6.23113
-17.8393
-10.2392
-6.43867
-16.1724
-27.0113
-16.9345
-17.648
-24.6399
-16.4921
-14.4078
-9.87974
-8.20757
-20.9894
-18.7528
-25.2892
-11.0448
-18.4656
-22.218
-12.5685
-13.2491
-12.8685
-19.3034
-0.449482
-21.3615
-18.4796
-22.1294
-17.6163
-8.38411
-8.1326
-30.057
-7.8697
-9.88942
-12.1798
-22.0267
-14.5618
-15.7503
-4.99077
-5.54889
4.76212
-16.08
-25.8179
-17.0486
-18.8244
-3.34469
-4.38555
-3.91909
-17.3604
-12.6515
-18.13
-23.8151
-23.9148
-18.7952
-29.0836
-34.3595
-38.9637
-31.7005
-12.9845
-12.6874
-8.17664
-6.95244
-9.41617
-9.49712
-3.29999
3.52068
10.6357
-16.2977
-21.5915
-11.4464
-21.2298
-31.883
-32.7859
-24.8826
-38.9075
-21.7496
-31.9898
-47.6455
-47.4224
-34.0003
-41.8456
-37.5743
-39.4276
-35.0373
-39.0861
-34.2459
-27.6164
-21.6106
-26.7407
-30.3578
-28.7419
-28.8335
-26.7353
-27.3014
-30.7725
-35.6486
-29.564
-27.0597
-29.6343
-45.2346
-33.001
-31.7508
-23.4528
-31.0521
-25.6581
-32.9484
-27.8933
-20.8495
-26.9942
-29.4159
-17.8034
-15.4341
-13.3898
-31.7283
-28.2323
-16.4598
-7.31788
-8.7355
-10.2273
-12.4231
-19.9149
2.98782
-16.8395
-22.4251
-5.28521
-10.5534
-24.9091
-24.994
-10.4049
-17.7301
-14.6843
-12.4952
-20.6573
-10.2649
-10.1612
-22.1406
-29.6638
-10.1403
-4.82284
-12.4289
-15.4556
-7.17912
-12.0922
-24.4384
-19.001
-15.0365
-23.9248
-12.285
-17.0348
-9.10044
-14.268
-12.5337
-22.64
-26.4028
-14.0386
-20.8709
-16.4777
-8.45312
-9.30175
-16.8534
-14.2701
0.0347616
-32.1459
-19.4158
-18.6669
-14.3559
-14.5338
-7.0314
-26.1406
-7.2765
-15.1638
-14.5436
-12.695
