-116.065
-122.037
-121.086
-133.466
-126.733
-107.607
-148.048
-148.827
-149.21
-138.13
-124.443
-111.278
-120.592
-162.066
-147.229
-148.303
-142.428
-146.416
-183.202
-187.19
-167.633
-161.446
-135.901
-148.039
-167.316
-176.11
-172.993
-196.712
-161.634
-155.357
-162.088
-143.442
-130.226
-107.445
-97.331
-59.1315
-110.273
-114.04
-121.416
-118.445
-101.176
-99.3743
-106.92
-125.888
-112.225
-104.167
-114.874
-119.977
-123.757
-127.342
-120.443
-120.461
-131.102
-138.493
-140.581
-134.596
-131.991
-128.841
-131.878
-129.879
-118.437
-129.528
-134.634
-128.006
-123.375
-138.059
-144.349
-142.818
-140.133
-129.416
-121.246
-123.453
-121.829
-116.459
-112.026
-100.583
-112.759
-114.761
-124.786
-129.368
-127.676
-145.931
-135.624
-148.467
-147.816
-129.008
-111.543
-98.5314
-84.1383
-94.4544
-91.0871
-148.017
-128.019
-159.741
-158.045
-171.891
-163.728
-158.911
-143.764
-147.86
-147.981
-157.049
-158.461
-161.206
-168.112
-165.594
-160.879
-163.549
-163.86
-152.959
-150.789
-147.529
-143.094
-150.643
-141.539
-146.382
-141.402
-138.555
-139.153
-135.257
-140.171
-140.965
-139.332
-146.283
-143.639
-146.763
-146.255
-142.725
-120.681
-145.745
-150.852
-132.651
-118.246
-129.883
-112.72
-121.329
-97.3772
-95.9705
-99.4593
-136.457
-156.273
-155.319
-144.521
-144.732
-149.197
-158.872
-104.938
-111.421
-121.701
-136.303
-159.23
-156.391
-145.344
-148.048
-156.803
-150.871
-147.936
-163.056
-167.045
-165.105
-167.234
-169.689
-163.672
-161.861
-161.574
-163.346
-162.755
-154.015
-159.703
-154.557
-161.29
-156.59
-168.932
-154.981
-177.22
-164.654
-163.408
-165.624
-169.11
-168.035
-163.292
-166.828
-167.04
-171.522
-173.728
-167.786
-174.099
-161.958
-176.57
-170.636
-172.342
-169.863
-169.193
-173.981
-167.602
-170.318
-168.475
-171.854
-165.694
-180.658
-176.338
-170.549
-175.423
-176.173
-182.404
-166.876
-172.513
-178.37
-171.563
-171.568
-182.587
-169.646
-176.723
-161.552
-169.751
-176.777
-170.646
-177.393
-165.814
-170.349
-172.654
-174.222
-164.22
-180.586
-161.77
-166.652
-168.544
-169.706
-162.524
-165.668
-162.482
-163.661
-155.809
-162.33
-180.404
-230.02
-211.544
-199.15
-203.107
-197.684
-197.731
-205.846
-201.309
-205.73
-194.277
-200.737
-198.797
-197.597
-197.969
-188.436
-189.769
-187.975
-190.603
-194.971
-186.923
-188.877
-187.197
-181.499
-186.434
-181.355
-186.683
-187.986
-196.657
-149.001
-110.1
-101.756
-115.758
-192.977
-168.675
-147.069
-173.22
-162.449
-164.072
-146.858
-148.959
-139.885
-146.754
-147.986
-150.045
-153.784
-151.466
-155.475
-156.714
-163.216
-167.388
-168.314
-168.113
-168.093
-161.136
-165.944
-163.921
-161.933
-155.648
-150.607
-148.084
-151.324
-155.949
-149.78
-148.585
-144.405
-147.289
-148.983
-142.517
-143.694
-144.35
-153.761
-149.086
-141.226
-145.053
-147.531
-145.25
-145.716
-143.452
-145.794
-152.368
-153.986
-145.774
-144.771
-141.694
-149.547
-145.39
-153.888
-154.712
-154.753
-155.398
-161.075
-156.594
-159.756
-151.701
-160.94
-172.709
-175.401
-168.144
-162.135
-160.94
-161.619
-165.252
-165.637
-165.379
-162.269
-159.574
-155.383
-158.213
-149.929
-152.621
-156.515
-167.543
-144.677
-133.082
-128.232
-128.62
-141.079
-129.775
-131.136
-133.029
-136.902
-150.968
-134.436
-145.268
-126.566
-125.609
-127.319
-124.986
-105.951
-117.917
-128.889
-127.415
-133.076
-139.275
-149.705
-136.851
-119.058
-125.819
-125.024
-108.491
-92.9545
-126.877
-147.076
-149.328
-145.007
-141.645
-125.06
-107.082
-141.168
-97.642
-85.2587
-78.21
-74.3787
-70.8027
-62.7964
-57.7779
-50.887
-56.4387
-50.4323
-47.2766
-53.5166
-38.5368
-48.0214
-44.8237
-48.675
-50.8483
-50.271
-43.469
-48.4674
-57.6376
-47.3972
-54.1267
-54.0196
-60.9885
-58.0896
-56.2709
-52.2162
-54.1809
-58.2147
-67.3618
-63.2119
-69.9646
-93.6927
-85.4903
-71.1134
-80.5259
-89.6934
-93.8549
-83.4542
-81.1274
-165.78
-175.322
-144.064
-119.095
-101.742
-104.72
-97.574
-104.905
-100.935
-95.8691
-111.257
-109.065
-115.438
-135.494
-130.897
-114.268
-149.585
-143.924
-142.616
-136.34
-137.041
-124.154
-119.132
-163.258
-174.913
-165.308
-158.408
-149.663
-156.935
-147.031
-162.292
-152.865
-152.762
-153.891
-153.615
-157.96
-159.967
-152.557
-150.935
-147.021
-152.94
-150.365
-151.235
-148.206
-156.483
-149.811
-150.48
-149.537
-160.24
-151.934
-151.576
-148.67
-146.639
-130.603
-158.761
-125.159
-109.586
-109.69
-133.719
-128.189
-128.972
-126.927
-138.921
