-170.514
-194.171
-190.731
-189.845
-195.622
-189.398
-193.238
-194.115
-197.517
-208.875
-200.233
-187.89
-211.534
-189.829
-198.298
-193.625
-196.06
-205.603
-197.911
-193.767
-248.968
-272.89
-254.314
-247.962
-213.889
-187.214
-159.835
-165.598
-167.386
-167.763
-179.85
-177.092
-179.511
-176.173
-166.613
-160.483
-163.47
-168.976
-181.989
-171.892
-173.651
-163.53
-164.704
-169.164
-176.207
-160.453
-148.861
-165.91
-157.545
-163.728
-170.091
-161.245
-155.674
-160.698
-156.594
-152.4
-191.075
-186.156
-202.526
-215.886
-200.199
-192.7
-198.211
-200.237
-199.459
-214.232
-219.497
-206.534
-208.554
-204.673
-198.885
-207.73
-212.298
-211.147
-199.893
-197.147
-203.697
-197.48
-214.224
-200.645
-201.95
-200.311
-187.882
-201.275
-199.79
-197.679
-198.175
-190.137
-189.201
-199.32
-192.044
-192.894
-190.209
-183.042
-196.737
-199.752
-201.403
-209.327
-198.808
-202.113
-204.234
-194.535
-197.141
-197.295
-195.431
-198.272
-191.319
-187.967
-180.732
-191.297
-198.237
-197.428
-186.899
-179.439
-178.151
-174.841
-175.125
-174.491
-163.619
-156.421
-159.5
-150.415
-144.572
-149.502
-149.31
-158.762
-169.119
-160.366
-156.896
-151.339
-162.04
-164.438
-151.956
-144.367
-135.183
-134.059
-132.188
-138.621
-138.208
-136.878
-133.194
-130.789
-141.757
-139.906
-124.954
-140.892
-141.446
-156.706
-167.983
-165.503
-171.345
-176.029
-167.794
-172.158
-188.393
-182.949
-182.604
-176.55
-184.128
-184.527
-190.752
-193.924
-186.449
-185.281
-192.634
-192.27
-202.681
-189.698
-197.685
-212.292
-216.008
-204.738
-205.772
-215.885
-219.363
-210.705
-204.298
-210.359
-225.881
-221.354
-222.806
-211.792
-210.757
-220.383
-202.383
-240.632
-208.981
-204.753
-200.251
-213.058
-198.425
-185.378
-199.012
-194.302
-201.683
-208.42
-195.862
-210.045
-216.304
-195.466
-194.976
-205.771
-210.95
-206.523
-195.751
-207.39
-201.966
-196.079
-204.803
-200.475
-210.327
-216.224
-211.138
