-45.3986
-43.3071
-38.7659
-42.8753
-43.351
-46.6383
-45.0159
-49.5196
-42.9
-44.5349
-42.9687
-39.7335
-51.2386
-45.477
-46.3371
-40.971
-38.319
-45.5899
-44.5758
-47.7622
-49.1211
-44.964
-39.9075
-42.3987
-39.3731
-32.158
-36.7727
-48.9046
-38.0291
-34.8347
-42.6697
-31.1046
-41.8415
-39.1472
-36.5809
-23.8206
-25.0943
-32.7432
-38.4305
-39.5865
-48.5407
-41.9678
-43.5213
-39.9741
-41.8652
-47.0063
-33.1286
-45.4146
-42.3968
-41.3416
-47.1743
-32.9507
-39.3051
-43.1311
-38.3782
-49.0802
-33.2201
-46.927
-34.1947
-39.8846
-33.133
-44.9031
-44.2297
-48.4659
-40.5183
-38.7043
-43.5622
-45.3606
-33.3767
-34.0651
-36.5889
-51.4652
-46.4931
-56.9678
-57.7442
-52.022
-50.7595
-48.6564
-45.1524
-44.7434
-49.1693
-53.5535
-54.6364
-55.7593
-54.9779
-46.7373
-44.1575
-46.6239
-38.6635
-43.0173
-43.0854
-42.0872
-47.2379
-44.538
-41.9054
-44.5757
-43.7294
-48.5101
-48.28
-46.1738
-44.1292
-48.3519
-46.7675
-45.6019
-47.0165
-48.1174
-50.4892
-51.0002
-51.9869
-50.5598
-50.0498
-46.0198
-51.1308
-50.7295
-46.3095
-51.0145
-46.4518
-45.379
-47.0911
-44.9706
-46.9495
-48.3595
-44.1537
-45.5494
-46.7203
-53.8506
-56.2062
-52.3472
-45.8582
-34.3967
-30.5553
-40.6331
-47.3336
-48.7611
-46.9577
-46.4697
-53.5213
-50.354
-59.8005
-57.8244
-55.0283
-54.9884
-54.3454
-56.7182
-50.8766
-55.7066
-55.3202
-50.7085
-51.5466
-54.6712
-51.7106
-58.7834
-58.5868
-51.9595
-43.4484
-36.3852
-35.3366
-38.7606
-42.106
-34.2931
-43.9733
-44.7407
-42.8813
-47.9462
-39.6037
-40.2395
-39.9054
-38.0104
-30.4108
-29.9892
-32.1463
-40.7787
-40.6435
-34.3375
-31.966
-36.3412
-33.4504
-38.7722
-35.5781
-34.8582
-34.4163
-36.9227
-34.5328
-38.4395
-42.3746
-44.3743
-43.4919
-39.0145
-42.0317
-40.4411
-38.1204
-42.4734
-37.4809
-42.5865
-41.9423
-40.286
-43.338
-42.1602
-40.7343
-43.4191
-40.177
-43.1593
-41.1604
-43.7488
-43.2377
-37.5284
-39.6639
-43.9851
-43.5344
-39.9749
-41.4874
-48.0285
-42.3229
-35.8129
-25.9487
-36.6613
-24.6111
-35.6864
-43.8432
-41.5736
-47.1431
-59.1233
-55.7887
-48.3752
-48.2688
-54.3717
-38.1169
-48.2713
-45.713
-51.2988
-49.5542
-49.5118
-42.457
-32.3571
-27.2542
-31.356
-50.7746
-47.6586
-53.2675
-50.7705
-56.5952
-53.8733
-49.2255
-47.0686
-46.4887
-52.0715
-49.0379
-46.4835
-48.0193
-49.0891
-47.9909
-42.2043
-43.1188
-45.5458
-46.5118
-48.126
-42.1738
-47.04
-42.8984
-44.9193
-44.9364
-47.7637
-45.1045
-51.4568
-47.0036
-49.2306
-44.9546
-48.4931
-45.3242
-49.8043
-50.9337
-53.7519
-52.5451
-49.9941
-44.1007
-53.1503
-51.6372
-61.7364
-57.6791
-45.5294
-49.6205
-38.6953
-45.9895
-39.1534
-24.4246
-29.0912
-37.7554
-39.0854
-42.0225
-47.3126
-42.2821
-45.6674
-54.2992
-47.4515
-46.396
-46.0546
-54.9511
-50.4883
-47.5469
-44.6184
-44.2984
-49.6913
-46.5684
-49.673
-41.8954
-44.5024
-45.9069
-49.671
-50.3591
-46.4508
-41.2694
-41.8995
-47.5992
-45.5426
-44.2111
-40.3534
-36.5537
-44.7894
-42.2346
-44.7072
-39.5999
-48.1085
-46.65
-47.9847
-50.9654
-54.0263
-50.2
-57.7525
-45.3207
-56.8873
-35.3262
-46.9488
-46.5839
-39.6488
-39.2143
-45.6823
-39.2883
-40.4175
-40.6856
-47.3018
-39.4968
-46.2353
-50.9499
-45.3049
-46.8888
-49.2532
-49.655
-51.4844
-49.8429
-52.3909
-48.2628
-43.9632
-44.6204
-45.3845
-41.9329
-35.6061
-33.0631
-40.3448
-40.8972
-40.5006
-38.4826
-37.9352
-40.9208
-41.5939
-47.9784
-55.4175
-31.6253
-40.6588
-41.7464
-47.4877
-43.052
-45.6729
-47.9733
-50.6261
-47.6734
-52.2714
-45.9218
-39.7975
-38.6026
-43.8223
-51.6823
-42.7973
-41.6673
-35.4295
-40.0146
-29.2451
-36.5401
-34.4383
-33.4871
-35.7748
-42.1465
-40.1839
-38.7987
-44.9274
-40.4602
-34.4434
-38.2368
-34.4895
-33.8892
-36.3912
-42.3689
-36.9488
-46.4929
-34.2727
-33.2121
-39.2929
-43.0611
-40.9823
-35.796
-39.2833
-41.0715
-45.7446
-40.9335
-44.7705
-48.1394
-46.7366
-44.4347
-43.1001
-42.446
-36.322
-43.835
-38.1424
-35.569
-39.2983
-40.0515
-40.7594
-36.3605
-35.3008
-48.007
-48.8381
-45.3947
-49.9673
-46.7164
-49.1519
-49.7743
-51.3392
-49.0805
-50.5279
-47.6534
-48.7109
-42.7204
-43.1532
-43.3613
-38.732
-35.668
-34.3718
-35.6911
-34.8288
-44.5605
-41.8137
-46.7547
-42.6574
-42.4041
-47.145
-40.6783
-43.4787
-37.5733
-40.6643
-46.4479
-36.5629
-38.4036
-36.2477
-35.9759
-31.6978
-31.4701
-32.6769
-31.7458
-47.9024
-42.8228
-40.9606
-41.1192
-38.1068
-40.6063
-39.9122
-36.9628
-40.4642
-44.2532
-50.3544
-45.0607
-49.6813
-42.0194
-44.4702
-46.6898
-49.1658
-46.0618
-51.9356
-44.1921
-45.3289
-51.0347
-44.1694
-38.1624
-43.518
-38.523
-37.1196
-33.4115
-34.205
-30.915
-33.3034
-26.9823
-34.5821
-30.9757
-20.5184
-30.2473
-28.681
-27.5546
-33.2711
-34.8517
-33.541
-30.191
-35.9416
-32.0122
-35.1395
-38.0081
-36.2845
-39.6273
-33.0049
-36.6508
-34.9663
-37.6348
-34.4185
-33.3891
-34.2336
-29.0687
-31.3158
-25.8708
-31.0354
-27.9917
-33.0736
-36.9817
-36.6736
-35.7717
-35.1235
-29.9577
-37.2929
-35.0844
-36.4444
-35.8675
-39.1853
-34.9424
-36.2007
-35.4781
-33.3019
-47.3916
-50.9579
-47.1279
-54.5228
-48.0571
-43.3095
-46.0787
-50.3577
-48.1175
-47.1839
-56.0431
-47.0371
-43.7551
-40.2336
-46.689
-51.907
-43.2963
-41.0662
-47.5034
-51.1096
-46.2237
-43.217
-60.2187
-74.0406
-65.4552
-49.2175
-63.8552
-59.9678
-60.5129
-53.987
-52.8704
-45.7655
-37.5814
-38.5428
-43.3083
-36.1319
-36.8812
-38.0454
-23.5391
-31.9181
-29.7061
-31.637
-32.8808
-34.9819
-32.6086
-31.6788
-31.1245
-37.0893
-41.9442
-35.6405
-36.0133
-35.1641
-36.1148
-36.7948
-33.4318
-37.9843
-37.5803
-39.0367
-35.1351
-29.8305
-35.3096
-32.9789
-32.2165
-27.8786
-40.8365
-37.9104
-45.1029
-44.0529
-41.0749
-50.0749
-44.007
-49.0464
-45.8499
-41.0541
-42.4218
-48.3668
-49.7525
-47.4093
-46.6972
-50.7125
-46.4735
-43.6042
-43.4606
-41.4706
-46.6375
-48.9528
-53.3747
-39.1893
-40.599
-38.2567
-43.8387
-46.4946
-53.9061
-54.6341
-53.8094
-39.7323
-32.409
-29.4104
-50.384
-31.4182
-38.4843
-33.9684
-42.2811
-28.2761
-61.289
-38.443
-52.5028
-57.0445
-48.4092
-48.2868
-39.8576
-42.0285
-45.9532
-43.7869
-43.7205
-42.133
-38.0944
-41.424
-41.4168
-42.1401
-38.8456
-29.8823
-31.888
-34.4838
-28.4477
-31.0255
-31.5324
-30.0333
-28.9021
-32.1584
-28.9977
-30.1255
-31.4749
-30.686
-28.1907
-30.0407
-29.2979
-30.5758
-24.7021
-19.3488
-22.4743
-28.1443
-24.5654
-24.4492
-24.3098
-27.5608
-30.6661
-31.1875
-30.6273
-26.7756
-33.1279
-33.7089
-31.0424
-27.1898
-34.9367
-28.3855
-30.5631
-33.7023
-30.7722
-31.874
-31.4583
-33.2538
-34.036
-28.957
-36.8661
-31.6512
-38.242
-38.1951
-31.382
-34.1372
-31.1429
-24.6271
-28.0097
-27.332
-30.9038
-35.909
-32.859
-32.077
-33.5268
-38.243
-31.2307
-32.4778
-35.5538
-31.1417
-27.2895
-30.5715
-23.1361
-28.3611
-29.102
-31.4437
-31.7819
-33.9703
-28.4865
-30.0369
-34.9383
-29.4379
-29.2034
-28.7371
-31.7428
-29.2276
-29.3402
-27.0061
-27.4295
-26.9739
-19.1811
-23.5208
-24.2503
-16.5213
-27.3617
-28.208
-29.4104
-38.279
-50.5884
-57.994
-53.2473
-48.9935
-48.0237
-46.1008
-46.1581
-46.7579
-48.3681
-45.6432
-42.7844
-36.8549
-42.8745
-42.8944
-34.8453
-40.0143
-42.823
-45.5225
-44.5734
-44.6535
-35.6091
-47.8853
-38.6547
-46.1859
-53.4187
-46.5217
-44.0635
-30.1378
-38.6383
-39.8952
-28.7341
-28.4687
-37.467
-21.5292
-30.8129
-43.7845
-34.6303
-38.3557
-37.5444
-42.2228
-34.8159
-34.0964
-37.1366
-35.432
-36.6556
-33.1938
-33.9454
-38.806
-35.0815
-37.2901
-35.9713
-49.0915
-51.1997
-55.4822
-54.0019
-58.3189
-44.8871
-46.9363
-53.4128
-54.4851
-48.099
-44.0209
-51.7426
-50.7738
-49.1986
-41.271
-50.1957
-51.4212
-52.958
-48.0196
-60.3715
-46.9299
-48.2901
-36.5393
-39.6845
-51.2384
-44.142
-38.8579
-42.8086
-52.28
-47.129
-52.984
-42.0626
-39.5955
-44.0532
-45.8732
-48.07
-55.7901
-54.2523
-55.1758
-56.4621
-48.3357
-54.1158
-53.2539
-52.3919
-45.0727
-43.7764
-40.692
-51.6109
-55.1877
-52.436
-43.2011
-44.5097
-50.2745
-53.8796
-54.1029
-48.4236
-54.7847
-50.2971
-47.9359
-44.7515
-44.3286
-56.6113
-47.9829
-56.6827
-49.2177
-51.7147
-44.1017
-53.3164
-59.2322
-57.4718
-51.9634
-55.1605
-58.7933
-52.9368
-52.3031
-57.4796
-46.0105
-50.5149
-49.7481
-44.4362
-50.0459
-45.5721
-51.4527
-51.0517
-52.9883
-49.5169
-50.4759
-50.2912
-52.1459
-47.609
-48.4898
-48.6394
-54.2792
-56.9136
-57.7301
-62.1585
-54.2681
-54.5856
-51.5251
-52.9267
-52.4062
-56.4126
-57.8851
-52.7666
-52.1376
-48.1675
-46.3998
-47.6557
-45.467
-47.3821
-44.0551
-45.7875
-53.1043
-54.7169
-53.6844
-51.2487
-48.8498
-53.2047
-58.5727
-55.768
-51.0826
-52.0203
-53.1172
-51.7096
-47.924
-44.1842
-41.8107
-46.7062
-38.1591
-37.9865
-38.3456
-48.0936
-50.1174
-55.4927
-50.1325
-48.7652
-56.2732
-61.0983
-51.8406
-48.4041
-43.7487
-45.5219
-40.45
-40.8359
-45.1886
-37.6197
-48.5626
-45.4093
-47.7049
-55.6362
-50.8306
-49.0089
-53.3071
-51.3974
-52.5842
-58.6393
-41.2446
-46.5662
-43.6778
-44.1823
-46.232
-50.7231
-37.9265
-40.83
-49.7019
-44.9482
-47.6108
-46.7892
