-198.085
-187.865
-174.842
-178.577
-175.583
-182.873
-175.507
-183.373
-171.115
-175.931
-162.738
-147.596
-156.349
-146.633
-141.944
-144.337
-150.265
-153.928
-131.882
-135.462
-241.466
-233.204
-187.161
-197.045
-179.954
-187.761
-214.213
-215.292
-204.53
-209.217
-195.243
-202.224
-200.649
-205.858
-211.936
-212.997
-208.341
-206.648
-178.654
-169.032
-166.599
-162.059
-171.029
-164.585
-155.792
-176.05
-171.252
-148.237
-144.887
-134.856
-154.425
-145.144
-140.787
-130.46
-125.547
-174.821
-183.184
-174.993
-197.616
-205.162
-194.298
-187.571
-184.264
-195.493
-173.869
-173.485
-174.699
-174.134
-187.168
-166.097
-183.831
-180.975
-175.922
-182.852
-177.87
-184.769
-163.912
-182.337
-185.261
-175.102
-169.254
-177
-182.144
-177.754
-183.548
-187.778
-184.836
-176.087
-189.715
-187.881
-195.934
-194.391
-197.561
-188.656
-190.858
-198.838
-184.926
-195.743
-201.139
-202.095
-200.986
-200.136
-200.418
-185.072
-182.465
-211.678
-209.373
-188.178
-172.672
-158.357
-164.51
-161.771
-177.965
-212.764
-200.551
-201.589
-198.058
-201.656
-210.784
-209.877
-206.133
-208.233
-202.049
-212.471
-224.298
-222.283
-221.356
-221.301
-211.461
-218.175
-225.242
-231.108
-210.379
-195.342
-198.129
-191.411
-195.975
-202.481
-204.186
-198.118
-198.61
-177.536
-170.303
-167.466
-191.235
-183.033
-158.609
-173.736
-172.16
-178.711
-173.32
-165.9
-153.932
-150.939
-150.284
-153.652
-153.089
-139.075
-147.126
-147.328
-153.946
-159.609
-153.549
-138.125
-143.31
-143.059
-143.902
-145.479
-135.914
-148.997
-133.978
-136.24
-143
-144.279
-140.485
-141.532
-131.142
-140.083
-135.564
-154.462
-132.4
-137.341
-134.26
-130.132
-137.774
-120.811
-136.447
-137.355
-129.418
-137.055
-140.033
-138.04
-138.526
-146.839
-139.881
-150.089
-141.022
-151.043
-150.679
-139.965
-140.927
-135.608
-147.418
-147.296
-134.944
-145.8
-141.99
-136.971
-147.52
-138.583
-138.224
-131.693
-135.417
