-21.2147
-16.4688
-21.0257
-15.012
-6.44326
-10.6794
1.2003
-10.3592
-4.0989
-10.4581
-0.233108
-18.3365
-8.34905
-11.7554
-6.84029
-9.25721
-14.229
-15.3958
-13.567
-16.9529
-7.56961
0.457326
-5.11501
9.26483
-0.663024
12.0062
5.17033
-12.7858
-5.21768
-9.16571
-16.6418
-11.1756
-8.54221
-4.84657
-20.3998
-11.7547
-16.1414
-18.829
-10.5661
-9.34368
-12.0978
3.95985
-7.13823
-11.5296
-6.48877
-11.8813
-5.64605
0.0779149
-9.16517
-5.17237
-10.7884
1.8826
-12.4536
-16.8606
-8.65374
-8.96454
-16.1005
-8.06072
-11.4176
0.969297
-10.4632
-8.66106
-1.28104
-0.836301
-8.86582
-3.64108
-7.49869
-1.2876
7.56994
-2.54984
-8.42288
-23.9008
-23.6071
-21.6654
-28.5844
-30.9345
-31.8319
-35.7792
-38.2296
-37.2643
-34.7826
-32.9783
-29.4361
-30.8583
-32.7071
-30.604
-30.1164
-27.7801
-25.2659
-29.7513
-29.6682
-24.8794
-26.4631
-24.2468
-22.1375
-26.9512
-25.7365
-24.4171
-25.0474
-26.8913
-23.9982
-29.0754
-29.3394
-28.5696
-25.3311
-30.4362
-24.7044
-23.1519
-22.4072
-25.9238
-25.1834
-19.9463
-30.3794
-25.2269
-18.6608
-19.0324
-16.8269
-18.5425
-21.2441
-16.8689
-19.3284
-22.6677
-24.1672
-20.9981
-21.2645
-23.5737
-21.3992
-13.7894
-15.2214
-22.9217
-26.7091
-25.0494
-24.1802
-25.742
-20.3123
-23.9111
-24.6873
-24.2295
-27.7985
-27.1981
-28.3897
-24.6228
-23.2845
-21.133
-22.1296
-27.2526
-23.4055
-24.063
-22.3405
-29.7405
-25.7498
-29.5927
-28.6275
-10.3963
-4.20452
-2.18148
-7.71817
-22.7783
-18.0645
-27.3698
-18.0426
-18.9511
-17.5662
-24.45
-27.8445
-29.2116
-32.0919
-29.4436
-30.2849
-22.8644
-27.4897
-21.4857
-24.98
-29.4861
-26.1607
-22.866
-22.3966
-29.7996
-21.0454
-22.8157
-24.243
-19.7517
-17.8299
-24.0206
-28.7904
-33.5446
-26.8734
-25.9334
-22.3483
-23.881
-20.3626
-26.0586
-21.9174
-21.3091
-25.1952
-27.5553
-37.1376
-40.0497
-39.6731
-42.6528
-35.0146
-27.044
-23.8231
-28.3818
-24.1232
-27.1191
-25.6448
-26.0827
-17.2077
-14.3723
-17.6199
-22.166
-1.16147
-10.3515
-18.8529
-24.6331
-14.005
-16.2185
-18.8742
-21.3279
-9.07841
-13.0238
-26.1752
-21.2515
-16.2849
-26.3641
-21.2798
-25.37
-22.8011
-24.7676
-26.8208
-26.9393
-28.6678
-32.9326
-31.4816
-9.09704
3.58681
3.79
0.863398
6.65963
3.01049
-0.169998
6.85703
-3.2108
6.25737
-1.75978
5.40426
3.04965
-0.89187
2.8298
-2.19823
-1.90702
-1.68645
-2.72907
-3.99956
-3.84307
-3.80671
-4.66027
-5.68164
-4.96177
-9.16101
-14.3265
-3.82973
-5.73136
-10.4061
-12.5235
-10.4516
-8.8713
-6.95232
-7.08764
-3.15834
-0.82693
-2.44778
-1.26398
-5.02273
-5.62505
-1.43473
3.08396
5.31338
-14.8318
-29.4183
-40.1615
-43.1649
-40.4662
-45.8315
-43.9617
-37.688
-41.8507
-39.6101
-43.0929
-36.3669
-41.5318
-47.0313
-42.509
-30.7883
-39.3854
-44.6552
-45.1419
-44.3892
-44.3077
-41.0123
-40.5947
-44.9555
-45.3192
-36.8729
-41.0552
-45.3347
-40.1327
-35.1381
-28.6328
-24.2293
-22.32
-29.7869
-29.3743
-21.1755
-18.7896
-19.515
-22.3592
-18.7498
-20.212
-18.5299
-9.42434
-9.12246
-11.4114
-30.2779
-30.4729
-46.0081
-42.0608
-45.7394
-45.0881
-30.1851
-9.12222
-17.0056
-2.86368
3.9098
-1.66434
-3.80984
-6.8069
-8.86214
-8.94497
-9.18703
-11.4199
-7.21088
-6.16331
1.35075
1.34097
-9.10141
-3.92892
-4.0772
-3.49517
-2.97336
-4.95517
-11.9625
-17.2221
-15.4086
-19.0534
-16.0575
-3.94851
4.20771
8.60699
15.6303
7.43888
10.3101
7.04645
-5.81339
0.998549
-11.8339
-13.9117
-10.3493
-15.4588
-14.8254
-12.0288
-10.4448
-12.6059
-19.7982
-20.1769
-23.6382
-29.6484
-22.2643
-19.5716
-23.7383
-12.1228
-16.8821
6.18887
8.7482
6.76127
1.32916
7.93389
2.36746
6.20213
3.23219
2.22477
2.44032
1.5155
7.63083
10.9776
0.774789
10.8153
11.763
8.62694
6.3978
2.61182
10.8118
-5.78632
-1.33435
2.70047
2.67459
-4.26512
8.75371
4.69393
2.27869
-1.12508
-5.25243
-5.28391
-2.21366
-2.90928
2.10559
8.76461
-4.84186
8.99401
8.84889
10.7946
5.90041
4.60919
2.77488
6.64347
10.052
7.82368
4.82163
8.05179
8.69775
-3.65535
-0.781672
-0.153824
-3.86914
-1.32459
0.663514
-2.95652
4.3414
-6.34276
3.68919
9.51286
5.07624
-1.7131
6.58025
2.39531
0.148606
-5.24724
-10.7286
-4.59069
-9.6118
-4.51647
-5.86068
-7.75872
-8.04301
-12.887
-7.39409
-16.7672
-9.1686
-2.2574
-4.53912
-5.73724
-3.44558
-7.4651
-7.3028
-3.66499
1.81247
-2.45005
-2.45761
4.68135
0.486553
-0.895033
-3.4986
-5.23052
-11.6638
-11.7358
-4.62836
-5.75733
-6.7657
-15.24
-5.8591
-4.65737
-2.75463
-6.3041
-4.48873
-7.38806
-10.8001
-0.814529
-14.9895
-4.06542
-5.20925
-13.27
-17.6069
-14.3928
-7.64611
-7.98153
-8.16146
-2.58385
-4.68438
-13.5148
-11.379
-9.92935
-9.38476
-13.3604
-10.3864
-15.7724
-15.2298
-8.43501
-11.5004
-12.6027
-10.4652
-10.1396
-11.1355
-8.66532
-7.07897
-11.4532
-10.2497
-11.6157
-11.5631
-9.39867
-5.15415
-3.14225
-4.12738
-15.9248
-9.60209
-13.1655
-5.93357
-6.74478
-8.50654
-14.6833
-15.0792
-6.6492
-12.4232
-14.5291
-17.1207
-16.8507
-14.7989
-12.6121
-9.40242
-11.8699
-10.8937
-12.0992
-13.1677
-7.8167
-10.5788
-15.2266
-10.0783
-11.4083
-3.59848
-12.1359
-1.65719
-0.377549
-4.42859
-5.70978
-7.48514
0.0165636
-12.9915
-7.9095
-7.90088
-6.20232
-7.80083
-22.6434
-20.3094
2.58426
-7.84106
-18.2323
-34.3012
-29.9069
-30.9337
-25.8282
-16.4051
-17.9926
-23.7372
-32.8458
4.047
4.50322
6.09591
2.77572
1.34935
-7.84837
-10.9511
-9.53016
-1.84884
-1.47223
-5.92427
-12.2737
-10.3753
-16.462
-15.5256
-19.174
-10.249
-15.3413
-17.0111
-16.3764
-15.3916
-14.05
-13.2012
-6.01869
-13.3821
-9.37469
-8.9126
-18.4443
-13.0202
-5.00853
-1.25726
-1.5753
-5.18225
-13.8254
-1.7882
-15.9611
-14.1262
-17.0423
-8.6197
-20.3542
-10.9855
-7.78493
-28.4855
-9.79072
-17.0551
-14.4685
-6.41989
-11.2657
-11.1581
-19.3666
-12.5865
-12.8787
-12.6654
-5.70458
-9.11308
-15.8916
-26.7509
-31.0138
-31.4489
-28.9018
-20.8756
-15.722
-32.3494
-19.7126
-36.7171
-33.801
-29.7843
-27.4982
-26.0076
-33.9058
-44.6922
-18.9918
-40.2919
-37.5733
-33.0385
-39.4553
-25.2798
-17.2703
-30.7871
-18.3747
-17.3295
-16.9906
-19.9686
-12.8139
-9.19037
-17.4967
-15.0845
-22.1404
-22.7617
-26.8815
-20.7981
-24.2025
-27.5467
-21.9643
-17.3042
-17.9595
-15.3169
-16.208
-17.9615
-18.5035
-16.8844
-17.1557
-16.4207
-15.5592
-14.5586
-19.0319
-14.1638
-7.3995
-14.9132
-13.6882
-16.445
-13.795
-16.2971
-16.7092
-15.4583
-17.1004
-22.528
-17.7632
-20.1121
-19.7825
-19.7064
-22.3901
-28.3778
-21.0301
-19.9813
-18.7837
-19.8561
-20.136
-13.0242
-21.9068
-21.6356
-18.4654
-21.3563
-14.6458
-11.1661
-10.8874
-11.534
-14.3041
-5.04511
-7.4063
-3.55133
-5.47712
-10.2378
-8.48018
-10.6509
-8.85884
-10.0534
-11.4228
-13.5766
-11.8881
-10.3453
-14.3689
-14.7573
-10.2719
-5.16259
-12.9909
-12.833
-15.46
-15.889
-8.37883
-13.3289
-11.9138
-13.9916
-12.3416
-13.9764
-13.9204
-11.8112
-13.504
-15.8704
-11.7896
-16.0462
-11.4042
-18.4682
-11.704
-13.5613
-11.4737
-20.9828
-18.1901
-20.3523
-19.6274
-29.8301
-29.0847
-28.5244
-31.0426
-33.9146
-27.4968
-26.7731
-31.3914
-25.5935
-26.5956
-23.0096
-17.8387
-24.1017
-23.0591
-8.3318
-20.6465
-20.3613
-19.264
-23.0056
-17.1834
-14.72
-17.7913
-6.16186
-5.37717
-2.28418
-11.0892
-5.371
-17.6507
11.5079
12.5033
14.1354
16.8179
10.6126
8.75313
6.60973
1.22751
-0.766755
17.4984
12.042
15.3084
4.31612
3.95187
3.53784
2.1922
1.5504
8.06398
3.59502
9.76101
6.51736
3.63751
18.4217
2.12333
3.04539
0.756337
-0.534685
-2.66721
-0.0634796
-2.21189
-15.492
-16.9349
-2.65971
-6.9021
-5.21298
1.69544
0.283976
0.406598
2.68177
2.33032
-3.38131
-2.07126
-10.5418
0.00875243
-3.99734
1.51607
-2.48952
-6.51768
-6.70308
-2.43236
-0.774511
-5.45792
-5.37055
-8.47621
0.282052
-10.5823
0.549192
9.92237
10.0564
-1.97911
-2.64386
-2.99318
3.70688
-6.51097
-5.43214
-4.42827
-9.73048
-1.36193
-3.95852
-9.70198
-3.54691
-0.82912
-3.16062
-4.93642
2.52594
1.29906
-6.40045
-3.11335
-6.69193
-10.706
-4.84437
-13.3172
-8.55437
-6.19649
-8.53932
0.979172
-0.0534015
-1.96709
1.00499
3.81183
-6.26625
-11.0022
-11.5486
-4.53981
-12.0643
-14.9942
-6.62713
-19.4816
-16.0013
-18.7793
-16.6274
-20.9461
-11.9293
-4.95227
-10.9422
-2.65134
-6.42721
-20.4738
-6.89351
-4.43868
-3.34876
-7.66448
-9.4432
-6.69955
0.432195
-4.60404
-8.76941
-10.6077
-16.4225
-0.191367
-12.0142
-7.00735
-6.30108
-6.71978
-11.3579
-9.42826
-14.6776
-6.64966
2.13055
-6.62633
-5.57111
-6.22017
-9.23551
-12.1492
-12.9309
-11.8476
-6.2139
-8.11361
-11.2967
-10.4165
-21.7353
-12.0797
-8.18574
-11.6953
-13.8936
-14.2271
-14.6658
-11.9726
-11.4445
-8.29439
-13.0303
-10.0637
-4.6886
-8.16545
-11.7781
-12.0095
-12.9844
-18.2141
-5.62496
-3.59081
-12.5266
-2.38668
-10.344
-8.12568
-8.72075
-12.9873
-9.71243
-0.519713
-5.75654
-10.1005
-5.19678
-11.2756
-20.0003
-9.68653
-10.4974
-14.8356
-18.6911
-16.7311
-19.4239
-5.90165
-4.39807
-7.53679
-9.5801
-15.8491
-13.8281
-12.0468
-4.40002
-11.3953
-12.4604
-10.4391
-15.4198
