-49.6466
-41.127
-49.0644
-46.5908
-43.4469
-50.7169
-52.3883
-55.1068
-48.6952
-45.6366
-47.8673
-51.398
-56.9915
-54.9992
-54.1991
-57.5139
-59.6721
-81.445
-86.6253
-86.7698
-85.3539
-88.3956
-85.3133
-84.3127
-82.2287
-78.7591
-81.0305
-79.1216
-78.1408
-79.6137
-76.6654
-76.7985
-74.4367
-73.0338
-79.9451
-83.051
-89.0727
-85.4458
-87.7159
-76.4581
-88.229
-83.2579
-86.6146
-88.4308
-85.4922
-80.1053
-80.4612
-78.6466
-77.5866
-82.2386
-85.2595
-84.9575
-77.8944
-76.0605
-83.1971
-77.2355
-77.0334
-75.9449
-82.703
-79.7254
-81.2014
-93.0986
-80.3724
-81.1685
-84.1903
-84.2175
-79.7769
-78.4484
-73.925
-74.1011
-78.7523
-72.3837
-78.2803
-79.035
-81.3329
-81.3575
-74.2976
-77.3283
-81.2923
-77.2032
-76.6382
-74.4775
-74.6955
-80.6214
-78.0454
-74.6579
-83.1268
-84.4181
-83.8433
-82.3198
-81.2633
-84.0242
-83.2624
-82.3178
-78.2961
-80.5749
-80.6631
-76.3684
-80.0752
-85.368
-86.3522
-82.7473
-72.1702
-82.566
-77.7895
-85.2486
-74.2472
-84.6206
-80.8549
-87.9752
-91.2273
-84.5205
-88.8805
-83.1407
-83.334
-88.4947
-90.0277
-84.8832
-92.584
-83.5075
-89.0116
-88.3269
-83.7367
-82.9423
-97.3635
-89.475
-95.9684
-93.0935
-84.6046
-89.1134
-90.8389
-100.776
-91.3107
-89.7157
-90.8387
-88.936
-89.8261
-97.4466
-96.0797
-92.857
-96.3322
-95.1146
-91.4222
-96.6863
-93.7431
-92.8892
-93.8609
-90.8492
-97.6619
-88.4682
-91.3105
-87.4626
-92.6037
-91.9866
-94.0606
-90.6453
-92.2046
-93.4353
-87.4963
-89.8962
-78.9052
-85.0371
-77.3241
-95.3959
-79.8888
-82.6809
-74.3834
-78.9557
-71.6357
-61.7581
-48.7173
-36.0813
-33.4494
-41.5686
-46.1925
-51.1944
-61.6303
-61.2415
-71.0306
-66.5636
-71.0709
-83.22
-79.9042
-75.7146
-79.3153
-74.473
-77.124
-80.9292
-79.1734
-73.2899
-72.2798
-66.3624
-74.8464
-71.199
-75.9924
-72.517
-78.8735
-70.7095
-70.9943
-78.6665
-77.6446
-72.027
-81.6062
-77.0032
-76.8282
-81.5249
-73.8909
-72.1895
-69.6331
-57.8196
-50.2106
-46.6687
-33.4289
