97.2919
104.782
104.863
85.1149
90.7728
96.8742
86.7117
82.6262
75.1261
78.878
81.0427
77.0245
77.6629
88.9674
86.8073
96.7928
101.132
105.452
102.249
91.6652
85.8098
76.97
92.7784
90.2427
90.2866
93.6615
104.494
111.133
93.8797
89.1749
94.0433
87.5096
94.3355
88.1365
76.0023
86.8899
82.9344
78.2235
76.848
81.9694
77.7122
93.9957
80.1824
85.9566
98.9616
86.8493
84.9166
90.8284
88.6554
91.913
95.0605
100.039
90.2826
93.0247
92.3434
98.4554
96.4339
91.0115
91.24
95.9786
92.2358
93.669
97.9157
91.7309
94.8682
91.3802
95.1936
91.0503
84.4422
88.6914
92.0984
79.2429
87.8734
84.5141
88.0066
87.9588
86.8484
85.1344
96.2178
88.7065
94.646
88.4789
90.9099
80.314
103.996
80.8458
79.7148
91.5739
94.1563
85.2312
94.7256
90.3814
90.0803
88.1232
89.6418
87.1428
90.7259
93.5031
86.5477
85.5244
86.6773
84.5128
88.8839
94.61
82.2015
91.9449
94.8543
91.9073
72.8076
88.3922
88.2641
88.8238
89.4313
77.3714
81.9942
83.9641
86.1805
89.4505
84.4728
82.7661
83.4346
88.7514
78.834
87.1805
99.6114
95.7278
92.1794
99.9282
82.5539
93.0225
88.879
81.0463
99.1542
94.6684
91.3281
82.1051
99.5353
95.1797
103.769
99.7742
81.8626
91.4671
94.1401
82.4801
80.031
76.5722
75.9567
79.361
80.1063
74.9721
90.7397
88.0891
91.3031
108.397
101.331
92.3837
89.5064
86.0546
77.0434
89.1234
97.8544
80.7122
96.3215
101.126
108.551
91.4946
91.3817
92.8082
89.8639
91.2899
85.7241
80.8634
85.4831
79.0591
73.453
76.8188
76.1582
78.0923
94.3122
78.2755
92.7263
91.9947
91.5158
87.2485
94.4582
84.2904
96.9941
96.9672
95.9926
86.8295
91.8158
90.0071
102.148
96.9206
91.0929
92.9859
100.064
92.8653
96.0975
96.6708
90.4122
94.9689
95.2767
87.3617
88.2459
87.3806
91.4133
84.9258
81.5106
89.2337
83.0098
90.1805
96.7766
82.0683
83.5942
91.788
89.652
89.905
94.1407
89.804
93.2667
89.9317
81.2913
83.8141
88.3831
92.5715
81.8401
96.4142
88.5566
83.3714
90.2103
89.9578
86.5016
90.3648
90.0182
85.3885
79.8643
82.8039
85.9025
92.2217
90.4603
89.8393
94.1364
94.6573
88.1492
82.8752
94.7315
87.0901
86.4981
93.9961
87.0967
83.4026
85.6278
86.4257
90.0069
88.9653
80.278
86.3265
85.8829
84.0767
89.3355
100.452
93.4256
90.6933
98.9941
88.2272
91.9431
84.4788
89.531
94.4851
90.9392
88.1476
85.183
94.4415
98.1447
110.009
92.9083
79.8067
93.1859
94.0107
80.6501
79.2875
85.0491
78.8586
77.5422
86.3684
78.9873
91.319
97.9384
89.8588
103.8
94.75
86.1991
85.7754
83.8389
84.9168
80.2908
97.4929
81.9593
96.4209
106.109
102.854
88.7011
92.1172
91.6996
89.7051
86.0936
82.2779
86.8146
86.8331
92.1145
70.8232
77.0231
79.9752
79.3962
95.3763
78.2089
95.5682
90.0971
89.5368
84.4339
95.9033
85.6293
94.6992
101.874
92.4187
89.7788
90.4543
91.8302
98.9446
101.369
88.2572
97.1509
98.3957
90.9256
93.5961
92.8979
86.6879
95.9868
93.8051
86.3159
82.339
88.8973
92.4584
77.0787
80.3223
88.9142
82.2895
91.0075
91.9206
82.8367
85.2874
85.7101
96.5765
87.2426
93.4682
87.9305
94.3355
82.79
84.1311
88.1025
88.6408
92.1933
88.7188
95.5648
89.0258
78.3113
92.9306
93.4156
85.3284
94.4732
84.3806
91.8704
82.8952
83.5639
84.9552
86.3398
88.5558
87.6199
93.9298
93.5366
84.4972
89.5812
95.8027
92.2969
85.6287
90.3075
90.6254
84.2154
86.5035
87.1301
87.5651
93.5997
79.9824
89.0903
