28.6472
26.4793
31.5634
22.3686
28.4383
30.0375
28.1219
28.9579
35.005
32.1269
30.9471
30.3243
35.9763
39.4227
11.0666
27.9718
27.2793
21.961
25.0051
22.287
25.79
19.418
28.5888
28.0228
32.0085
29.7604
22.6592
26.4413
29.1184
24.6155
34.9556
34.1046
29.1008
30.0241
29.6149
33.0475
30.5722
31.0293
40.7738
46.4772
43.4548
41.7843
32.9815
35.7038
39.1325
31.5145
33.0313
23.413
33.8096
23.6309
32.6255
32.4632
24.395
30.526
15.7393
33.0284
26.2176
28.4504
33.8505
35.678
42.1903
44.2262
43.2758
44.0788
45.8931
47.2784
47.6005
40.5806
43.6294
46.6726
41.765
49.3722
47.3784
45.823
42.2158
47.7536
48.5773
47.8818
42.4759
49.3296
44.7999
49.3856
43.8138
43.6482
43.4764
48.4876
43.524
44.6795
44.1788
47.9479
44.6002
40.2227
47.6349
41.7757
44.3846
41.1253
38.7128
40.5909
40.9566
33.922
41.683
36.7613
36.6081
37.6933
36.7785
28.3422
29.5052
31.1389
30.9716
34.012
24.3944
25.9222
28.3832
29.1732
35.2887
37.2289
40.9679
45.6769
38.0593
46.6114
49.1246
40.055
42.4215
40.2993
38.2854
41.3145
38.9509
43.4203
43.3928
33.2856
37.3026
34.1146
31.1341
32.6481
32.1367
37.2871
31.6253
30.8819
30.9171
38.0004
32.1146
33.9964
21.0327
27.5483
29.9679
23.0361
30.1341
28.2338
22.0202
20.0587
33.3627
23.3109
23.4839
21.6711
29.845
19.1749
24.1136
23.8131
20.3053
27.0127
28.0085
30.1232
43.3745
33.8026
34.3115
27.6776
23.983
26.6009
39.0729
28.5016
17.2447
18.0737
35.0671
37.6733
39.6211
26.4801
27.7573
19.1881
31.718
26.1542
15.1248
22.514
26.3281
24.3328
29.6849
30.3302
22.2881
22.958
29.5791
23.1335
18.7849
30.2213
16.1999
21.644
32.5568
25.609
23.5085
29.7025
16.0647
26.6135
31.0296
17.2577
33.9568
28.6117
26.1922
21.4583
18.7742
7.22846
17.6172
27.4732
23.7928
28.8038
25.1598
42.3284
22.2704
25.3167
28.7345
25.6209
29.7549
29.1169
16.4746
23.4722
22.5972
27.4804
25.6958
30.5565
33.8185
31.5358
25.6062
17.2397
23.3107
32.8539
28.9312
24.9886
19.4998
17.4386
18.9372
26.8638
20.7725
25.3711
22.4583
28.3157
32.88
26.103
29.5679
31.0918
29.718
24.1083
35.8165
32.4565
31.6643
34.5118
32.3277
29.0006
13.1217
31.0666
26.3725
23.8703
22.0641
20.4873
25.3491
22.7232
31.124
31.9225
29.411
23.6365
22.9596
30.1438
21.2345
27.5061
30.6993
36.3485
31.1692
30.2233
28.7212
36.1956
28.6974
36.6056
40.9992
47.6869
35.4377
44.505
31.2555
41.5896
43.7042
29.5789
29.7556
28.9455
29.9355
23.0542
27.487
26.9589
38.4833
33.3463
19.2288
37.0828
25.8597
24.7009
34.6825
35.0982
37.3436
46.4378
45.695
48.0565
45.6569
48.6913
50.2854
44.6635
50.0874
42.3355
40.966
48.6941
48.3387
43.1229
39.6901
49.6221
43.2701
45.0549
42.6733
52.3371
40.6695
44.2546
39.6253
41.1207
42.681
46.494
42.5789
43.864
44.4394
47.8947
43.8794
41.3127
47.9646
41.4922
44.5816
42.2731
39.3913
43.9432
41.2437
36.8576
44.6759
37.2901
41.4964
38.8807
40.4345
32.6753
28.9035
26.4713
30.9531
36.6227
23.0443
33.0579
39.592
31.864
38.3474
40.1315
41.5241
43.5187
43.5077
52.2924
42.3038
40.1977
41.8883
36.9033
31.4293
37.0464
27.4771
39.21
40.1867
37.833
38.3338
34.0299
31.2237
34.8802
34.4901
34.2526
32.0521
34.1944
30.9719
34.1996
34.497
38.0524
24.9532
33.8102
27.1489
17.8963
24.4942
33.5641
27.2119
24.7179
30.7802
24.4417
21.0329
23.0228
23.1709
23.7628
28.7187
20.7796
20.0409
29.48
24.7608
36.122
43.9476
35.4171
37.1838
28.6142
24.0345
27.2313
37.9077
26.8934
15.1614
26.5021
38.7315
32.8402
32.7412
25.9293
26.83
19.3364
31.0431
34.5806
26.391
28.3448
24.6521
32.7947
33.1364
21.9239
16.3676
26.2564
21.8735
24.408
28.7659
27.6132
13.9984
20.5086
31.3886
28.1217
30.0008
28.2666
10.8804
28.4814
27.3403
16.7033
34.8746
19.4744
21.7037
23.6913
21.1305
10.4116
10.0494
19.9987
22.3764
40.4836
25.136
37.6722
24.4699
17.2109
30.8713
32.4011
29.3607
31.6697
13.4755
13.5282
25.2239
28.1244
24.9264
34.4798
29.6034
33.6094
24.5133
23.0494
28.0694
26.354
33.2914
18.1841
24.3099
18.2769
22.4244
32.3353
18.4492
29.7809
20.001
28.5992
32.2661
29.7193
33.0535
30.9085
31.6351
20.6357
30.7565
29.5285
30.9918
34.0251
35.819
16.1666
14.3819
28.1603
23.0003
25.8254
25.374
24.6137
25.401
26.1798
34.8656
30.8313
24.1761
18.5704
25.5958
28.2911
20.1786
30.6349
33.875
30.3211
32.9512
29.6203
29.9262
36.9063
30.1621
42.4572
42.3224
43.8509
38.2112
37.82
32.5578
40.3013
37.8931
34.9285
33.8442
36.7895
26.9578
27.0797
30.3442
14.9151
34.9253
28.4179
21.2151
36.8454
30.8231
25.6704
35.8391
36.2413
35.48
41.4092
44.4953
50.2765
44.8695
45.3448
49.6962
46.1686
52.7008
50.4205
43.8256
46.8442
50.0016
45.4813
43.0612
48.0391
46.7481
46.576
39.8448
51.0841
43.16
48.7586
43.9222
41.4362
49.0842
48.4645
45.0009
47.6414
47.7671
49.4965
44.4135
45.454
50.4883
42.3326
45.8156
46.0734
42.2569
49.127
41.7969
39.6846
48.5715
37.4497
44.9701
38.8662
45.5441
36.0709
33.116
33.6358
32.8189
37.4355
24.0777
33.7689
37.6657
33.111
41.1474
43.2374
42.056
43.1806
43.8196
51.4641
40.0667
43.3096
42.5216
37.217
31.617
37.8124
39.1393
40.3689
37.4992
38.2279
36.8092
30.3142
28.7448
35.9395
37.373
32.4007
32.3318
33.4493
32.5345
30.3572
37.3574
25.8076
22.0331
34.5281
28.7834
22.7908
16.3131
26.7986
25.3918
29.6991
23.8442
25.9803
19.7299
23.9347
18.9507
22.0944
38.6511
17.1627
16.5221
28.5243
24.8776
35.967
38.136
38.9376
33.9873
24.3684
29.7642
29.2349
38.0179
23.7131
20.3057
30.9078
37.9955
35.0237
26.9266
26.0672
24.0883
27.0495
31.9897
23.1885
23.9722
31.7012
23.3592
33.8116
38.62
20.9164
14.6043
28.3695
20.0684
26.0407
29.178
29.5917
14.1177
25.7631
31.8473
28.5431
30.5881
28.2675
16.3702
27.7733
16.8652
19.7243
34.5892
28.528
23.9392
21.2826
5.97798
16.2825
6.71175
16.4971
21.1748
37.588
30.9156
22.0954
30.9475
19.0188
31.3002
39.6489
25.0599
28.3511
18.0364
11.1935
25.7074
24.6939
23.7249
41.5971
28.8358
32.3505
20.8521
22.3425
25.9073
23.6572
33.0135
18.4571
24.793
12.6028
18.5455
30.7478
19.9443
28.7676
20.9832
25.6479
25.833
28.2686
30.9137
30.5863
31.8279
22.5828
26.9026
33.9141
29.3076
34.0432
39.1379
6.29299
26.6964
26.0332
18.0874
24.548
25.4317
25.5433
21.4861
31.9404
27.3024
30.8655
30.9515
18.8622
24.8006
27.6503
23.5394
30.8591
34.6462
28.8732
29.99
27.8995
29.5135
32.3177
32.2101
38.2676
44.5132
45.527
44.8028
34.1278
35.2569
40.7562
38.1709
33.8626
31.1476
38.973
19.7665
28.5681
32.2217
22.6051
33.1148
18.9739
26.7287
34.058
34.3627
31.9705
38.2155
41.4758
39.9586
41.5735
41.7472
46.8204
44.9911
45.9173
44.3459
44.9354
48.7631
46.4228
49.7157
46.5735
48.5402
46.9154
46.8216
50.8388
50.5827
43.3059
43.0375
45.3786
47.6146
48.0063
45.9406
41.485
49.1814
45.646
47.2899
48.8367
52.8041
50.5085
44.5571
49.7908
47.9768
43.0461
44.1672
43.1949
42.0506
46.4908
40.3759
43.2844
47.8805
40.2219
42.5524
40.2861
44.8136
38.1699
38.6953
34.5851
34.4927
32.7259
25.7448
30.0153
39.0372
33.5078
41.1434
44.5592
42.8898
42.2078
45.7525
52.6812
39.6531
45.6926
42.3918
37.1771
32.3099
39.0568
40.8578
44.0644
32.7134
37.5595
33.5942
30.1358
29.3759
33.6714
40.5655
31.4464
30.8694
32.3568
33.7096
32.8981
35.2889
19.6522
20.7291
31.746
29.5494
28.5919
20.9663
19.9023
20.8599
31.4877
19.8396
25.0531
19.6105
30.8399
13.3057
22.1913
31.9309
17.3543
22.3344
28.0199
29.409
37.4316
33.7504
31.3396
29.3223
25.7216
29.4587
30.9457
36.862
20.6472
20.0851
34.6742
40.2014
35.7748
23.361
24.3088
22.509
31.8899
30.9473
17.6504
22.7304
33.0037
21.902
33.3975
38.7137
22.7689
18.0832
31.1125
15.6778
22.8181
30.9541
26.7046
23.1253
27.2647
30.7939
19.6529
31.7284
19.9798
22.1914
30.2624
19.2986
27.641
34.7942
29.8937
28.7932
20.6834
9.43781
15.7717
21.2236
17.1045
23.9229
27.4512
38.167
15.1719
30.0551
25.3883
21.2657
38.4297
27.2486
21.8205
25.3192
19.0226
25.2031
24.3005
30.149
37.8405
32.7449
26.2273
18.6958
23.4965
28.5863
24.6518
27.9623
19.8458
22.5376
14.2211
25.4966
27.5283
21.1191
25.9648
26.4793
31.5634
22.3686
28.4383
30.0375
28.1219
28.9579
35.005
32.1269
30.9471
30.3243
35.9763
40.0745
