-22.729
-30.6026
-23.9979
-21.4647
-21.9718
-19.749
-20.4085
-19.3419
-19.5695
-11.8695
-17.3609
-27.5638
-18.4021
-31.85
-17.7847
-27.4336
-20.177
-16.3611
-20.479
-17.4655
-9.96089
-4.79111
-11.8697
-17.7468
-21.5694
-19.5165
-32.0662
-27.8818
-25.8672
-30.3718
-40.0707
-43.4228
-38.8364
-37.5347
-36.9563
-28.7244
-31.7403
-31.7786
-20.4503
-32.8344
-12.8992
-34.4674
-18.2772
-32.2924
-32.2554
-25.271
-15.4407
-23.3086
-25.5115
-19.9858
-17.7587
-16.7487
-25.0599
-13.2985
-14.127
-11.3101
-32.2358
-15.7125
-24.0542
-26.4695
-22.8499
-15.6066
-11.2177
-9.75046
-12.9056
-14.0489
-4.65315
-12.8704
-5.73833
-7.56425
-1.36439
-1.82263
2.88945
-2.25692
-12.5243
-4.83184
-5.96914
-12.2207
-5.3748
-13.7011
-4.59201
-7.24891
-5.91789
-8.59394
-2.10779
-2.94135
-6.48754
-1.17996
-0.982541
-1.53001
-1.38434
-3.22728
-7.17002
4.93831
-1.46334
-4.20875
-6.48705
-3.41857
2.08806
-4.44778
-5.6216
-4.68585
1.42431
-2.39432
0.314834
-3.64921
-5.5984
-2.44516
-12.3185
-2.6404
-5.51816
-10.3479
-14.2074
-15.9284
-8.18655
-2.23773
0.676207
-0.78649
-4.1931
-3.18919
-11.1797
-13.0752
-11.0294
-8.93482
1.46847
4.83175
2.91286
5.53671
-4.2349
-2.93213
2.11521
-8.70538
0.483399
6.59306
-0.915985
-1.51491
0.750015
-4.17973
1.63117
-6.12904
-5.00368
-5.65866
-16.2145
-14.1531
-25.8648
-10.6739
-4.11454
-7.93974
-1.06886
-10.9969
-13.0643
-27.1077
-26.4552
-17.8781
-15.891
-12.1833
-12.7365
-13.4965
-10.5423
-15.8774
-14.2771
-26.0612
-27.7367
-15.1185
-13.026
-22.0953
-15.0666
-11.7797
-13.5042
-7.62861
-21.1262
-5.24081
-11.8832
-16.7949
-31.4822
-23.8194
-21.7075
-21.7442
-13.8116
-12.7849
-1.4851
-29.571
-19.6725
-23.4006
-10.0281
-0.860635
-10.7967
-14.3442
-21.5621
-19.7042
-23.6625
-20.6817
-25.2769
-26.1352
-18.412
-12.3009
-18.4416
-14.0681
-19.4975
-14.6137
-18.1549
-7.51055
-4.6592
-14.0667
-19.0599
-20.4425
-17.232
-17.6619
-4.69459
-13.0954
-14.0308
-19.7985
-15.5158
