-55.1437
-80.4825
-92.6756
-86.8335
-84.9924
-92.0255
-86.7952
-60.8679
-94.8836
-132.529
-137.89
-136.193
-106.488
-92.6781
-104.864
-108.77
-104.523
-97.1724
-99.5767
-99.0752
-78.2434
-107.035
-111.176
-72.7619
-72.0432
-95.8288
-86.4947
-75.2653
-67.6328
-69.068
-69.209
-62.6449
-68.3114
-84.6271
-72.9294
-78.6261
-76.2624
-68.5526
-74.3174
-86.5016
-89.9241
-86.8082
-91.3656
-95.2403
-97.7531
-96.0913
-99.0062
-112.861
-97.7496
-98.6929
-102.555
-100.063
-100.006
-101.857
-106.575
-100.934
-99.9722
-98.3524
-94.9766
-92.6969
-86.5558
-96.4558
-100.972
-92.7993
-98.3367
-100.3
-94.6599
-94.5187
-92.4638
-81.8732
-89.6754
-93.6448
-84.2994
-97.2422
-89.8181
-89.2356
-90.2047
-97.9257
-102.946
-94.5605
-96.7658
-104.016
-103.594
-94.6523
-89.1441
-96.0597
-97.6843
-94.5914
-90.0643
-98.0152
-90.7099
-94.2794
-88.9425
-97.3626
-97.6669
-96.8547
-89.241
-93.4163
-98.1011
-97.9786
-97.7225
-98.8499
-95.2861
-92.3045
-93.1984
-92.221
-99.1135
-95.9416
-99.8528
-93.1568
-93.2747
-98.2317
-93.932
-91.6767
-99.3
-100.561
-102.201
-100.326
-107.107
-108.724
-103.168
-103.067
-104.762
-106.332
-93.082
-106.28
-100.85
-106.313
-110.324
-108.583
-105.887
-104.388
-108.895
-105.72
-95.6511
-108.17
-94.1925
-101.933
-102.049
-97.3551
-105.306
-109.154
-106.017
-106.947
-87.9324
-96.2134
-89.8927
-116.975
-103.098
-80.3105
-55.2833
-75.859
-102.019
-94.301
-100.603
-92.7597
-94.6679
-104.462
-104.272
-105.802
-102.169
-106.796
-103.48
-105.934
-107.267
-101.172
-102.692
-104.633
-98.8938
-102.747
-109.739
-109.495
-100.56
-101.589
-92.3547
-86.226
-75.3431
-73.671
-80.016
-91.0363
-106.04
-106.141
-107.162
-110.351
-113.908
-112.238
-114.872
-121.597
-122.757
-117.401
-118.535
-111.502
-112.702
-114.642
-112.705
-115.47
-112.197
-106.481
-104.707
-102.75
-107.904
-115.401
-110.86
-90.0171
-97.0432
-88.6987
-99.6926
-98.4327
-83.4704
-108.888
-112.53
-109.854
-109.866
-110.547
-104.531
-107.905
-103.789
-114.065
-106.986
-100.748
-100.333
-106.938
-103.875
-98.1702
-101.666
-98.2448
-100.071
-104.551
-101.583
-102.738
-112.112
-115.925
-132.106
-115.439
-113.207
-108.289
-102.065
-115.047
-123.982
-136.749
-140.585
-140.41
-125.374
-127.634
-129.805
-121.048
-121.357
-120.333
-124.017
-124.911
-120.149
-115.527
-119.305
-117.099
-114.497
-124.216
-111.047
-106.945
-105.111
-101.268
-91.5135
-84.0085
-85.6854
-80.4132
-77.4693
-66.4361
-85.2548
-103.907
-109.86
-108.609
-106.352
-117.04
-112.588
-109.621
-118.492
-120.655
-119.84
-123.525
-121.031
-118.537
-118.551
-118.051
-119.337
-114.949
-113.763
-108.027
-100.097
-105.516
-100.823
-113.813
-110.063
-101.383
-90.227
-95.9183
-79.0053
-105.793
-103.733
-92.9706
-91.2572
-82.9454
-92.1665
-88.5816
-85.56
-83.8099
-90.2214
-87.993
-78.0002
-83.2837
-88.7933
-85.8283
-95.3752
-89.978
-91.8473
-90.0843
-84.5779
-101.368
-101.546
-110.214
-103.725
-105.294
-104.224
-115.199
-109.078
-112.726
-112.52
-117.166
-124.723
-120.411
-118.446
-108.925
-105.99
-115.559
-114.284
-108.071
-115.889
-113.313
-126.18
-118.188
-109.838
-102.501
-105.494
-98.7089
-99.7389
-99.1998
-94.0055
-81.816
-84.4473
-78.0288
-83.5473
-70.8354
-79.3351
-90.1833
-101.016
-110.234
-108.141
-110.356
-111.959
-120.134
-114.399
-115.01
-120.308
-117.039
-113.992
-118.431
-120.568
-123.901
-124.612
-117.91
-115.704
-119.742
-81.9787
-86.3173
-91.6929
-80.9193
-79.6856
-81.3071
-77.8698
-80.149
-62.842
-64.9793
-53.7147
-100.59
-111.345
-104.735
-98.9546
-75.4677
-60.4246
-61.2601
-57.891
-59.2318
-56.154
-59.9042
-60.1146
-61.4345
-59.3292
-56.7203
-56.6311
-55.6774
-42.204
-47.0822
-56.5978
-76.234
-57.5209
-84.3043
-74.371
-59.123
-43.3129
-83.3936
-80.9619
-87.1363
-93.5634
-95.1036
-97.8463
-99.6872
-96.8459
-95.1877
-99.8502
-107.304
-102.559
-105.318
-106.976
-106.797
-109.037
-106.58
-97.5149
-114.653
-111.042
-106.491
-107.987
-109.724
-106.502
-115.04
-108.708
-118.245
-119.493
-125.544
-127.183
-119.975
-114.54
-122.09
-117.437
-122.232
-118.069
-119.443
-118.559
-127.401
-126.581
-122.965
-126.134
-125.784
-127.836
-122.001
-128.809
-127.003
-131.503
-128.154
-122.641
-125.254
-124.139
-115.387
-121.99
-117.613
-120.107
-119.511
-122.587
-131.847
-129.416
-124.848
-122.758
-123.192
-123.286
-118.628
-122.686
-115.887
-101.754
-103.886
-109.667
-102.274
-103.866
-107.752
-102.833
-104.051
-102.927
-107.093
-121.685
-120.7
-131.709
-78.1249
-102.714
-101.976
-97.5814
-85.6493
-100.934
-97.5132
-97.838
-85.3616
-79.067
-77.9574
-70.3298
-68.7634
-71.0017
-60.8688
-55.6261
-62.6335
-61.649
-81.6804
-94.5781
-96.3552
-99.5735
-102.372
-102.809
-108.106
-110.784
-111.408
-112.826
-113.206
-114.621
-116.241
-111.091
-107.626
-108.259
-110.346
-113.635
-113.466
-113.926
-112.495
-112.382
-105.815
-111.196
-112.889
-117.425
-115.644
-113.468
-104.891
-108.659
-111.034
-110.059
-105.492
