115.763
111.566
106.544
111.74
112.789
107.867
114.567
116.952
114.055
118.162
115.939
114.222
112.997
111.78
110.665
107.919
105.016
121.891
123.464
113.349
113.071
110.482
109.432
111.751
103.61
108.132
115.208
113.714
124.007
121.373
112.452
113.354
105.205
120.202
104.453
94.8491
100.217
101.564
103.059
104.309
119.836
118.6
113.384
108.821
107.414
109.029
118.666
113.23
113.342
116.966
113.775
115.466
114.203
115.399
111.449
112.439
109.173
112.725
114.77
115.109
110.962
108.929
108.684
103.073
114.906
109.066
110.051
112.724
115.213
116.52
120.399
119.151
115.601
120.563
116.179
123.351
117.345
118.91
116.298
111.806
109.096
113.07
113.962
114.641
115.528
115.211
114.117
101.059
114.617
112.656
108.945
107.537
117.349
108.873
79.8021
96.739
109.692
114.301
126.082
118.59
115.451
118.376
118.778
120.082
114.18
113.016
113.446
123.325
122.727
124.028
125.131
127.363
130.11
118.339
126.238
133.961
130.041
125.845
124.644
127.601
131.656
136.035
134.842
132.494
127.408
121.25
112.795
125.52
124.326
117.981
100.065
102.71
111.605
111.707
106.168
119.781
111.074
113.101
106.029
101.737
100.495
102.355
103.393
105.374
108.684
106.437
103.117
99.0278
97.655
100.986
96.4747
98.4893
110.366
118.347
117.792
115.664
127.67
127.211
129.436
124.623
134.421
126.715
124.904
121.696
135.578
138.935
133.149
130.489
125.908
130.815
126.278
127.974
126.265
121.255
118.059
129.174
123.522
127.941
122.537
131.697
129.507
136.199
133.293
134.505
128.431
130.586
139.479
131.271
135.59
136.391
138.907
143.661
137.875
130.737
132.6
132.417
135.632
138.641
139.235
134.731
143.396
138.573
132.179
139.175
132.177
140.916
137.517
133.365
143.152
136.429
132.872
135.143
129.57
136.483
130.274
134.818
136.297
137.909
137.429
137.899
133.435
139.752
136.401
143.706
144.597
137.638
139.242
136.208
135.376
132.618
134.848
120.564
126.839
112.046
116.121
114.327
124.878
130.507
135.167
131.744
128.08
131.497
134.446
132.661
130.692
136.371
140.365
140.404
133.387
133.651
133.808
138.486
127.396
130.076
132.715
127.012
129.303
129.82
121.201
120.498
119.613
125.974
127.363
114.972
112.392
99.0989
116.584
91.2265
96.4167
101.852
98.5664
109.327
115.772
116.871
120.285
117.652
121.035
116.811
118.953
115.794
117.146
114.055
120.463
117.163
118.49
116.826
115.515
115.95
120.947
118.576
111.299
108.053
109.357
112.331
109.221
114.026
112.002
116.127
113.844
117.376
111.558
112.61
118.11
116.87
117.299
111.877
110.544
116.629
121.69
120.859
113.588
120.083
118.108
117.177
112.861
113.374
112.99
116.104
122.231
117.424
121.665
123.329
116
117.052
114.106
114.257
118.114
111.751
114.294
115.713
114.72
115.745
123.621
122.052
124.024
128.207
133.062
128.408
127.141
127.174
123.548
120.289
121.506
117.431
115.906
117.307
131.989
105.666
107.517
111.638
117.224
106.762
119.209
111.225
107.357
104.134
97.2302
126.772
119.237
114.601
109.859
114.63
106.897
114.369
103.804
85.7757
81.3898
83.3301
84.256
89.8404
97.1318
92.9099
103.037
102.819
107.705
110.684
104.317
108.947
115.261
115.047
118.817
118.924
110.598
116.504
121.166
110.129
126.811
130.094
130.29
126.475
126.053
135.217
126.696
133.029
133.343
128.849
139.969
121.413
128.004
125.33
132.704
128.528
127.573
125.513
129.183
129.101
126.122
129.012
121.133
127.48
125.277
122.525
120.523
116.111
117.163
112.358
100.723
102.413
112.837
101.53
115.041
116.685
122.243
110.699
115.409
103.542
121.864
115.709
125.003
122.403
122.323
123.866
127.046
128.952
131.467
130.553
122.43
119.503
114.674
110.688
103.789
102.009
102.593
98.2859
91.5309
94.9775
100.669
103.59
106.639
97.6237
116.804
132.592
135.06
131.398
136.243
130.796
127.756
130.221
131.067
128.113
123.511
128.79
131.005
134.515
133.592
133.018
131.248
128.622
131.557
128.839
128.835
128.915
129.985
126.164
130.38
128.811
128.115
136.334
138.02
131.233
121.099
119.392
108.53
104.382
101.803
96.3679
113.934
97.9982
