-28.4034
-41.949
-45.3443
-27.8392
-27.9176
-31.2045
-24.2777
-28.233
-29.5771
-22.6979
-16.5358
-24.5283
-26.3618
-19.9723
-20.169
-21.5829
-16.6084
-24.5809
-19.0242
-35.1125
-26.5741
-33.5282
-41.1921
-26.6747
-38.9026
-37.6684
-37.4701
-28.6851
-17.772
-17.0185
-18.8858
-22.2748
-19.8564
-29.0172
-28.8712
-20.8331
-25.1496
-26.7551
-21.1261
-21.5843
-25.5202
-20.7831
-27.1839
-25.2613
-38.7826
-23.0049
-15.7097
-24.856
-35.8677
-41.629
-36.5789
-29.0293
-36.9087
-35.4027
-29.9702
-31.36
-36.5812
-28.2927
-43.7342
-42.3653
-42.8538
-39.2321
-35.4366
-37.5171
-34.2905
-32.8914
-33.6977
-39.0237
-35.4154
-34.3046
-41.5256
-35.8702
-31.8667
-40.3598
-34.8117
-30.5463
-31.7302
-40.68
-41.8737
-44.5505
-39.04
-41.3229
-41.0369
-41.1055
-45.2966
-46.2185
-47.5959
-43.6607
-42.1027
-43.9643
-44.1769
-44.7583
-46.4309
-38.7903
-40.3502
-44.6072
-40.3251
-42.6517
-38.3007
-40.3444
-36.1364
-34.2035
-35.7685
-40.3755
-41.7843
-41.2456
-42.1021
-48.0265
-45.5011
-45.7148
-43.7916
-42.8332
-48.6345
-40.9819
-39.1756
-37.1414
-27.8742
-16.4156
-13.9885
-13.8214
-19.2043
-14.7741
-19.6938
-17.1361
-16.5545
-18.6417
-30.2154
-31.623
-32.1673
-31.2782
-32.6083
-28.645
-30.335
-31.4892
-28.1752
-35.6018
-26.0873
-31.6463
-31.118
-28.8906
-30.4212
-37.1286
-35.5188
-26.5218
-35.8348
-23.0727
-36.5834
-39.1965
-26.6989
-25.5937
-22.3911
-28.6683
-31.9688
-27.2824
-30.2203
-18.0835
-28.0777
-23.4216
-21.0998
-32.527
-31.4743
-24.6014
-24.2614
-23.397
-28.5407
-31.4052
-24.3242
-25.0367
-33.886
-36.6893
-36.0324
-22.0257
-16.9686
-32.5929
-25.0071
-34.9641
-33.4644
-33.2904
-13.6517
-23.6525
-13.3983
-21.5416
-21.1188
-23.6195
-28.643
-33.8495
-21.8282
-36.1399
-42.0815
-38.2184
-24.051
-30.6398
-31.2596
-25.9313
-29.3424
-24.8834
-26.088
-26.9613
-23.03
-29.0236
-25.0313
-26.3518
-26.1235
-28.3883
-18.9993
-33.4037
-27.2243
-24.2801
-34.908
-27.3086
-27.4223
-30.0352
-30.6053
-31.0374
-28.8884
-28.1937
-32.8937
-22.7868
-34.2229
-24.3916
-33.5584
-44.655
-28.6147
-25.8436
-23.5047
-20.7449
-31.6618
-37.1372
-24.8749
-14.0489
-31.7399
-31.1192
-36.2775
-22.2635
-23.8382
-26.4454
-28.1588
-24.8518
-19.2064
-29.8441
-33.2141
-37.8322
-43.7046
-27.5771
-28.3746
-30.7019
-28.8803
-25.8153
-25.2219
-18.6365
-23.9193
-30.8205
-14.4677
-22.0241
-19.0136
-13.3987
-26.7416
-23.8949
-18.7344
-38.4458
-28.7087
-32.1817
-34.9286
-33.1199
-32.5794
-35.3316
-35.7106
-23.9277
-17.914
-17.2119
-28.6538
-25.9601
-25.6281
-24.4666
-20.2947
-21.1679
-25.7983
-18.6738
-13.2837
-28.0814
-27.0102
-24.0447
-23.9072
-20.4223
-34.0989
-25.6713
-14.9769
-30.0217
-29.847
-40.5876
-38.1005
-31.6866
-36.709
-41.7278
-27.0359
-36.3144
-35.1983
-36.3376
-37.8354
-42.3395
-42.6618
-37.5656
-38.541
-37.5153
-33.8593
-31.5144
-35.6975
-37.7801
-31.0301
-41.2038
-43.9356
-34.463
-32.2292
-37.8769
-34.1866
-25.4996
-36.9707
-41.2973
-43.8752
-44.114
-40.4848
-45.4057
-40.3385
-37.9921
-50.5017
-49.4621
-43.1449
-44.5846
-44.2418
-43.7653
-47.999
-44.3076
-44.7809
-37.8174
-40.9277
-45.6754
-42.2832
-41.326
-41.0514
-39.7951
-35.0639
-37.9311
-34.2747
-44.374
-42.5203
-42.0628
-46.9666
-56.0837
-51.7139
-50.6583
-45.2534
-46.3612
-52.9454
-42.0589
-40.3768
-32.1814
-24.8314
-21.335
-27.7344
-29.4871
-21.409
-27.7201
-23.2955
-17.3227
-25.7917
-27.3783
-42.2171
-29.0137
-37.9101
-32.4444
-32.117
-33.7261
-28.8269
-27.4036
-33.5161
-34.0243
-29.3296
-26.8402
-30.4831
-21.0219
-31.9316
-43.481
-36.6425
-31.9528
-30.9685
-20.2225
-37.9734
-34.5769
-30.0743
-23.9635
-26.3012
-29.1109
-33.834
-25.0112
-35.0368
-16.9185
-24.3341
-27.5456
-14.7405
-29.9257
-28.4892
-23.6098
-23.3762
-21.908
-32.4386
-22.442
-26.9867
-22.2356
-31.6141
-37.3258
-30.4147
-23.2765
-17.7593
-30.9211
-30.231
-36.6032
-34.8268
-28.4685
-21.7964
-34.2365
-12.7973
-25.7812
-21.9311
-26.5562
-29.649
-30.0558
-23.6995
-44.9804
-39.7979
-35.2142
-21.7316
-30.729
-25.1043
-28.4714
-26.9696
-16.7379
-29.6413
-23.5027
-25.5852
-29.4268
-30.5305
-20.2882
-31.3448
-36.258
-16.9577
-31.5685
-25.7075
-24.974
-30.9375
-31.9318
-25.1694
-31.8297
-29.6789
-35.4197
-20.3257
-24.3432
-35.1847
-27.1368
-34.654
-35.8566
-27.3485
-36.2197
-31.3423
-22.3376
-18.9242
-21.1484
-36.2153
-31.4449
-19.9645
-20.5408
-32.6585
-25.9138
-37.1979
-22.4271
-23.5952
-26.531
-27.6307
-23.2417
-21.9291
-31.6575
-39.5071
-39.5593
-38.5779
-22.6149
-31.4803
-27.5164
-33.5805
-27.2576
-23.1186
-23.1779
-25.6422
-32.7814
-14.9774
-21.7607
-20.0655
-11.3606
-24.4682
-21.4353
-20.5393
-31.38
-31.7991
-32.2704
-36.7835
-37.1102
-34.3495
-32.8523
-28.852
-17.3707
-14.2327
-15.6119
-29.3271
-28.8756
-32.418
-29.1248
-23.2542
-21.2052
-24.8608
-20.27
-18.1815
-28.0315
-27.6641
-21.1795
-29.6044
-28.3335
-26.1104
-25.8891
-17.8952
-34.2573
-28.4431
-35.4001
-40.4037
-31.2455
-37.4966
-42.635
-28.4758
-35.7597
-32.9066
-39.8138
-35.6969
-42.4957
-45.6928
-39.8609
-37.9198
-37.7482
-36.8386
-30.9179
-33.5387
-34.5466
-30.1617
-38.5925
-40.6703
-34.4057
-40.5542
-34.5757
-35.9966
-27.7146
-38.0462
-42.3535
-44.3657
-43.1567
-41.9092
-43.3187
-41.936
-37.1626
-49.3056
-54.0309
-41.363
-43.7516
-45.8364
-43.7311
-49.2805
-44.893
-40.8459
-41.3734
-41.4022
-45.3479
-45.2619
-40.9594
-44.1813
-40.1956
-33.6445
-40.7793
-36.3614
-49.3323
-44.7044
-41.1152
-45.097
-48.5653
-50.8193
-52.6629
-46.1714
-47.3296
-51.4907
-41.004
-41.7733
-28.8518
-21.534
-15.0354
-21.5075
-28.9545
-15.0173
-27.6885
-21.5696
-14.5808
-26.8442
-29.8176
-34.4071
-32.5265
-35.3812
-33.7042
-31.7172
-29.297
-27.4954
-24.2021
-32.447
-30.2928
-30.465
-27.8613
-26.8011
-22.7562
-31.6731
-33.1407
-40.8293
-36.7995
-28.8936
-24.0328
-28.882
-29.3915
-32.2153
-20.0404
-28.5585
-33.8653
-34.8334
-28.6995
-34.7991
-20.7887
-16.8167
-27.7869
-17.566
-26.9372
-23.0394
-19.2176
-24.2234
-20.942
-32.9372
-16.1704
-27.3013
-25.5657
-31.0899
-40.9267
-30.802
-19.4127
-23.7854
-27.6758
-34.191
-36.5192
-32.8332
-26.8941
-21.2985
-20.6244
-13.3414
-25.8891
-25.1218
-29.1569
-30.4124
-30.6929
-31.1915
-40.8479
-32.3496
-25.6147
-30.0388
-26.5585
-24.08
-31.8921
-32.8168
-21.5083
-25.4666
-21.8761
-25.7754
-24.2425
-34.1986
-23.3071
-29.9233
-29.5281
-23.8441
-25.0529
-19.3967
-32.4406
-23.0389
-29.693
-28.8958
-33.4455
-27.5231
-29.9224
-24.6398
-27.0797
-32.8736
-29.563
-25.7574
-39.0448
-31.589
-31.8739
-30.3855
-26.4976
-22.3358
-30.476
-32.1457
-24.1988
-16.1904
-26.3694
-31.4916
-24.7101
-35.4504
-22.5465
-22.2572
-26.1204
-25.9641
-20.7613
-24.3613
-30.6457
-41.688
-42.6521
-32.7304
-28.4781
-30.2581
-26.298
-33.9294
-31.2507
-26.7477
-21.169
-23.743
-28.0421
-18.6412
-23.6693
-19.8549
-13.5817
-22.4606
-18.2516
-22.0576
-29.0515
-32.9584
-35.8768
-25.2886
-38.7286
-44.8752
-36.8275
-26.4091
-13.1632
-9.32819
-14.5323
-26.5932
-23.7001
-33.2658
-30.7986
-23.2817
-29.5923
-23.6162
-23.7719
-19.9307
-27.1075
-23.745
-25.0351
-27.3754
-34.5806
-18.8985
-21.2753
-24.7385
-35.8878
-32.58
-33.7688
-33.4882
-38.2516
-35.1617
-38.5092
-30.7344
-36.2403
-33.4417
-44.0195
-39.007
-42.1051
-39.5254
-37.7526
-35.3092
-37.155
-37.4738
-34.3968
-35.8001
-34.7808
-30.8355
-36.0177
-37.4395
-37.0981
-39.8416
-35.5487
-32.6921
-33.5489
-40.8585
-42.7952
-46.0561
-44.647
-41.3957
-42.1761
-41.5457
-39.9019
-48.487
-53.4286
-38.6654
-41.351
-42.4201
-40.3355
-46.1352
-45.6355
-38.3355
-43.0794
-43.3877
-41.8438
-45.2092
-34.5588
-41.7484
-39.1505
-33.0335
-38.8064
-37.9562
-44.9463
-38.8902
-40.3638
-48.7362
-43.1694
-47.7451
-53.2671
-43.3387
-46.3271
-49.2196
-39.0367
-37.3764
-24.8272
-18.6332
-10.6814
-14.7526
-25.9034
-12.3146
-20.6159
-19.6065
-14.211
-23.3914
-28.9779
-32.9402
-28.9506
-32.879
-35.2292
-33.2961
-26.1842
-25.9316
-22.3983
-33.7313
-25.5434
-33.4387
-30.367
-22.8572
-20.3945
-31.2992
-27.3113
-35.1685
-40.6801
-21.4265
-30.1688
-33.1936
-23.2791
-29.6926
-16.7563
-33.8371
-30.3939
-32.6035
-28.9668
-24.6452
-28.7409
-18.7146
-27.4486
-21.3081
-26.3034
-23.8644
-23.3735
-24.9874
-23.5634
-34.5205
-21.9369
-29.6022
-31.3583
-30.3937
-39.4849
-24.8076
-16.7914
-30.1251
-28.8927
-34.2515
-29.7799
-33.6776
-25.0089
-20.8083
-17.4314
-20.8486
-24.3993
-25.0503
-31.2383
-30.4099
-26.6115
-36.319
-40.5088
-30.2972
-22.1259
-32.8607
-30.8457
-22.0365
-28.6576
-29.2861
-23.3699
-25.6949
-18.6612
-27.9456
-21.4798
-30.7794
-24.2128
-35.1306
-25.8773
-37.8681
-24.5504
-16.1604
-32.873
-25.2644
-28.3649
-32.6068
-33.6422
-28.9785
-28.387
-27.7424
-26.6961
-19.9962
-34.2476
-18.0662
-40.3941
-37.5611
-26.8181
-26.9618
-27.6816
-25.1411
-33.1829
-33.3692
-22.6019
-15.3572
-31.5058
-30.2642
-29.5239
-24.5493
-26.9772
-27.2319
-26.7841
-22.9933
-18.5015
-28.9575
-31.8286
-41.949
-45.3443
-27.8392
-27.9176
-31.2045
-24.2777
-28.233
-29.5771
-22.6979
-16.5358
-24.5283
-26.3618
-19.9723
-20.169
-21.5829
-16.6084
-24.5809
-19.0242
-35.1125
-26.5741
-33.5282
-41.1921
-26.6747
-38.9026
-37.6684
-37.4701
-28.6851
-17.772
-17.0185
-18.8858
-22.2748
-19.8564
-29.0172
-28.8712
-20.8331
-25.1496
-26.7551
-21.1261
-21.5843
-25.5202
-20.7831
-27.1839
-25.2613
-38.7826
-23.0049
-15.7097
-24.856
-35.8677
-41.629
-36.5789
-29.0293
-36.9087
-35.4027
-29.9702
-31.36
-36.5812
-28.2927
-43.7342
-42.3653
-42.8538
-39.2321
-35.4366
-37.5171
-34.2905
-32.8914
-33.6977
-39.0237
-35.4154
-34.3046
-41.5256
-35.8702
-31.8667
-40.3598
-34.8117
-30.5463
-31.7302
-40.68
-41.8737
-44.5505
-39.04
-41.3229
-41.0369
-41.1055
-45.2966
-46.2185
-47.5959
-43.6607
-42.1027
-43.9643
-44.1769
-44.7583
-46.4309
-38.7903
-40.3502
-44.6072
-40.3251
-42.6517
-38.3007
-40.3444
-36.1364
-34.2035
-35.7685
-40.3755
-41.7843
-41.2456
-42.1021
-48.0265
-45.5011
-45.7148
-43.7916
-42.8332
-48.6345
-40.9819
-39.1756
-37.1414
-27.8742
-16.4156
-13.9885
-13.8214
-19.2043
-14.7741
-19.6938
-17.1361
-16.5545
-18.6417
-30.2154
-31.623
-32.1673
-31.2782
-32.6083
-28.645
-30.335
-31.4892
-28.1752
-35.6018
-26.0873
-31.6463
-31.118
-28.8906
-34.6112
