-254.529
-248.891
-247.518
-257.112
-247.483
-251.947
-251.944
-253.079
-259.863
-195.623
-165.043
-215.649
-220.386
-222.19
-237.857
-227.564
-224.753
-224.477
-224.988
-223.463
-231.778
-224.616
-228.202
-229.181
-216.398
-214.836
-211.74
-213.179
-216.999
-219.848
-219.237
-223.199
-223.792
-235.207
-235.241
-253.303
-246.754
-260.48
-263.74
-264.365
-254.029
-243.176
-233.031
-235.024
-238.734
-233.27
-243.379
-244.543
-243.332
-243.797
-248.759
-242.566
-258.53
-265.194
-261.057
-269.063
-265.769
-267.668
-270.651
-270.691
-275.206
-265.641
-268.479
-260.557
-269.224
-258.855
-267.448
-270.166
-268.001
-268.207
-274.963
-273.961
-271.161
-268.162
-261.993
-263.312
-263.2
-265.058
-264.008
-252.689
-246.622
-245.342
-245.411
-251.597
-253.954
-261.118
-248.877
-272.778
-277.038
-276.085
-281.995
-283.921
-280.694
-282.085
-281.284
-282.47
-285.432
-286.485
-283.863
-249.958
-280.238
-297.814
-298.542
-298.986
-264.804
-197.31
-171.248
-171.65
-166.112
-176.17
-185.958
-176.363
-178.43
-180.629
-175.466
-181.62
-169.465
-169.317
-164.5
-166.99
-157.743
-159.617
-178.575
-180.123
-183.014
-181.705
-173.559
-193.148
-192.43
-186.153
-184.535
-186.337
-192.495
-192.513
-194.088
-203.128
-204.364
-212.733
-206.368
-212.86
-216.738
-225.341
-225.116
-228.412
-225.045
-227.432
-233.319
-232.33
-234.921
-239.716
-239.728
-242.349
-242.44
-241.517
-242.926
-241.732
-244.936
-238.967
-245.92
-243.744
-243.722
-248.094
-248.025
-239.497
-245.278
-241.943
-244.981
-244.877
-246.893
-248.803
-252.267
-248.356
-254.295
-254.632
-256.386
-265.135
-258.514
-251.397
-251.364
-249.76
-252.351
-252.492
-242.88
-247.116
-250.674
-245.965
-237.474
-241.114
-244.988
-247.442
-234.501
-243.973
-238.358
-230.968
-236.414
-233.295
-235.265
-235.638
-241.033
-236.68
-230.827
-227.064
-235.185
-234.07
-240.019
-231.872
-232.252
-231.166
-233.5
-234.336
-235.325
-233.436
-238.074
-234.418
-240.78
-237.8
-237.54
-243.636
-231.993
-241.373
-245.873
-241.686
-235.936
-236.756
-232.305
-243.137
-235.646
-246.053
-239.975
-255.2
-248.416
-251.201
-249.272
-239.761
-242.638
-245.134
-244.256
-251.779
-243.192
-248.999
-244.247
-247.923
-245.755
-242.905
-246.651
-250.632
-249.931
-247.606
-245.277
-242.57
-250.603
-249.54
-253.076
-247.051
-251.029
-240.852
-236.705
-240.483
-232.402
-246.333
-215.101
-179.883
-148.935
-228.483
-217.423
-218.875
-214.439
-217.109
-214.011
-216.338
-215.885
-221.276
-214.147
-215.991
-219.728
-210.065
-204.044
-206.688
-221.02
-210.803
-213.075
-208.39
-209.782
-213.645
-215.125
-215.234
-218.082
-216.013
-219.322
-216.407
-210.429
-208.398
-219.98
-216.534
-226.098
-223.153
-222.186
-212.433
-214.689
-223.519
-235.621
-225.528
-229.636
-218.741
-227.072
-226.929
-229.435
-229.592
-225.758
-212.427
-219.185
-232.785
-221.509
-219.566
-219.439
-224.195
-228.571
-226.696
-219.556
-217.59
-219.915
-219.505
-218.294
-216.703
-219.356
-219.277
-220.021
-215.447
-221.827
-222.815
-220.664
-215.82
-228.473
-231.085
-234.618
-237.92
-228.875
-231.421
-233.964
-235.648
-222.067
-219.723
-221.109
-220.608
-226.871
-225.056
-228.139
-227.638
-225.107
-227.974
-227.633
-232.94
-226.048
-219.277
-222.81
-272.977
-311.284
-311.885
-313.852
-310.416
-317.661
-320.25
-285.472
-232.626
-232.546
-227.176
-222.689
-222.413
-220.679
-225.07
-232.763
-228.493
-230.182
-228.469
-234.398
-227.865
-227.105
-232.304
-229.568
-229.561
-226.625
-228.999
-234.197
-233.508
-231.452
-228.216
-229.147
-228.858
-225.194
-227.553
-228.568
-227.141
-228.035
-228.055
-229.239
-230.38
-228.953
-233.779
-206.302
-200.616
-213.402
-217.585
-222.545
-236.45
-240.479
-241.964
-237.999
-242.728
-243.599
-237.095
-243.275
-238.464
-239.751
-234.204
-234.713
-228.928
-224.737
-226.202
-221.717
-230.284
-224.005
-223.786
-216.501
-210.974
-208.011
-205.413
-194.81
-164.373
-220.093
-281.977
-301.941
-299.795
-288.093
-266.13
-225.053
-222.662
-209.698
-213.727
-208.645
-209.224
-199.021
-229.05
-213.101
-213.847
-218.071
-210.241
-221.082
-215.121
-217.605
-218.969
-221.868
-221.985
-217.688
-224.612
-218.364
-222.943
-210.401
-225.857
-211.114
-209.599
-217.488
-228.179
-217.708
-216.811
-215.424
-234.598
-220.169
-224.146
-207.764
-231.516
-211.663
-223.606
-210.178
-226.351
-218.688
-210.938
-220.808
-215.28
-216.54
-213.242
-212.755
-216.389
-214.371
-211.641
-201.95
-209.265
-209.164
-207.976
-211.348
-209.443
-214.952
-212.334
-215.571
-200.838
-201.99
-205.744
-215.432
-211.604
-202.124
-203.823
-188.24
-200.12
-205.471
-217.54
-206.043
-187.063
-193.996
-197.041
-184.591
-193.698
-192.074
-203.848
-191.921
-178.392
-183.853
-201.392
-190.815
-175.453
-193.18
-192.116
-187.59
-197.115
-218.844
-249.525
-250.288
-241.894
-241.795
-247.383
-252.892
-250.298
-242.149
-241.333
-239.77
-243.965
-254.139
-260.805
-258.249
-262.065
-257.815
-258.435
-256.297
-261.164
-262.014
-266.077
-269.036
-260.104
-258.996
-264.793
-264.505
-270.994
-268.328
-257.037
-252.451
-249.037
-237.274
-225.599
-217.952
-226.84
-224.785
-236.082
-234.297
-237.307
-235.392
-240.921
-231.741
-239.862
-236.22
-248.419
-246.289
-246.461
-246.454
-246.331
-248.093
-255.909
-264.839
-265.695
-267.276
-264.705
-262.104
-212.38
-194.547
-203.583
-219.254
-209.196
-230.372
-224.171
-227.154
-237.209
-235.453
-234.92
-248.356
-242.799
-247.833
-253.261
-249.445
-253.699
-257.247
-259.973
-259.809
-263.106
-262.661
-260.181
-264.542
-261.906
-260.642
-262.228
-258.232
-265.079
-256.553
-260.255
-261.594
-262.773
-259.437
-261.806
-262.369
-259.43
-261.545
-261.025
-262.368
-262.542
-256.72
-259.371
-253.274
-258.069
-256.631
-260.205
-260.287
-262.569
-254.589
-254.674
-258.215
-253.614
-253.905
-255.213
-253.614
-257.217
-255.995
-255.28
-256.801
-254.748
-255.438
-256.114
-253.524
-248.605
-255.409
-254.213
-252.213
-256.934
-258.843
-252.303
-259.319
-258.193
-255.65
-258.1
-250.223
-244.67
-252.883
-250.601
-246.238
-252.539
-250.097
-244.191
-248.132
-250.029
-249.249
-248.837
-249.637
-250.357
-247.784
-246.335
-248.602
-246.463
-241.961
-250.035
-244.126
-240.904
-244.178
-235.923
-237.558
-236.377
-238.659
-236.673
-232.895
-231.953
-237.852
-237.063
-233.174
-233.088
-227.745
-224.53
-229.919
-254.733
-287.819
-280.747
-281.944
-275.61
-283.747
-289.115
-286.192
-282.376
-285.521
-281.951
-260.174
-216.163
-194.133
-182.983
-177.36
-191.762
-183.525
-214.538
-216.104
-213.776
-207.054
-209.799
-212.593
-214.644
-225.132
-231.572
-246.666
-250.212
-254.731
-256.106
-263.158
-258.307
-254.361
-242.886
-250.578
-238.851
-235.178
-233.641
-233.595
-230.879
-230.755
-229.164
-228.577
-231.147
-223.795
-224.614
-231.296
-232.224
-241.279
-185.674
-236.113
-257.473
-255.366
-258.913
-267.399
-267.289
-272.244
-277.933
-282.96
-278.429
-263.49
-266.258
-257.745
-259.797
-257.606
-262.199
-254.238
-257.704
-260.679
-262.118
-267.665
-267.548
-264.776
-267.464
-268.89
-263.778
-272.06
-268.794
-273.299
-272.706
-267.962
-269.037
-277.312
-274.199
-269.177
-275.567
-274.536
-276.325
-274.126
-274.85
-275.828
-274.972
-275.795
-277.781
-275.801
-274.285
-276.955
-278.841
-280.874
-278.564
-276.759
-279.633
-284.543
-281.277
-284.992
-287.458
-279.223
-280.156
-278.921
-278.511
-281.896
-279.152
-281.468
-281.518
-281.624
-280.939
-280.087
-277.413
-274.949
-277.536
-216.713
-207.816
-205.147
-201.939
-193.621
-181.802
-189.395
-186.35
-196.434
-199.628
-192.593
-189.868
-182.283
-183.089
-196.618
-194.642
-201.29
-196.131
-208.769
-207.178
-207.612
-210.935
-204.132
-202.142
-203.402
-197.892
-202.648
-203.846
-217.344
-214.217
-216.971
-215.654
-213.175
-220.301
-215.123
-214.847
-218.969
-212.397
-211.127
-212.362
-205.02
-207.288
-218.404
-216.472
-224.256
-219.082
-218.289
-203.999
-214.294
-206.803
-210.503
-215.844
-218.647
-216.802
-215.55
-214.634
-212.844
-211.314
-208.078
-219.222
-217.978
-215.621
-214.467
-209.309
-203.138
-205.158
-210.14
-210.164
-209.72
-210.754
-203.093
-209.148
-199.091
-198.771
-197.908
-204.981
-211.213
-203.674
-211.919
-218.838
-220.122
-208.703
-215.795
-199.002
-204.635
-195.856
-190.04
-188.602
-192.15
-194.979
-196.968
-201.178
-194.762
-192.754
-198.063
-196.078
-202.939
-201.075
-204.913
-202.019
-208.29
-192.953
-195.295
-197.135
-194.911
-205.336
-213.325
-212.499
-210.953
-202.521
-202.758
-193.146
-195.809
-197.817
-200.499
-205.671
-193.84
-186.331
-198.789
-183.568
-251.968
-276.177
-274.394
-281.549
-293.3
-305.426
-302.797
-296.917
-287.277
-287.544
-262.449
-237.38
-236.327
-250.899
-268.897
-266.898
-271.557
-270.422
-279.06
-282.475
-283.197
-273.635
-278.733
-282.532
-280.327
-278.998
-276.207
-270.304
-285.574
-278.708
-277.929
-277.226
-268.898
-270.069
-270.686
-276.167
-271.058
-268.207
-267.303
-262.75
-251.777
-218.274
-196.275
-194.346
-204.902
-202.284
-208.222
-211.009
-222.928
-218.574
-215.453
-219.542
-220.567
-225.3
-221.657
-221.008
-228.896
-235.243
-228.915
-242.879
-235.343
-233.333
-231.366
-233.303
-230.895
-232.797
-229.265
-235.911
-234.811
-237.848
-238.796
-239.425
-241.949
-243.542
-244.762
-245.556
-247.899
-244.863
-249.165
-241.977
-238.197
-242.589
-242.132
-248.417
-247.393
-244.401
-241.16
-242.51
-237.121
-244.921
-247.764
-245.978
-242.49
-243.547
-242.248
-242.965
-242.452
-244.116
-243.013
-252.509
-252.231
-250.114
-248.525
-248.52
-243.333
-242.292
-253.34
-245.384
-255.167
-252.511
-247.307
-247.751
-250.733
-262.644
-261.583
-263.903
-263.084
-252.764
-247.82
-263.466
-184.767
-225.547
-228.985
-217.129
-226.397
-219.094
-225.919
-225.592
-222.448
-227.845
-223.424
-220.984
-215.802
-214.733
-225.396
-218.702
-221.175
-225.857
-227.372
-221.165
-213.592
-219.418
-229.188
-227.253
-239.102
-224.249
-222.587
-224.085
-223.878
-222.487
-229.05
-225.911
-226.991
-232.881
-227.235
-232.465
-228.83
-230.67
-234.565
-225.205
-235.367
-239.251
-236.175
-236.927
-228.455
-234.373
-226.59
-186.152
