-184.252
-195.263
-205.784
-198.221
-188.821
-183.422
-189.164
-177.546
-184.793
-165.218
-174.161
-177.381
-167.871
-175.544
-184.65
-216.615
-201.226
-198.592
-209.747
-204.155
-188.345
-194.184
-193.333
-187.414
-170.044
-183.446
-170.791
-173.162
-172.307
-209.076
-177.792
-188.427
-197.426
-189.4
-187.337
-179.372
-182.026
-175.482
-165.544
-160.436
-168.404
-169.46
-164.658
-165.635
-170.13
-167.211
-165.348
-172.539
-184.895
-186.148
-191.406
-183.773
-192.433
-189.593
-208.476
-206.295
-194.621
-186.958
-197.759
-202.797
-197.777
-203.032
-201.29
-209.729
-208.208
-221.871
-217.274
-215.613
-218.003
-209.037
-210.491
-222.266
-219.196
-222.94
-218.436
-224.306
-222.168
-209.315
-207.545
-221.728
-225.514
-216.833
-212.088
-222.579
-220.415
-218.591
-220.759
-213.856
-203.867
-221.657
-209.813
-218.608
-221.283
-217.573
-209.167
-219.084
-211.636
-222.254
-207.056
-219.804
-217.868
-217.241
-211.272
-207.724
-211.975
-214.852
-226.44
-220.962
-220.677
-200.215
-226.681
-219.816
-223.588
-214.703
-228.045
-196.774
-230.739
-209.372
-222.569
-223.965
-224.093
-222.726
-225.596
-215.733
-212.736
-217.459
-235.317
-220.044
-222.925
-224.502
-228.983
-245.023
-232.31
-215.353
-228.766
-229.808
-218.048
-183.113
-192.371
-204.129
-190.936
-184.926
-182.74
-196.635
-181.258
-182.602
-164.254
-173.119
-172.421
-170.438
-175.289
-192.325
-211.234
-201.396
-202.003
-205.967
-196.638
-191.429
-193.886
-192.439
-178.818
-173.64
-182.838
-168.691
-171.618
-181.985
-202.341
-184.017
-194.995
-193.597
-191.776
-179.425
-181.066
-188.935
-172.013
-166.826
-174.244
-163.995
-171.107
-162.562
-169.367
-165.229
-166.076
-167.724
-173.54
-180.363
-188.476
-189.324
-177.501
-190.824
-194.223
-209.647
-207.393
-190.717
-190.596
-201.368
-208.24
-194.102
-202.844
-203.638
-212.576
-202.954
-218.306
-222.596
-215.924
-211.523
-208.715
-210.898
-228.882
-208.704
-225.433
-215.786
-222.93
-213.616
-210.012
-213.368
-223.453
-220.237
-223.836
-212.064
-222.321
-214.049
-216.144
-217.432
-210.179
-210.748
-219.874
-214.891
-221.919
-213.964
-216.273
-208.938
-217.173
-206.141
-220.38
-210.881
-219.973
-217.414
-219.651
-214.904
-201.007
-210.487
-222.17
-223.988
-216.374
-219.071
-208.514
-228.152
-220.1
-215.578
-221.441
-220.629
-201.415
-215.698
-213.044
-217.76
-224.752
-220.68
-221.917
-217.172
-225.661
-218.638
-223.48
-230.057
-220.641
-224.934
-221.148
-233.243
-243.063
-224.145
-215.56
-236.031
-225.725
-187.623
-189.301
-196.913
-202.613
-185.457
-180.966
-183.864
-190.503
-181.343
-176.848
-164.364
-171.162
-173.198
-170.495
-176.826
-211.07
-202.74
-197.965
-204.014
-200.877
-193.784
-186.951
-195.451
-188.98
-174.404
-173.351
-177.706
-173.992
-162.144
-195.087
-197.066
-189.105
-196.804
-196.481
-193.018
-173.227
-174.148
-188.739
-171.854
-167.499
-169.649
-166.504
-165.81
-162.433
-171.453
-157.399
-163.315
-170.489
-177.169
-179.828
-186.331
-186.808
-182.182
-188.724
-199.123
-211.638
-205.026
-194.284
-195.367
-202.04
-207.547
-198.008
-205.278
-206.077
-215.719
-201.806
-216.44
-223.671
-218.617
-204.839
-210.474
-213.844
-235.427
-207.899
-224.523
-216.622
-220.061
-200.574
-207.097
-213.793
-221.164
-219.538
-222.962
-214.497
-224.302
-215.967
-219.587
-220.086
-208.962
-216.357
-214.401
-226.875
-229.015
-212.276
-211.513
-215.553
-218.642
-205.148
-220.167
-209.445
-216.495
-215.862
-212.631
-223.857
-204.554
-204.96
-219.805
-223.365
-216.742
-207.751
-214.866
-228.985
-220.908
-210.678
-219.109
-206.243
-208.195
-213.537
-220.999
-218.671
-222.904
-210.517
