1.81114
0.952696
11.0338
11.3678
4.76218
-3.4094
12.4324
10.0756
0.370356
4.5084
0.418305
7.90448
4.28396
-5.52259
0.140935
-11.2038
-3.4195
-16.0971
-5.74505
1.31703
7.42646
6.5492
9.0475
4.97401
-3.41266
-3.34508
-8.89017
-11.5968
-25.2649
-21.0186
-19.8889
-15.1662
-22.7737
-11.6827
-27.0691
-14.1061
-20.5225
-12.3545
-7.39094
-10.2451
-15.6473
-20.9015
-18.0092
-13.8089
-12.2115
-16.7656
-18.0707
-18.8245
-23.8343
-24.4155
-9.82095
-8.01648
-13.6306
-20.0591
-26.4491
-14.0324
-24.6318
-22.7269
-3.21831
-15.3355
-13.8276
-16.7854
6.4438
-9.54709
-4.01454
-1.85994
-8.646
-9.62444
2.34795
11.0215
-3.85637
-13.7111
-12.3365
-4.91965
5.38298
-12.3849
-3.81665
5.7028
-7.4961
4.05011
1.80315
-5.31304
-2.8767
-5.36148
-7.08134
-0.325056
-3.61793
-2.77995
-13.8436
-1.73405
-3.47833
-3.12817
-13.5873
-4.44291
-6.33232
-5.86493
-0.439168
-8.63559
-16.4838
5.5116
-0.324092
-2.06451
-16.2338
-13.9266
-2.62222
2.91126
4.06595
-16.4103
4.50921
-12.6734
-1.03169
0.916347
-11.0883
13.5701
3.93122
-3.63239
-6.69862
-9.81462
-5.35132
-7.08702
-5.34778
7.69372
3.94511
-2.49567
-10.8946
-3.25022
-2.27478
-15.3706
2.64546
-4.05714
-12.2065
1.43296
4.33557
0.169361
4.85158
3.11032
2.99648
0.115882
-1.66223
15.1653
9.73946
-0.504657
1.79138
4.28612
9.49795
8.45065
8.07063
-0.49612
10.1625
-0.74635
-2.30349
2.07784
-3.7314
-13.7989
-9.5645
-6.95327
10.0595
11.5948
-0.706991
14.6984
-3.38659
1.03629
-1.27903
-8.51209
-12.7724
-24.1776
-24.8316
-18.3439
-29.0031
-16.5662
-20.0159
-23.7707
-14.9901
-18.7136
-16.5585
-10.0201
-4.53261
-15.9724
-14.476
-19.148
-14.2603
-10.724
-22.0529
-25.5676
-15.0033
-24.3659
-28.1533
-14.3968
-7.89668
-8.77601
-22.0334
-24.061
-8.73534
-19.8909
-17.4683
-9.57068
-6.81558
-17.6662
-8.21522
2.63134
-13.181
1.2217
-15.9214
-6.30835
-3.63651
1.13404
3.39642
-5.16462
-13.6379
-9.43105
-4.69423
6.03528
-10.9881
-12.1708
-1.48898
-7.02761
7.24957
0.88916
-2.67198
-4.98832
6.07014
-5.42297
-4.88962
-0.89073
-0.0153662
-16.6105
4.88381
-10.9384
-5.48065
-16.1055
-11.8249
-8.67022
-6.00486
-4.20106
-8.00365
-22.5363
8.20994
3.56395
-1.40273
-17.6961
-4.9373
-7.86985
5.87474
-1.94172
-11.3354
3.96456
-16.9122
2.96409
-1.80561
-5.01156
9.31487
2.26809
-0.200974
-3.94907
-12.6239
-4.59738
-5.22708
-6.95108
13.0249
4.49524
-0.46685
-8.36112
-3.3757
5.32338
-13.8703
2.30535
-12.0507
-2.50145
7.09963
3.98014
-3.97183
7.66195
0.644311
6.26815
2.3628
0.0589617
10.4298
8.60574
-4.23422
10.2463
4.65585
1.41361
4.52357
6.55967
-1.08135
8.41576
-3.61381
-2.46789
-8.728
1.33018
-17.4579
-4.29959
0.967651
9.30157
5.41657
-3.19884
16.5983
-5.50485
5.90554
0.518606
-8.90447
-13.542
-16.587
-20.6395
-19.962
-27.6372
-8.35126
-24.3375
-15.8564
-18.3534
-21.347
-12.9957
-10.2539
-12.264
-16.3778
-14.5811
-13.6165
-14.894
-14.7955
-19.2551
-28.3089
-14.1675
-24.014
-20.6118
-14.53
-11.2834
-7.27243
-20.6649
-24.9941
-11.4309
-10.9885
-11.0188
-23.2293
-9.33819
-14.2452
3.38415
-0.3518
-7.34389
2.1114
-18.8725
-12.159
3.36217
5.13279
5.16731
-4.94213
-6.38637
-8.68904
-1.42658
0.0490075
-1.08311
-8.43489
-8.18658
-4.12804
7.42097
2.57074
7.61349
-8.55981
9.48305
0.318494
-8.29685
-0.32797
-0.159689
-14.9788
3.29074
-10.2292
-13.5302
-10.3362
-8.32369
-9.23096
-5.41257
-5.75333
0.280101
-15.6419
6.85275
3.28082
-2.97262
-13.6313
2.58247
-4.06314
3.55774
-5.95988
1.07616
2.78783
-11.6218
-1.30057
-8.58853
5.38895
3.94569
-3.43396
4.32629
-2.27541
-11.6079
-3.77765
-5.28816
-4.55643
