-22.729
-30.6026
-23.9979
-21.4647
-21.9718
-19.749
-20.4085
-19.3419
-19.5695
-11.8695
-17.3609
-27.5638
-18.4021
-31.85
-17.7847
-27.4336
-20.177
-16.3611
-20.479
-17.4655
-9.96089
-4.79111
-11.8697
-17.7468
-21.5694
-19.5165
-32.0662
-27.8818
-25.8672
-30.3718
-40.0707
-43.4228
-38.8364
-37.5347
-36.9563
-28.7244
-31.7403
-31.7786
-20.4503
-32.8344
-12.8992
-34.4674
-18.2772
-32.2924
-32.2554
-25.271
-15.4407
-23.3086
-25.5115
-19.9858
-17.7587
-16.7487
-25.0599
-13.2985
-14.127
-11.3101
-32.2358
-15.7125
-24.0542
-26.4695
-22.8499
-15.6066
-11.2177
-9.75046
-12.9056
-14.0489
-4.65315
-12.8704
-5.73833
-7.56425
-1.36439
-1.82263
2.88945
-2.25692
-12.5243
-4.83184
-5.96914
-12.2207
-5.3748
-13.7011
-4.59201
-7.24891
-5.91789
-8.59394
-2.10779
-2.94135
-6.48754
-1.17996
-0.982541
-1.53001
-1.38434
-3.22728
-7.17002
4.93831
-1.46334
-4.20875
-6.48705
-3.41857
2.08806
-4.44778
-5.6216
-4.68585
1.42431
-2.39432
0.314834
-3.64921
-5.5984
-2.44516
-12.3185
-2.6404
-5.51816
-10.3479
-14.2074
-15.9284
-8.18655
-2.23773
0.676207
-0.78649
-4.1931
-3.18919
-11.1797
-13.0752
-11.0294
-8.93482
1.46847
4.83175
2.91286
5.53671
-4.2349
-2.93213
2.11521
-8.70538
0.483399
6.59306
-0.915985
-1.51491
0.750015
-4.17973
1.63117
-6.12904
-5.00368
-5.65866
-16.2145
-14.1531
-25.8648
-10.6739
-4.11454
-7.93974
-1.06886
-10.9969
-13.0643
-27.1077
-26.4552
-17.8781
-15.891
-12.1833
-12.7365
-13.4965
-10.5423
-15.8774
-14.2771
-26.0612
-27.7367
-15.1185
-13.026
-22.0953
-15.0666
-11.7797
-13.5042
-7.62861
-21.1262
-5.24081
-11.8832
-16.7949
-31.4822
-23.8194
-21.7075
-21.7442
-13.8116
-12.7849
-1.4851
-29.571
-19.6725
-23.4006
-10.0281
-0.860635
-10.7967
-14.3442
-21.5621
-19.7042
-23.6625
-20.6817
-25.2769
-26.1352
-18.412
-12.3009
-18.4416
-14.0681
-19.4975
-14.6137
-18.1549
-7.51055
-4.6592
-14.0667
-19.0599
-20.4425
-17.232
-17.6619
-4.69459
-13.0954
-14.0308
-19.7985
-15.8756
-12.5868
-16.7329
-14.1818
-10.6929
-21.2791
-25.3569
-8.56864
-12.7942
-23.9072
-20.7744
-21.1871
-13.7117
-24.1068
-8.45187
-11.0975
-13.0769
-22.4876
-19.6403
-28.8676
-19.4791
-7.6531
-12.2982
-9.00038
-19.5756
-17.4775
-16.2427
-4.74306
-23.3653
-31.3608
-24.392
-20.9392
-18.0373
-12.0519
-17.5768
-13.2866
-24.3787
-13.6031
-25.9483
-21.2954
-11.6184
-33.8245
-21.4595
-20.3835
-25.5906
-15.8084
-16.1919
-16.1451
-11.923
-5.28724
-10.4194
-23.6003
-13.7064
-21.3432
-31.3038
-28.3841
-22.5409
-31.1374
-42.016
-40.125
-39.1109
-39.4846
-35.3587
-26.8856
-28.8729
-35.193
-37.5784
-25.2779
-22.3148
-24.0401
-28.1738
-32.7645
-34.2782
-18.8231
-23.9311
-20.3761
-23.0582
-25.3066
-21.103
-25.6026
-17.0784
-10.9361
-14.8695
-21.2813
-29.213
-21.4425
-24.6555
-23.6472
-17.5206
-13.0576
-11.045
-18.515
-13.8659
-10.9827
-5.10869
-13.972
-4.96744
-10.976
-3.67127
-3.52484
1.48206
-4.40727
-13.1075
0.253304
-10.4673
-8.26232
-3.10374
-13.9768
-1.89453
-10.411
-7.18162
-6.2705
-6.20674
-1.3035
-7.74767
1.22005
-2.57992
0.299127
-5.74598
-1.83879
-4.5614
4.41778
-1.31195
-5.40337
-5.14738
-2.25044
2.78477
-0.542022
-1.01432
-1.25032
6.69464
0.601966
2.41606
-0.186979
-5.06846
-1.07439
-6.07831
3.81029
-3.86305
-0.837969
-13.0412
-10.6892
-6.28472
1.40688
0.618571
-4.12048
-1.08725
2.21224
-9.40536
-16.269
-9.54862
-5.53673
2.23124
2.54569
-12.0274
-5.31009
-1.64135
-2.65602
2.967
-8.47488
-4.9787
3.56618
-2.56681
-1.40441
-1.9502
-3.24846
-2.89028
-12.0011
-9.45155
-6.05734
-13.2383
-11.1773
-27.6217
-7.53074
-0.351207
-4.31653
-5.84011
-17.881
-14.4163
-24.561
-20.6505
-6.93397
-12.7676
-6.80389
-16.3592
-19.4471
-11.5265
-15.7272
-20.8952
-19.9353
-21.3728
-19.2796
-11.8244
-19.8819
-15.0243
-18.8246
-8.79292
-15.4634
-19.6694
-5.30276
-12.2798
-21.0022
-26.7358
-21.3923
-15.1299
-14.5227
-21.2344
-7.42457
-10.8129
-28.5227
-22.0513
-29.4237
-4.7129
-3.81002
-14.5148
-16.3177
-21.2612
-13.8701
-26.552
-21.8979
-23.8148
-23.5875
-16.164
-11.1334
-19.3282
-14.6375
-13.5977
-13.1364
-19.1386
-16.1863
-18.1585
-18.6132
-21.0838
-11.1895
-10.1431
-16.59
-2.30305
-19.5696
-12.6336
-20.9361
-12.8006
-12.7262
-10.8182
-22.2342
-12.4771
-20.1757
-31.5842
-15.3342
-12.9586
-18.7978
-23.0063
-16.5423
-19.2887
-17.5892
-8.52228
-8.82545
-13.9982
-21.7576
-16.007
-28.4286
-19.0051
-6.58032
-6.97457
-11.5942
-21.3086
-15.5093
-17.8559
-12.3223
-26.0941
-30.4855
-27.9096
-25.1716
-21.1261
-11.3508
-15.5732
-8.54299
-23.5791
-24.0896
-33.3901
-13.0394
-14.1616
-25.464
-23.4412
-17.731
-22.6106
-21.7192
-19.8075
-9.41876
-12.5638
-11.3635
-7.779
-27.1321
-16.7613
-23.0689
-27.832
-31.6908
-25.0566
-30.8378
-38.5287
-40.6203
-37.6144
-37.1844
-34.2941
-27.6089
-26.0192
-32.8228
-41.3245
-19.1433
-30.051
-16.9223
-34.6818
-28.6738
-36.5943
-16.4702
-28.4374
-26.6644
-20.8285
-25.0963
-19.1262
-31.1132
-14.7343
-11.6945
-13.3044
-24.9585
-25.4656
-20.7529
