-167.18
-181.496
-178.849
-185.442
-191.995
-181.643
-177.212
-182.427
-175.484
-183.116
-185.692
-182.969
-199.067
-193.195
-180.124
-189.211
-177.074
-179.663
-182.018
-198.366
-202.388
-184.033
-181.713
-191.725
-179.534
-175.197
-180.402
-195.903
-190.683
-192.681
-195.855
-194.366
-197.054
-197.418
-192.007
-193.487
-186.745
-188.97
-194.557
-189.656
-189.929
-188.869
-178.666
-195.397
-195.386
-181.627
-187.267
-183.742
-188.548
-183.284
-186.965
-193.906
-194.046
-191.839
-198.074
-195.259
-195.802
-194.118
-187.467
-186.842
-188.94
-186.099
-184.693
-178.197
-195.298
-186.234
-188.728
-179.548
-183.161
-187.737
-175.377
-142.945
-110.635
-127.877
-127.621
-124.065
-131.6
-131.646
-136.23
-142.591
-138.988
-144.293
-147.046
-149.481
-146.34
-147.46
-147.117
-145.752
-145.571
-144.093
-140.953
-136.82
-138.441
-142.127
-145.035
-150.732
-150.642
-157.029
-154.454
-156.643
-153.558
-149.731
-154.659
-154.622
-151.387
-150.199
-146.095
-149.184
-148.173
-152.322
-148.409
-147.495
-152.211
-147.045
-145.968
-148.971
-143.8
-140.85
-141.682
-136.916
-140.146
-143.088
-142.584
-143.162
-143.773
-149.64
-151.432
-151.828
-157.302
-162.038
-173.523
-154.508
-132.998
-129.376
-131.102
-132.951
-139.132
-128.793
-141.243
-130.872
-133.722
-138.671
-135.43
-139.058
-132.551
-135.178
-130.047
-128.557
-123.635
-125.564
-125.273
-129.924
-134.326
-121.714
-87.7575
-94.9467
-80.8296
-85.0968
-135.915
-142.462
-151.864
-171.831
-176.163
-176.965
-184.102
-179.831
-186.412
-184.677
-178.887
-176.688
-171.257
-175.545
-164.889
-165.061
-161.233
-156.982
-163.131
-169.184
-163.203
-154.644
-153.985
-155.092
-156.467
-156.489
-159.864
-157.889
-157.734
-159.97
-162.891
-170.142
-168.944
-173.451
-171.947
-170.919
-166.246
-162.471
-161.615
-165.516
-170.326
-169.308
-165.799
-161.149
-168.125
-171.688
-171.322
-175.272
-168.1
-178.048
-173.19
-166.603
-171.166
-173.597
-154.821
-106.252
-127.16
-126.38
-129.983
-132.822
-140.99
-142.638
-175.425
-170.609
-166.948
-181.307
-177.865
-175.969
-176.533
-188.778
-183.241
-180.635
-179.45
-179.865
-164.056
-169.065
-183.48
-175.506
-187.851
-176.26
-164.729
-160.759
-164.996
-166.226
-170.844
-166.44
-167.823
-180.153
-178.453
-182.451
-182.7
-182.803
-174.367
-174.992
-173.493
-174.334
-174.397
-178.749
-175.935
-174.352
-175.165
-174.208
-171.019
-170.484
-174.055
-175.153
-177.083
-163.092
-166.615
-178.229
-179.78
-176.361
-162.448
-159.4
-159.054
-172.693
-155.894
-152.611
-151.596
-164.223
-164.8
-149.195
-160.689
-163.488
-159.048
-142.922
-139.642
-122.04
-108.342
-93.6638
-85.72
-85.6204
-80.2877
-76.6816
-70.8325
-60.5559
-52.4812
-54.1547
-55.8701
-50.6256
-48.4631
-56.861
-57.1304
-64.0176
-62.0213
-59.2006
-60.3748
-49.8296
-67.6851
-60.3526
-63.1711
-69.9434
-72.6761
-90.9308
-112.782
-117.32
-114.797
-121.608
-116.125
-123.172
-112.786
-103.737
-109.696
-106.833
-111.49
-130.351
-154.053
-153.34
-132.164
-131.472
-131.597
-116.678
-131.33
-93.4963
-110.006
-107.799
-112.917
-117.508
-122.363
-122.896
-121.188
-108.697
-101.748
-105.795
-109.979
-108.87
-103.315
-104.167
-103.073
-96.0567
-101.15
-96.1856
-96.3842
-104.976
-110.342
-110.443
-116.152
-118.458
-130.237
-135.662
-145.43
-148.834
-144.781
-145.06
-130.966
-126.766
-133.73
-120.91
-133.978
-128.806
-125.227
-126.317
-125.632
-147.845
-151.669
-154.463
-160.711
-160.097
-145.77
-149.966
-144.769
-139.04
-131.946
-139.962
-141.095
-160.173
-149.752
-141.673
-176.966
-167.336
-174.901
-170.25
-175.68
-193.282
-173.329
-181.012
-166.354
-163.57
-149.12
-161.058
-161.57
-160.893
-155.672
-166.246
-157.607
-147.677
-153.404
-146.923
-154.763
-158.191
-152.805
-156.021
-170.528
-164.746
-159.846
-168.111
-166.176
-176.411
-157.189
-149.318
-183.396
-149.974
-177.272
-144.436
-159.895
-154.849
-159.213
-152.043
-158.214
-147.984
-151.294
-164.071
-184.343
-176.081
-167.173
-175.565
-172.391
-172.916
-172.399
-158.088
-190.016
-194.117
-184.951
-177.996
-164.453
-157.809
-167.487
-162.72
-156.788
-164.856
-171.701
-176.467
-169.987
-180.562
-155.356
-153.236
-157.932
-157.116
-162.499
-166.244
-172.578
-176.843
-168.164
-170.174
-155.782
-152.787
-159.757
-156.692
-153.746
-138.555
-159.388
-160.05
-164.596
-154.755
-160.515
-163.03
-153.301
-159.388
-166.044
-165.667
-157.329
-171.055
-160.103
-151.915
-165.438
-157.854
-155.288
-148.248
-145.767
-151.196
-155.607
-156.629
-163.992
-160.99
-164.627
-149.53
-170.488
-162.102
-169.797
-172.325
-157.972
-133.589
-146.581
-154.346
-155.2
-134.871
-147.203
-159.907
-149.977
-172.209
-166.778
-168.688
-169.342
-167.211
-180.908
-180.399
-166.069
-162.94
-161.996
-164.731
-160.195
-156.255
-163.955
-150.293
-148.68
-149.514
-154.397
-158.796
-146.653
-151.264
-158.984
-162.039
-162.994
-166.767
-167.526
-178.822
-146.828
-145.785
-153.918
-165.115
-168.392
-164.442
-163.272
-159.768
-171.686
-143.4
-151.149
-148.246
-152.062
-158.477
-148.3
-160.958
-159.688
-142.099
-155.339
-133.683
-137.837
-120.966
-133.884
-120.527
-117.817
-125.379
-134.612
-158.537
-168.178
-184.506
-169.604
-175.056
-157.226
-160.533
-165.168
-168.04
-174.888
-170.84
-164.525
-139.342
-145.823
-145.37
-148.745
-145.663
-146.355
-142.783
-140.22
-150.676
-154.222
-150.962
-154.448
-153.878
-155.224
-151.414
-150.291
-149.239
-155.835
-156.266
-153.052
-163.504
-156.595
-165.759
-168.275
-169.29
-169.668
-166.916
-162.584
-173.112
-169.459
-168.69
-163.219
-160.245
-155.034
-152.337
-145.907
-129.765
-116.316
-116.692
-115.411
-101.811
-113.219
-107.504
-111.46
-113.036
-119.982
-109.232
-105.779
-109.096
-111.897
-110.548
-122.533
-126.438
-113.387
-119.358
-121.312
-123.119
-118.593
-121.366
-115.169
-118.481
-105.296
-96.1612
-78.1825
-92.2502
-99.3079
-82.5808
-89.4212
-85.974
-89.1147
-100.618
-112.073
-104.724
-126.905
-144.519
-146.008
-167.773
-157.313
-153.957
-153.535
-156.24
-160.658
-148.454
-151.915
-150.603
-152.833
-138.279
-139.726
-140.616
-138.882
-148.643
-140.623
-139.841
-145.665
-150.421
-158.614
-157.296
-156.423
-152.528
-152.941
-147.395
-147.444
-149.029
-151.812
-150.699
-155.887
-155.098
-156.88
-159.216
-154.196
-153.74
-152.675
-154.758
-152.737
-154.984
-150.871
-149.83
-150.337
-138.921
-144.052
-147.033
-139.303
-139.195
-132.927
-140.886
-138.739
-142.91
-138.121
-138.677
-142.785
-150.615
-149.594
-148.018
-147.919
-148.731
-155.517
-161.023
-162.76
-171.382
-173.009
-180.643
-172.624
-172.846
-168.209
-164.662
-157.147
-152.797
-158.132
-158.017
-156.105
-155.213
-148.337
-156.497
-162.762
-161.671
-166.274
-163.518
-161.734
-163.493
-157.327
-156.849
-164.579
-158.675
-155.864
-159.955
-160.554
-164.76
-162.19
-161.897
-164.153
-166.263
-169.693
-170.174
-179.809
-170.457
-175.007
-173.169
-177.012
-172.447
-169.775
-164.031
-155.959
-162.241
-151.957
-148.096
-147.846
-141.297
-142.749
-145.389
-143.022
-138.446
-134.298
-135.571
-119.84
-125.406
-126.579
-122.624
-121.393
-125.843
-126.024
-124.699
-133.994
-137.244
-146.652
-145.088
-145.76
-156.837
-155.372
-157.415
-162.491
-171.9
-178.028
-181.388
-180.078
-183.774
-179.929
-168.079
-175.152
-167.584
-165.654
-162.963
-173.465
-169.936
-160.228
-165.82
-164.498
-159.994
-151.222
-150.415
-154.514
-167.412
-162.27
-162.9
-158.373
-151.173
-164.91
-165.876
-171.451
-166.558
-161.469
-164.057
-161.203
-160.182
-157.822
-156.849
-154.302
-160.013
-170.655
-154.582
-172.739
-162.85
-159.841
-160.229
-164.822
-162.072
-170.296
-178.027
-170.522
-170.856
-161.092
-166.246
-158.643
-160.703
-167.07
-169.579
-168.011
-163.345
-171.699
-170.647
-161.154
-153.368
-158.596
-164.578
-167.882
-158.768
-162.559
-170.943
-180.025
-184.288
-168.559
-181.37
-180.834
-181.208
-182.775
-181.835
-166.351
-154.212
-154.657
-156.288
-155.924
-163.408
-163.252
-161.552
-169.077
-174.509
-185.407
-192.875
-178.738
-173.581
-165.186
-180.599
-159.824
-158.609
-156.777
-168.923
-161.816
-164.056
-169.145
-171.588
-175.668
-182.323
-172.099
-177.548
-169.352
-168.505
-176.975
-168.903
-155.726
-167.559
-167.061
-172.371
-166.683
-168.613
-167.17
-157.246
-160.816
-160.693
-165.275
-165.666
-158.236
-158.54
-164.899
-158.952
-160.106
-164.198
-159.05
-161.199
-160.116
-168.252
-171.354
-175.627
-176.743
-165.494
-181.705
-183.227
-166.88
-169.244
-171
-172.15
-168.76
-160.183
-169.225
-176.218
-169.801
-183.027
-171.237
-175.776
-169.066
-170.854
-176.706
-170.447
-177.009
-172.587
-176.377
-179.823
-170.941
-162.807
-181.727
-175.173
-173.706
-178.929
-168.966
-180.582
-163.083
-172.606
-171.103
-171.512
-173.014
-181.37
-174.378
-174.441
-180.798
-176.105
-178.354
-177.498
-167.656
-167.528
-164.26
-164.327
-171.906
-164.904
-179.334
-171.08
-176.454
-173.844
-180.718
-174.653
-173.172
-178.013
-181.378
