-37.0167
-26.9746
-23.646
-15.9485
-10.8107
-29.2755
-27.3813
-40.0053
-35.9995
-39.65
-50.734
-38.1152
-48.6577
-43.4468
-34.0319
-34.7158
-30.9617
-28.8659
-27.4751
-26.4897
-33.6984
-39.0279
-44.2524
-44.1575
-50.1608
-38.6039
-41.4293
-29.177
-27.7154
-35.3073
-25.45
-21.4037
-25.0518
-17.3206
-30.1672
-17.3799
-8.74998
-21.2317
-27.5892
-36.5548
-21.7319
-30.6167
-24.4422
-19.9509
-18.0753
-12.0358
-2.97073
10.7912
2.7707
15.6648
-15.1344
-9.24224
-26.7582
-28.2298
-28.2826
-20.8671
-14.3996
-5.37104
-10.1738
0.147025
-2.56981
-10.6775
-7.39046
-10.9004
-13.184
-18.6082
-30.2632
-37.3623
-35.2938
-37.6545
-39.1642
-40.6123
-37.3142
-35.2631
-34.5639
-43.1799
-36.296
-46.9142
-42.9423
-44.0579
-33.727
-42.5791
-42.9586
-41.8694
-31.7106
-35.7092
-25.8043
-25.7837
-20.4728
-18.7824
-1.5485
-5.32562
-33.5351
-36.1747
-34.6514
-26.7213
-23.5326
-14.2544
-27.6935
-30.0139
-22.3674
-8.63236
-2.02513
-21.4175
-3.98529
15.8526
14.4516
5.49292
6.90367
5.20024
9.09895
3.38575
2.72925
-5.87406
-5.15723
-1.99899
1.24138
-5.29415
-8.74567
-1.88794
-3.67003
-4.0044
-0.326371
-0.692283
-3.93543
-0.116885
-7.29297
-7.32026
-6.83735
-16.954
-13.899
-7.45222
-5.44542
-7.50347
-7.85242
-2.19065
-3.91835
0.839982
3.86553
-1.1404
5.12342
2.12064
-1.72137
-3.02272
-3.33948
-0.557287
-1.87661
-2.41082
1.02305
2.09836
9.96589
12.2921
7.84492
8.93228
13.4704
7.94532
6.83163
8.51445
2.12857
-5.54587
1.3747
-10.054
-2.41009
1.26484
7.07617
-6.01185
-6.76088
-6.57679
-10.1735
-3.25818
-3.24922
0.521934
5.45569
4.66723
4.64132
1.80948
-0.763579
3.34702
-6.08524
-4.84024
-12.4637
-12.4273
-18.79
-19.6928
-19.1791
-24.9296
-26.6761
-19.7609
-21.7211
-25.4054
-15.9198
-19.4878
-20.3363
-14.3133
-20.2517
-26.0869
-22.4867
-22.5138
-17.6916
-33.8546
-28.6049
-32.7711
-29.343
-26.0668
-25.1318
-18.7725
-23.2984
-14.7743
-19.1564
-20.2716
-18.0067
-24.08
-11.2719
-24.1291
-26.5673
-33.9189
-39.898
-38.1071
-51.765
-48.3821
-42.7417
-46.9544
-44.2396
-49.153
-44.6178
-44.2472
-46.6982
-46.8176
-45.4767
-46.017
-46.4726
-42.5046
-48.1795
-51.0092
-47.0374
-46.7981
-50.0099
-50.2014
-55.3472
-56.7047
-52.3326
-56.1307
-42.5401
-49.3678
-47.5277
-55.5176
-58.2906
-50.9733
-46.9886
-48.4201
-46.0506
-43.3353
-49.9146
-43.2305
-37.6001
-42.7848
-33.9621
-31.7222
-33.7871
-24.9458
-29.7372
-26.8511
-26.2279
-24.5903
-15.3236
-5.06368
-7.42402
-4.55035
-15.6498
-8.69011
-23.6766
-22.4993
-21.0933
-22.0597
-1.41976
0.272348
-15.2227
-18.1726
-11.1423
-8.58697
-18.5637
-25.095
-14.7697
-20.982
-20.9817
-17.4083
-17.9372
-11.6776
-15.5595
-12.7592
-8.23613
-11.2536
-3.66747
-13.3509
-16.4832
-13.9116
-14.913
-10.1935
-11.6455
-9.41286
-16.0861
-16.6849
-7.23555
-9.08446
-11.3219
-12.0946
-14.0615
-8.17857
-9.78333
-17.8676
-8.83797
-14.5097
-14.7856
-11.7644
-13.3096
-19.2204
-19.8522
-20.0689
-17.2587
-13.8965
-13.1185
-15.958
-18.9867
-13.981
-19.4929
-15.4115
-13.758
-16.4373
-19.3659
-19.5457
-21.5238
-19.6441
-24.1204
-21.5109
-26.8459
-25.0924
-25.443
-24.5255
-18.8573
-19.0127
-24.8533
-27.8013
-23.8551
-29.1853
-23.2987
-30.1865
-37.2768
-30.8482
-28.7874
-28.1092
-31.6089
-33.0169
-30.6054
-28.8378
-30.6238
-24.6978
-22.1019
-17.0886
-24.2501
-22.0943
-25.9925
-29.9137
-32.8484
-32.8318
-29.5969
-25.8232
-26.0991
-20.7722
-22.8027
-23.9068
-18.2568
-22.3084
-20.8009
-29.2741
-23.588
-29.1286
-29.6798
-25.6176
-24.617
-26.224
-27.1566
-26.9272
-26.4657
-29.2072
-25.3384
-25.5741
-24.9189
-28.0979
-21.1689
-18.4206
-13.0511
-11.9413
-10.742
-7.33955
-19.7861
