-44.6303
-59.8257
-59.6187
-71.3888
-70.9945
-77.6446
-52.8699
-61.8181
-55.916
-56.9483
-61.1715
-58.2621
-52.2224
-60.5653
-62.3165
-64.6385
-55.199
-67.0511
-75.4913
-81.5127
-70.8552
-72.2792
-74.0229
-72.1451
-72.2538
-68.1075
-61.9238
-61.597
-65.7232
-64.2
-64.5919
-61.8956
-59.2339
-67.6496
-61.4505
-52.1511
-49.6181
-68.3493
-76.174
-69.2787
-76.2943
-80.4338
-74.1605
-68.1345
-73.0117
-81.2212
-74.0881
-84.6733
-84.1837
-78.1615
-55.2367
-57.2995
-55.2858
-89.0556
-102.219
-97.7822
-82.5415
-69.6912
-59.4445
-60.322
-57.4943
-53.8351
-64.7573
-66.469
-73.7429
-82.437
-86.1512
-83.9607
-77.1452
-73.4584
-69.5695
-74.5705
-79.1661
-84.9944
-90.0548
-88.4452
-92.2501
-90.5634
-84.2838
-82.2357
-81.0437
-70.8505
-75.3847
-84.6996
-92.9
-86.9665
-96.8432
-101.926
-95.5784
-109.081
-86.5636
-63.5017
-43.3516
-46.701
-46.5663
-40.2141
-40.5626
-48.2012
-42.2275
-66.2496
-63.5798
-56.0012
-55.2881
-77.77
-82.1041
-71.4063
-81.8684
-63.5076
-60.4819
-71.2913
-66.708
-68.2649
-64.1521
-67.4274
-71.4698
-65.7792
-67.145
-83.9731
-75.8858
-70.9319
-77.0328
-78.6113
-75.6921
-79.495
-74.8246
-77.1905
-84.5818
-82.5971
-77.093
-78.4148
-80.6873
-72.8397
-74.3131
-75.0647
-71.938
-75.8106
-75.3158
-72.803
-77.6979
-76.538
-75.3332
-76.0813
-75.0449
-77.5004
-78.0866
-80.5727
-90.9051
-86.351
-79.0815
-83.7009
-71.1722
-74.4736
-81.2502
-81.3649
-88.9933
-82.5832
-74.1508
-73.6552
-72.9916
-71.8411
-73.2382
-80.2105
-86.0118
-94.4311
-83.8001
-92.7567
-88.3996
-84.069
-86.2388
-82.6058
-89.6958
-80.8162
-80.2421
-79.7153
-79.7073
-73.7335
-72.1834
-76.1436
-81.2434
-81.1396
-80.3651
-73.6062
-71.2524
-71.9858
-80.7195
-88.6249
-79.2337
-77.9873
-87.3294
-92.5627
-83.436
-74.4922
-74.1755
-76.9035
-74.628
-61.0976
-59.8791
-52.5367
-62.0755
-58.278
-61.9953
-73.4135
-75.8609
-77.4375
-76.6911
-71.9152
-65.9546
-62.6901
-78.249
-84.005
-74.8599
-74.1843
-67.6135
-66.3379
-64.8108
-55.9392
-52.8984
-58.033
-43.8845
-46.0252
-50.5173
-37.7813
-40.8119
-40.0329
-39.4709
-39.3449
-36.2065
-35.136
-34.2513
-27.931
-32.9164
-39.1953
-35.4485
-35.1171
-27.4097
-30.8065
-34.6969
-29.4334
-28.2265
-32.0664
-31.6182
-24.2441
-22.0319
-31.1229
-36.1761
-38.028
-44.4736
-42.6557
-45.366
-52.5912
-57.5793
-57.4531
-60.0775
-55.0863
-50.5302
-57.4593
-48.8984
-51.4575
-58.0586
-55.4474
-53.509
-56.6967
-59.0908
-62.332
-64.8118
-79.7713
-76.9694
-66.7425
-72.0546
-73.9108
-80.8506
-70.2314
-71.3592
-67.9563
-76.2877
-57.0289
-58.3318
-66.0907
-73.2703
-76.3131
-88.7396
-87.51
-97.9503
-97.0144
-96.034
-94.9502
-109.688
-104.143
-111.941
-108.134
-105.431
-113.606
-124.033
-110.632
-115.79
-111.729
-123.411
-119.428
-112.377
-120.901
-117.498
-130.249
-121.995
-127.089
-127.85
-118.686
-114.202
-114.509
-115.565
-110.723
-120.79
-121.97
-110.962
-120.388
-119.586
-112.909
-113.442
-126.548
-125.436
-123.49
-128.362
-128.073
-122.105
-123.964
-117.793
-123.668
-117.934
-125.509
-127.219
-127.643
-125.311
-128.6
-125.811
-121.996
-131.947
-128.718
-121.398
-122.2
-123.135
-121.144
-120.353
-120.721
-115.258
-122.386
-118.185
-124.699
-122.524
-116.901
-118.892
-124.007
-123.082
-121.437
-121.446
-123.671
-119.819
-114.918
-126.344
-117.126
-124.187
-122.788
-121.463
-119.508
-129.548
-126.578
-121.905
-112.126
-117.533
-122.259
-118.613
-112.86
-121.921
-127.368
-124.002
-121.896
-122.124
-117.208
-117.406
-117.522
-116.662
-119.062
-113.128
-112.096
-115.216
-121.217
-119.386
-122.834
-114.233
-121.182
-121.696
-121.475
-127.808
-131.509
-133.468
-133.301
-108.179
