-33.1008
-44.6852
-33.4685
-41.888
-46.4591
-46.8545
-48.7806
-41.5009
-52.6169
-47.5969
-45.1513
-55.45
-46.3654
-46.2807
-40.7922
-39.3384
-44.7744
-48.8237
-51.3777
-44.9675
-46.521
-46.3869
-62.2055
-52.5212
-48.8405
-48.1885
-41.4977
-43.0898
-44.8863
-47.003
-42.4794
-48.8403
-50.8577
-46.9187
-47.4118
-45.7789
-50.3244
-44.8844
-56.8567
-47.5417
-50.8467
-65.188
-50.1672
-71.5642
-61.6793
-52.9768
-63.2652
-68.2268
-69.8411
-48.2159
-54.3446
-54.275
-50.0542
-53.2019
-52.7166
-56.779
-51.1993
-57.4431
-49.7946
-54.2403
-43.4321
-49.8984
-41.7643
-47.4951
-50.0141
-45.8315
-41.7579
-48.693
-51.4399
-51.3102
-45.8834
-53.8395
-52.967
-47.4042
-46.3259
-51.7742
-44.7933
-42.0482
-48.2037
-37.2888
-41.0162
-42.8512
-40.2507
-46.3934
-40.407
-43.0022
-41.2655
-44.5626
-43.4129
-42.3654
-40.7094
-39.0841
-43.9661
-43.4973
-43.0927
-46.4137
-39.7493
-47.3781
-41.7149
-45.0186
-39.8097
-40.0892
-39.2348
-36.5297
-41.0198
-40.627
-40.7612
-41.66
-47.4157
-49.9641
-46.6607
-40.7953
-45.5986
-46.1388
-41.9454
-37.163
-39.8962
-39.5347
-47.4854
-42.7501
-37.6696
-35.6655
-32.5695
-35.0891
-29.9289
-44.5721
-38.5277
-37.5311
-39.7247
-45.5992
-44.9148
-40.0628
-45.0717
-44.0027
-45.2702
-46.4407
-46.3844
-43.509
-49.0251
-47.947
-41.3619
-33.0817
-41.5625
-48.5509
-37.9312
-35.5314
-44.2554
-38.4785
-45.298
-41.3907
-49.1279
-43.0283
-40.9021
-48.3177
-27.076
-44.575
-41.5567
-46.7994
-40.2245
-60.6265
-60.7662
-55.2818
-56.6113
-50.7355
-49.2969
-40.2062
-47.2023
-44.9914
-44.2808
-45.8686
-35.9243
-50.0884
-44.5612
-38.0483
-34.3496
-40.0207
-49.0911
-35.484
-39.1759
-39.1257
-36.1977
-34.5397
-39.5679
-41.4606
-43.9172
-43.3187
-43.7032
-35.6661
-41.5293
-35.4909
-42.3112
-45.7637
-34.1085
-38.8056
-44.2381
-46.4968
-40.6241
-41.5589
-44.9982
-47.4798
-49.8928
-38.9068
-38.6028
-50.4896
-55.9246
-45.1984
-40.1595
-51.3456
-41.121
-36.9682
-35.8083
-49.4219
-34.245
-38.1273
-37.1934
-52.1004
-54.5811
-31.6631
-49.5441
-39.6772
-41.754
-53.9776
-43.423
-50.1344
-40.4522
-46.7073
-47.2936
-42.9314
-48.9011
-37.8318
-35.3039
-37.229
-46.2437
-47.0883
-50.7967
-52.901
-44.436
-56.8284
-48.2704
-44.5956
-39.1654
-42.1721
-32.696
-40.0141
-48.7303
-46.0042
-44.684
-39.3329
-52.7051
-49.5362
-39.0222
-48.8219
-41.1779
-48.8681
-43.8217
-42.9732
-42.9762
-56.8758
-45.2003
-46.862
-47.075
-50.2398
-62.1746
-51.9863
-49.4287
-45.9814
-38.032
-41.0099
-49.9841
-45.4374
-44.9722
-46.3068
-58.9506
-45.5448
-47.7019
-46.1859
-45.7008
-48.0611
-55.7205
-46.282
-55.1025
-61.0592
-48.2448
-70.1307
-61.2488
-54.1453
-68.0255
-66.3504
-59.6461
-51.4488
-58.1891
-63.6059
-53.6513
-50.785
-53.323
-51.8656
-52.2727
-54.5032
-51.4757
-52.14
-44.7401
-49.8251
-41.3103
-45.2536
-47.1787
-46.6901
-40.6785
-48.6706
-48.4355
-40.9928
-47.2655
-51.2667
-50.5128
-46.8391
-53.0614
-52.4586
-53.8815
-44.0128
-47.6493
-43.3289
-40.535
-47.4487
-42.5604
-49.0361
-46.8518
-42.7941
-43.9954
-43.6343
-42.811
-41.5949
-43.4732
-38.3946
-43.8395
-46.6616
-40.5748
-46.2628
-37.4756
-46.6866
-41.4271
-43.7136
-40.4283
-39.1846
-38.9747
-38.9959
-45.035
-39.5276
-48.6518
-48.0112
-53.4993
-53.7927
-44.2984
-41.7138
-51.4683
-42.389
-44.3861
-40.4971
-44.911
-42.3045
-53.2588
-49.6343
-48.1895
-41.4782
-41.3582
-37.1615
-38.6754
-43.1679
-53.7227
-41.3806
-44.498
-40.3844
-41.6818
-43.2558
-51.4791
-47.9202
-43.3235
-51.6832
-44.2436
-44.7803
-48.1552
-51.158
-39.7373
-40.5635
-42.4173
-40.6036
-39.7489
-31.3521
-44.5928
-34.0069
-44.2202
-36.7823
-49.5968
-38.8604
-47.0884
-45.5317
-29.4696
-44.0646
-38.3282
-45.2761
-45.8084
-51.6982
-61.3442
-53.7893
-50.5607
-49.5403
-49.1632
-45.126
-41.9809
-44.5531
-50.369
-38.2899
-39.9655
-48.6032
-44.5232
-40.7255
-39.692
-42.7779
-48.372
-41.1004
-47.872
-41.6434
-42.2227
-43.1937
-33.2528
-41.2875
-45.2631
-41.2865
-46.0201
-37.5747
-41.999
-38.5182
-44.9409
-42.5576
-44.3053
-35.4638
-48.4615
-45.6933
-43.2349
-47.1807
-40.0125
-42.986
-47.6366
-42.4556
-38.245
-51.82
-52.9587
-49.1434
-47.3166
-55.8772
-38.4303
-38.0886
-48.6498
-54.878
-39.0058
-36.6694
-47.2488
-48.3988
-50.0379
-38.5785
-52.1587
-35.8761
-45.7654
-49.7914
-43.4389
-49.2235
-43.0024
-43.2232
-46.8593
-46.7236
-49.0953
-34.3309
-36.514
-39.6139
-39.9207
-54.6514
-49.9806
-48.8815
-44.0033
-54.9694
-41.8761
-38.5653
-44.6081
-43.4257
-34.5913
-44.0692
-47.158
-47.4062
-43.1031
-44.7401
-48.1565
-47.2503
-46.6537
-44.7941
-47.2481
-39.9831
-46.5451
-42.6977
-44.6868
-58.5975
-46.6064
-47.6654
-46.7995
-61.8967
-60.3841
-51.4439
-47.852
-44.8251
-38.1328
-37.8695
-50.5841
-44.0853
-49.0352
-44.0974
-53.4243
-49.1782
-47.3974
-54.3711
-42.9848
-49.8912
-55.1017
-48.1161
-65.0251
-63.5792
-56.4526
-63.3343
-61.4644
-54.349
-69.7608
-67.59
-53.6312
-52.8824
-54.863
-63.3279
-60.3634
-54.2636
-52.0578
-48.498
-50.0117
-52.3134
