-12.2067
-21.6744
-15.6787
-17.192
-26.8307
-27.7018
-6.78502
-3.75305
-1.88242
8.88322
2.46999
4.43616
2.6218
5.14926
2.87018
7.06832
-7.87753
-25.3031
-7.38569
-14.0168
-12.7182
-5.14591
-11.8972
-12.0271
-27.4981
-28.9294
-24.9145
-31.2527
-29.3799
-33.165
-33.0954
-30.0072
-13.2859
-35.1851
-27.9012
-36.1681
-32.3262
-30.1331
-23.1628
-28.6517
-25.6506
-19.4278
-23.7817
-39.1466
-29.6346
-30.9015
-30.6212
-25.5167
-43.1298
-28.6125
-30.2053
-23.1854
-12.3637
-21.7191
-26.9088
-23.5325
-30.1853
-17.3494
-7.64305
-19.8213
-23.8792
-17.5389
-5.83393
-21.667
-19.037
-5.91037
-11.5224
-11.5029
-13.9897
2.4754
-6.76146
-9.60435
-20.461
-6.66351
-14.4556
-5.06196
-6.13334
3.01596
-11.61
-7.44696
-7.86688
-7.66348
-4.46638
6.7507
-27.3081
-3.56024
-13.9189
-11.7266
-8.68529
-11.069
-6.34672
-11.3573
-20.1868
-18.3098
-9.28804
-11.7219
-4.82076
-3.48229
-12.9957
-13.7337
-21.941
-9.17679
-18.2549
-9.55111
-20.427
-10.1553
-13.5242
-9.82578
-15.8618
-5.64946
-4.74002
-10.192
-4.14053
-3.18302
0.408765
-1.25169
-25.4773
-1.80479
-7.69664
-13.1516
-12.3836
-8.18804
-5.04795
-14.9408
-20.2023
-19.265
-20.7204
-24.6654
-15.088
-27.2649
-26.2063
-4.99339
-8.75905
-14.4726
-17.4401
-13.5263
3.14241
-15.0511
-25.9432
-7.99524
-20.803
-26.8796
-22.9408
-7.45139
3.50913
-3.94743
10.032
-0.521105
1.80829
1.57216
4.29293
3.53829
4.40307
-13.0435
-19.3226
-11.2781
-6.46051
-7.15285
-7.02318
-8.24831
-18.1765
-30.7971
-28.0343
-28.5925
-21.0833
-29.0361
-32.8311
-35.933
-27.1215
-16.1528
-37.5936
-33.4013
-30.8678
-32.6644
-30.2633
-28.6792
-23.5284
-22.6164
-23.0386
-27.1614
-37.2111
-22.3048
-31.2709
-31.3005
-25.3495
-30.6016
-35.9859
-32.9854
-14.4767
-12.2019
-22.5873
-29.4942
-22.0142
-26.6213
-20.5062
-10.2399
-14.2177
-20.201
-18.7248
-8.99374
-17.5939
-12.3723
-17.3093
-7.80633
1.42596
-10.0394
1.81533
-15.5055
-11.9885
-14.0752
-11.0904
-17.707
-11.1818
-10.5713
-8.03976
-6.63042
-14.0113
-7.32655
-4.53575
1.31409
3.10096
-20.7754
-9.69052
-10.2871
-13.3338
-12.2466
-8.38082
-10.4902
-14.3255
-18.5214
-20.2259
-11.2783
-11.1202
-6.44537
-5.12997
-13.8416
-15.4356
-17.1123
-14.1009
-12.5182
-4.06899
-15.8101
-9.33563
-19.2201
-9.61474
-14.8063
-9.63808
-9.13264
-6.12788
-3.03468
-2.93603
-4.62558
-1.14131
-21.6681
-1.04701
-7.75065
-11.596
-12.9169
-1.03171
-5.08042
-7.24133
-20.6912
-15.3653
-16.3983
-21.6538
-15.5281
-32.9228
-13.8156
1.63278
-9.52529
-21.0783
-12.4894
-5.2568
-8.3225
-16.9279
-26.7971
-10.9637
-22.5684
-24.2442
-15.9811
-7.45912
5.6594
-6.68207
5.16802
-3.36274
3.56201
-0.506821
3.5968
5.32033
-3.85576
-17.0991
-14.033
-11.663
-11.4505
-10.6221
-11.488
-0.568434
-23.1736
-28.2009
-23.2671
-35.818
-22.5567
-27.8259
-31.3298
-38.7619
-17.2678
-22.1987
-34.1747
-35.9419
-32.6126
-39.7857
-25.8881
-31.5917
-30.9713
-14.2577
-24.7199
-31.1536
-40.1324
-22.7245
-28.6757
-24.8524
-32.3596
-26.6924
-33.9908
-30.4281
-9.56593
-13.0267
-20.9754
-32.3647
-25.9725
-15.9144
-21.2178
-22.25
-18.8621
-17.1009
-13.9488
-11.3536
-18.9635
-4.61578
-19.2833
-11.4487
0.791799
-6.75035
10.3643
-10.4253
-14.2223
-8.60133
-13.2794
-12.8639
-7.902
-9.41702
-17.6097
-4.67576
-16.5117
-7.41498
6.26564
4.17569
-8.5123
-14.2998
-13.5621
-6.34198
-6.49505
-14.9388
-7.23834
-9.60567
-19.7183
-21.1559
-15.7667
-13.3663
-9.30836
-6.75823
-1.94037
-11.842
-15.4483
-14.3223
-21.7423
-8.14089
-5.02422
-9.4505
-8.65838
-16.4906
-11.5003
-10.7861
-5.96265
-15.0165
-5.40582
0.209076
-0.466709
-8.02874
-1.04828
-15.4385
-4.90515
-7.87117
-12.2742
-11.8887
6.80518
-8.70176
-8.50703
-15.8884
-13.4927
-16.6325
-13.9858
-15.6947
-32.5947
-5.89716
7.02915
-5.71678
-27.9719
-13.4388
9.36198
-14.5138
-20.8886
-19.6935
-13.3858
-24.3101
-26.246
-8.08763
-8.99353
3.48654
2.14501
3.41007
-2.62629
6.46477
-0.982955
6.71136
6.48595
-5.1626
-21.5574
-10.2034
-15.7703
-10.8247
-12.8967
-16.8019
-3.0929
-30.0002
-30.2646
-22.5734
-31.9064
-27.4587
-29.7332
-33.1352
-33.9369
-17.5322
-33.6698
-32.0587
-39.3999
-32.9451
-33.1265
-18.9634
-31.8559
-29.1558
-15.6559
-25.3305
-37.2229
-40.3662
-25.6475
-25.7242
-20.828
-41.2129
-29.5133
-34.1792
-30.1349
-12.946
-17.7042
-21.9903
-31.6885
-31.1505
-18.6587
-14.213
-25.8386
-21.4448
-16.6814
-10.4939
-14.7699
-18.1498
-6.09228
-15.3875
-21.3119
-8.89652
-2.08865
3.98509
-9.84583
-22.0757
-3.72473
-14.2296
-4.75798
-2.94427
-9.60768
