-6.79085
-9.5409
2.91084
-6.71674
-12.146
-9.9911
-21.8601
-36.7714
-22.5332
-12.5246
-27.5266
-18.6337
-6.35345
-25.0802
-2.06102
-17.6511
-1.13357
-24.2358
-13.8407
-4.4359
-9.75059
-13.4193
-2.14779
-8.76897
-7.70743
-6.83686
-8.54926
-6.20403
-12.6745
-13.2358
4.60089
-12.5921
-10.5347
-4.22534
-18.9258
-8.01288
17.4348
23.9058
20.1162
20.0607
15.0236
26.3071
16.6805
18.5688
16.7482
27.7548
25.0532
27.9729
28.0029
25.394
26.2625
26.1723
18.7378
27.7139
28.0094
32.0356
26.242
33.2015
29.7667
25.7362
30.5694
36.2085
36.108
31.7189
32.2312
24.8002
20.4941
21.252
19.3331
18.1267
14.0044
14.1552
6.01864
3.1144
8.9246
3.73859
2.47857
5.90857
2.16505
3.56877
22.8546
12.2425
3.41724
4.30862
2.63825
-5.49614
-9.93343
-11.6565
-12.0932
-12.7822
-11.003
-5.13491
-16.4696
-8.12813
19.8367
21.3958
23.2754
22.8398
8.59842
18.6978
26.7478
21.8394
20.8195
20.6126
16.2649
23.4234
19.757
24.9813
22.7179
17.9871
22.2215
20.1738
13.1128
10.244
11.0063
8.8626
19.1197
18.9223
14.7129
15.8122
21.0706
15.2343
18.967
24.436
17.4232
17.2505
16.3851
14.956
20.1361
16.9848
0.435694
-8.93455
-14.327
-11.9606
6.16793
-3.01187
-4.17378
-7.58696
-2.92468
16.2417
7.43562
-1.62372
5.71223
10.3212
-0.099971
-6.57804
-8.86659
-3.90759
-6.70176
-9.82206
-14.9241
-14.3839
-10.7834
2.07906
-1.00983
4.2639
15.8463
7.59486
10.4585
10.269
7.15159
14.2115
18.8771
7.96433
12.3452
8.11667
6.76355
10.9653
13.3179
10.6475
12.1255
10.2531
3.2882
9.84484
6.67247
8.39544
2.2105
12.1542
13.4298
6.4498
8.29695
12.3381
7.28281
4.63039
7.29744
17.7448
-1.4602
8.10647
15.4421
16.604
10.5253
9.28394
4.74746
4.40907
7.47655
7.32264
11.9262
8.76109
7.30182
14.5968
19.0677
6.59166
2.00543
12.9794
3.41516
5.62665
11.7006
7.54964
15.7141
3.40492
1.38434
5.69797
1.50611
5.28402
-2.92194
8.098
4.09871
7.18063
5.28035
9.59766
13.824
6.94135
6.95076
4.06177
12.9675
11.5015
8.02908
13.2694
5.14623
7.98852
13.6585
12.9078
17.7721
7.01034
0.016938
19.4382
7.1035
-1.53166
-2.86536
-2.77823
-2.29672
-0.346545
-3.35457
-0.995007
-1.07813
-3.19848
-1.71093
-7.5572
3.48231
5.27489
0.825525
-2.46584
-5.8931
3.29167
5.81646
-1.7033
-3.05017
9.38233
4.5221
11.7101
16.0602
14.9243
6.92051
-6.93482
-6.0019
-13.522
8.89513
-3.69669
-6.77498
-0.357586
3.25189
16.0338
35.0195
39.2796
41.318
52.1386
59.0441
51.5031
46.8698
59.9791
54.418
52.2091
53.7942
52.7014
47.3672
42.6268
42.4772
44.142
51.3828
48.2337
46.1527
51.55
47.8003
44.6234
46.2275
46.2207
47.3894
39.4951
46.1361
41.36
45.208
43.6486
47.5288
42.7296
48.6291
39.109
40.7432
46.4356
43.8347
40.2285
45.0536
41.6688
39.6734
42.5874
36.4459
35.6147
32.9482
42.3509
45.788
44.8589
43.9754
46.8606
42.1985
36.523
45.7262
42.3142
42.4069
41.2943
38.1895
47.4169
31.4565
18.7623
20.2979
18.2987
17.9301
13.7679
15.2376
16.7561
13.5113
15.7893
17.5114
22.0568
34.3648
36.2418
39.1135
35.9368
37.2995
7.71585
7.35836
-6.61344
-20.9701
-22.0691
-12.2608
-17.7974
-18.7053
-2.96616
4.96561
-28.7885
-2.72916
-4.79386
-24.7249
-12.8998
-12.2508
-6.63477
-7.80355
-9.08407
-11.6341
-11.1501
-15.3271
-15.4097
-9.97064
-8.44633
-7.99115
-11.2493
-10.4168
-10.0434
-4.62576
-20.0356
-37.0814
-28.6461
-24.4135
-18.7327
-3.42126
-12.2039
-20.6926
-26.9831
-22.1842
-23.2358
-28.818
-21.4839
-24.7293
-22.0962
-27.4241
-31.2226
-32.1431
-29.3497
-19.4496
-24.2482
-32.5148
-33.6063
-25.4317
-31.9633
-32.3932
-23.4862
-34.1072
-29.4981
-30.5879
-26.4693
-35.9988
-31.6465
-33.3662
-27.1076
-34.9245
-29.5624
-34.7484
-21.7571
-26.0099
-39.1133
-26.5917
-12.9886
-14.0064
-17.153
-7.38004
-12.1426
-11.4335
-19.2309
-23.4222
-21.0651
-31.0808
-29.2979
-26.4931
-22.4829
-23.2983
-26.7848
-29.9349
-23.5733
-28.4942
-26.6323
-21.8292
-15.6906
-21.2919
-13.7666
-9.67715
-3.27781
-16.3517
-13.0793
2.08632
-0.00770806
-0.718886
1.71502
26.5492
20.7263
25.5809
15.6622
13.4506
16.0447
19.2383
13.2863
32.176
26.7686
26.2363
27.8759
26.6966
24.4202
17.9866
16.8211
9.23764
18.2276
17.8587
16.5431
15.7218
17.4953
17.7561
13.0503
20.323
17.4385
23.5761
27.6373
18.861
13.3879
15.1362
5.95162
0.401314
17.6692
16.2091
-0.66697
-18.6947
-14.2709
