-35.3287
-47.6966
-35.1492
-41.8124
-32.8311
-35.7672
-40.5951
-18.8733
-34.9135
-31.1009
-27.5638
-33.64
-32.7075
-33.6291
-36.8449
-35.5084
-37.9278
-19.8052
-24.7532
-25.7372
-36.5429
-26.7572
-29.7448
-19.7131
-19.2293
-38.5784
-43.2217
-43.3573
-34.3637
-36.6406
-39.7377
-45.6562
-38.3613
-35.5382
-41.1931
-42.1989
-47.1634
-67.3773
-68.231
-73.8442
-67.7452
-70.5681
-67.2551
-64.0526
-59.0901
-65.5868
-65.4938
-64.8788
-68.7496
-64.2115
-72.5415
-63.2522
-64.4092
-62.6048
-63.5184
-68.1867
-66.9016
-67.112
-67.9697
-68.2283
-70.3093
-73.1915
-73.8831
-73.2827
-78.7355
-75.4159
-73.1105
-65.0079
-65.6847
-63.7927
-60.6468
-58.9048
-44.4957
-54.3247
-59.7907
-64.8815
-71.2394
-71.008
-61.5847
-52.425
-55.64
-56.6312
-48.2021
-34.7901
-24.3368
-40.4127
-38.7808
-43.0911
-45.3162
-32.9992
-37.3573
-32.6139
-36.0155
-40.6706
-57.836
-59.639
-53.0042
-41.4156
-29.79
-39.448
-41.2116
-43.8986
-47.5428
-47.2243
-49.6142
-44.5945
-46.0729
-38.3073
-39.0237
-43.8572
-39.7644
-47.0395
-42.3999
-49.4117
-47.0867
-51.0651
-42.9578
-43.6032
-45.5699
-43.866
-41.7079
-48.4399
-46.2022
-38.7541
-40.3577
-42.1696
-45.2122
-51.2638
-53.1191
-59.1715
-56.3961
-37.6461
-33.1606
-21.2402
-27.7221
-30.0184
-28.5531
-26.3925
-26.1899
-25.5313
-43.7639
-43.9076
-36.0628
-49.6785
-28.4958
-35.9236
-31.2525
-12.129
-26.0129
-20.8935
-21.3173
-30.9009
-30.3001
-36.8478
-27.6551
-25.9707
-38.1717
-23.0673
-32.6472
-27.5968
-28.3679
-26.8135
-22.1328
-28.8078
-24.0302
-28.7634
-33.6683
-23.7367
-30.7485
-28.1376
-35.1811
-30.1631
-28.1618
-27.4738
-22.5862
-30.6399
-28.9
-32.0957
-32.4409
-38.6089
-38.9252
-36.0905
-32.9684
-34.9788
-37.5455
-35.5048
-28.4249
-32.8136
-33.3785
-19.3329
-37.1975
-30.1038
-27.1746
-28.7362
-32.5011
-40.924
-27.5553
-36.3959
-31.5966
-33.0104
-42.4795
-33.2018
-33.7842
-28.2934
-25.5066
-31.9453
-23.757
-30.411
-28.6935
-35.9607
-34.0956
-34.2975
-34.9276
-25.1236
-26.3173
-29.4269
-31.39
-34.7973
-29.5199
-35.7213
-30.3798
-39.1631
-41.7949
-39.3725
-29.5871
-39.8845
-36.074
-34.4141
-30.4747
-33.576
-34.3356
-38.2877
-39.0237
-40.7905
-48.0852
-50.5457
-47.995
-56.0737
-48.4417
-42.8144
-44.9149
-41.2139
-49.7344
-41.4101
-40.2196
-22.3741
-28.7655
-22.907
-13.3638
-8.94028
-9.85087
-9.55259
-12.0537
-12.0944
-19.4635
-20.3167
-11.2148
-12.4241
-17.5716
-12.6999
-11.4057
-18.9146
-28.7573
-37.2621
-22.3267
-29.548
-33.9483
-37.2792
-17.0699
-24.0003
-32.188
-40.1935
-49.3805
-44.0801
-47.6178
-51.2823
-51.0913
-53.1393
-48.8121
-53.3881
-52.1058
-50.1013
-52.9773
-44.4647
-42.0835
-43.6212
-44.693
-43.7007
-51.1747
-49.7568
-55.4398
-60.9734
-56.273
-56.4852
-55.22
-60.7966
-54.7811
-54.0165
-57.5077
-54.5889
-61.3961
-58.0306
-59.0144
-55.6785
-55.7016
-57.5689
-57.1067
-62.3981
-52.3358
-47.4765
-52.2375
-46.5849
-46.8292
-46.7432
-44.8131
-40.9593
-47.4972
-53.0509
-50.6641
-49.8016
-64.56
-49.4274
-50.368
-51.4792
-60.7532
-52.8044
-49.8795
-51.9403
-52.5098
-47.9957
-42.0084
-34.5196
-25.3404
-27.2862
-26.0732
-25.3645
-28.1949
-27.2724
-28.8713
-25.6738
-26.5217
-26.0826
-30.3655
-41.894
-54.9305
-45.6562
-51.7988
-38.2577
-29.5601
-29.3849
-30.2423
-32.8728
-26.7028
-24.8476
-31.6575
-38.8647
-41.6415
-33.7448
-37.6873
-37.2415
-37.4001
-30.3066
-38.9562
-32.7234
-20.437
-18.0393
-14.4665
-16.1953
-19.1437
-29.3389
-25.9925
-21.8763
-24.3222
-16.7503
-27.3508
-13.8085
-21.129
-21.445
-31.3852
-39.2241
-50.1837
-37.4159
-31.8227
-31.9552
-36.4518
-26.2498
-25.0266
-26.8764
-24.8716
-35.5091
-28.7972
-28.6416
-32.2619
-25.6226
-29.1685
-29.983
-25.9845
-36.56
-28.5239
-33.6599
-31.3249
-34.3354
-29.0306
-34.6234
-31.9474
-25.8126
-23.4722
-29.4223
-31.7381
-37.1602
-36.5803
-33.4761
-37.5435
-34.4814
-35.2065
-31.0954
-40.4867
-25.9048
-32.1976
-37.6676
-34.72
-28.4809
-35.4767
-24.7511
-17.989
-36.5263
-27.4316
-33.8895
-24.2368
-18.8029
-23.247
-16.6898
-13.041
-13.6143
-8.24005
-2.89864
-8.09457
-16.2455
-34.625
-25.408
-18.3386
-11.8246
-18.1333
-20.5266
-22.4277
-12.8143
-12.3102
-23.9941
-30.4919
-50.2574
-49.8791
-44.0719
-34.8662
-37.1197
-31.5159
-30.8347
-48.4803
-48.6685
-48.055
-45.9252
-50.7423
-47.7691
-45.3648
-35.4428
-35.2242
-35.9785
-33.6502
-38.2023
-35.0721
-38.6887
-32.8307
-31.8316
-34.4743
-38.0464
-33.4996
-36.6643
-34.5574
-33.719
-25.613
-35.1422
-36.05
-34.3119
-31.9274
-43.0171
-47.9944
-54.1825
-36.8542
-46.3277
