96.2647
103.36
93.2258
94.2561
86.3185
92.9955
97.7014
91.8675
96.9433
100.326
99.0544
99.3874
98.0963
102.561
94.8635
97.3776
94.787
96.9894
98.6704
102.091
97.8792
94.9778
87.0825
78.5059
81.4774
87.4731
93.0018
96.3706
106.067
111.439
118.885
97.2685
91.7103
88.3302
99.7659
93.9369
80.905
77.9931
75.8586
78.9371
84.8771
69.6626
77.0414
82.375
83.0956
84.1282
80.7236
78.6665
81.4962
80.3704
78.1039
90.9156
87.0115
88.2222
95.5594
92.2773
88.1465
90.2401
83.6161
87.3534
77.9402
79.7895
77.5175
81.4523
78.3135
83.6086
80.5487
79.7259
83.6836
85.7983
84.6444
84.8009
95.1706
85.4035
84.7298
77.2082
82.8459
78.5686
78.3742
86.4297
77.3476
83.1452
93.7529
92.3664
89.3935
91.4596
96.2805
87.0607
98.1341
98.4127
87.5349
90.3419
103.874
99.1769
84.5751
90.4501
94.4833
100.143
106.943
109.714
111.33
107.249
109.433
107.158
108.267
105.683
101.999
104.918
108.894
111.383
113.225
107.606
106.856
104.184
100.476
107.952
106.997
110.093
107.362
108.898
111.309
108.879
107.471
101.92
99.5507
97.8733
94.5293
88.1058
81.1131
74.3699
75.5217
98.0637
102.835
102.786
87.476
90.633
101.127
99.8077
94.8183
94.3443
87.5708
80.733
86.7373
86.5692
88.2293
92.3822
80.7489
91.0172
82.4732
84.1043
83.6908
88.2153
96.9135
94.0731
93.1089
99.0882
98.96
108.126
105.934
111.856
113.944
108.325
103.833
108.585
106.939
106.408
103.449
109.445
107.249
108.964
105.499
115.204
115.502
112.086
108.361
109.813
106.899
107.386
104.346
110.525
112.928
107.931
110.741
104.633
114.757
116.717
119.759
111.508
112.139
113.372
119.053
113.091
111.149
117.219
109.858
107.468
109.684
111.697
110.326
107.679
98.6923
111.387
112.312
108.3
113.203
110.488
114.648
106.756
106.184
102.969
113.874
112.935
115.294
110.645
111.407
110.817
113.987
103.34
111.033
107.752
107.769
104.68
105.604
106.952
106.579
110.825
102.95
102.354
105.712
100.305
96.6804
100.392
98.8495
95.2104
91.1422
84.01
86.5433
93.8259
94.4735
95.4469
105.592
102.247
101.303
98.4915
97.1701
101.061
101.887
101.473
110.982
104.656
108.84
102.629
102.615
102.135
101.625
103.887
108.753
109.507
106.324
113.398
117.719
114.435
103.651
99.1729
114.325
105.367
96.4632
100.836
98.7106
91.2955
92.436
86.6258
75.9515
74.0545
80.1919
87.5881
86.0747
87.1163
84.5599
88.7078
82.3431
86.3431
81.8749
82.6495
86.5381
86.3323
84.9169
83.5722
86.5462
83.9225
80.9413
80.7906
81.1536
77.2054
83.2859
79.9885
80.4713
81.9241
83.5757
78.7858
84.3285
84.0362
76.7792
82.7586
86.8585
83.14
81.9257
89.5498
85.6067
89.5986
84.7632
82.1516
87.0857
85.0333
89.7728
91.2301
83.5626
92.0907
82.6001
78.5558
78.1085
74.6731
78.5947
79.362
74.4743
76.9365
82.4051
77.6093
77.3098
87.4497
87.8059
90.1334
96.7138
94.9084
95.2647
101.597
102.3
103.009
101.434
102.75
99.6784
93.6589
94.2323
84.3222
85.6163
78.5586
89.6206
95.0588
106.727
108.676
116.285
115.429
118.106
114.367
118.636
114.491
106.452
90.8253
88.8473
90.5314
98.8521
108.188
99.2246
96.244
93.4571
94.113
87.5793
90.8637
84.7594
91.8863
95.6136
95.1258
79.7619
75.9384
76.0343
75.5822
87.9128
101.177
99.209
103.208
98.7506
95.9826
98.565
105.018
107.431
105.27
101.384
109.576
108.606
99.444
101.44
95.1224
102.246
105.109
105.586
107.442
105.452
102.632
107.034
99.0353
95.4356
97.8835
104.87
99.4008
100.669
105.251
107.064
107.686
101.108
100.915
101.947
107.233
105.387
101.943
99.3954
90.462
101.719
100.518
99.9816
101.035
97.6827
98.1454
99.3645
91.3523
99.1006
87.2675
99.3927
104.695
104.287
99.3823
96.3325
98.8528
101.011
102.091
101.786
103.218
98.2297
95.9398
91.0505
94.0451
102.034
95.199
93.6169
94.6112
96.3164
101.196
95.7945
108.678
93.7741
86.7037
88.6912
98.9095
109.82
107.277
107.678
107.906
97.8555
93.8559
89.7103
93.793
95.3978
101.687
106.621
108.342
107.638
116.323
117.96
120.85
121.231
117.638
119.238
122.92
117.808
112.172
118.213
118.831
114.403
110.639
113.66
114.21
100.998
95.7632
104.546
87.2189
77.0442
83.7576
90.9064
92.2968
