-33.8317
-39.6565
-41.2666
-46.0191
-39.6975
-43.3399
-33.0532
-34.9285
-22.9783
-18.4259
-15.5609
-15.2511
-7.13742
-13.9397
-13.9238
-20.7745
-26.9319
-16.7291
-15.9171
-21.4231
-16.9788
-18.9596
-20.4953
-22.6888
-19.5438
-19.4537
-8.68329
-11.6283
-12.5897
-9.66345
-16.4425
-21.8838
-22.1847
-23.7438
-10.0876
-37.3921
-21.6681
-30.9286
-28.0945
-44.6036
-38.8001
-26.8233
-35.3736
-35.9825
-30.2105
-35.2616
-3.62468
3.02964
-3.61052
4.8973
-19.6372
-20.1539
-31.1776
-27.6254
-26.9816
-21.5562
-24.6623
-23.1382
-23.6922
-24.4952
-32.4854
-38.3952
-45.1785
-50.2999
-47.7084
-46.0026
-49.6169
-40.2785
-38.312
-36.2147
-36.9123
-29.2892
-23.0328
-25.1826
-20.1506
-18.3301
-19.5636
-19.9737
-18.1792
-17.0475
-17.4934
-11.2228
-18.8094
-11.8994
-17.2744
-17.4983
-19.5127
-9.98923
-29.1693
-40.1866
-31.0435
-9.8996
-17.6818
-19.8079
-16.0685
-18.5587
-15.0591
-13.7723
-7.82376
-10.6213
4.08002
-7.21851
-10.8348
-16.7705
-8.49626
-8.21359
-8.01011
-20.7417
-6.56036
-19.4012
-13.0504
-13.3206
-7.95814
-14.4433
-3.52108
-10.7944
-11.3897
-19.3073
-20.4519
-14.6753
-17.1595
-13.6372
-15.8412
-17.1469
-10.29
-8.72075
-9.93605
-14.1446
-3.49044
-4.96307
-13.9154
-10.7171
-12.1118
-13.9607
-6.91727
-10.6954
-4.93919
-8.88578
-8.05136
-13.0868
-14.5903
-13.3056
-16.2766
-5.08333
-11.5896
-11.5974
-16.3583
-10.9589
-11.0128
-17.674
-22.3209
-19.7874
-20.5029
-14.1395
-15.7661
-12.4872
-8.02603
-14.3219
-15.1821
-15.4043
-14.0539
-6.75632
-18.8708
-23.7361
-12.7762
-6.64569
-4.57198
-5.51754
-14.7709
-23.2043
-16.9621
-16.5173
-12.75
-20.7645
-14.7589
-15.3464
-19.2638
-16.6307
-17.5321
-18.6849
-7.07121
-14.7896
-12.2307
-11.2574
-8.13424
-8.35524
-13.3015
-10.1541
-13.8873
-20.4991
-10.9739
-2.70609
-1.10655
-9.77083
-9.86276
-15.1388
-19.6087
-16.9006
-15.2051
-15.5429
-18.6373
-21.679
-17.7734
-28.7848
-16.3845
-12.1265
-17.811
-14.5076
-17.4729
1.61701
-3.02065
-16.8386
-6.59289
-13.6984
-19.5305
-21.0435
-9.28159
-8.87777
-16.3589
-9.95755
-13.3632
-13.819
-7.52658
-5.52903
-7.69384
-3.74108
-4.60054
-10.1384
-1.46353
-3.48509
3.6254
-5.96238
-4.92905
8.28846
-6.67786
4.64319
-7.51432
-2.48695
0.301169
-3.7842
1.01555
-0.588552
1.72652
1.44133
0.649033
-0.483943
-4.88398
3.61545
-2.30299
-0.855684
-6.01397
-2.03813
0.0723146
-5.27452
5.58018
2.81184
5.69757
2.46658
6.28054
0.740823
0.150475
1.41353
3.44859
-3.77701
-2.20063
-9.60586
-23.7807
-32.9477
-13.9301
-10.1082
-12.9458
-26.1989
-19.2723
-15.8108
-24.0439
-18.5354
-8.02156
-7.46002
-4.80304
-0.892905
-2.6131
8.6329
5.56364
6.10239
5.37138
6.15165
-1.67995
-11.3206
-3.45029
-9.91523
-0.761439
-8.34376
-9.80954
-14.6184
-13.4466
-13.6467
-17.5201
-20.9961
-22.9765
-17.4105
-13.6331
-19.1958
-25.15
-29.6828
-27.3528
-21.745
-21.0717
-30.6629
-24.7547
-34.4973
-27.7427
-29.9323
-20.5343
-16.4081
-17.6798
-22.0197
-18.8905
-22.7797
-21.1015
-22.3233
-21.5287
-24.9245
-24.9858
-23.7386
-27.4332
-27.7697
-25.6734
-29.7083
-25.4023
-30.9944
-27.3368
-24.3929
-19.4234
-18.2854
-32.4219
-23.2831
-21.2805
-21.232
-18.0521
-18.8467
-22.8638
-18.3147
-25.1214
-29.9547
-23.9952
-18.6526
-24.7079
-28.5186
-17.0238
-20.6611
-14.4196
-23.3657
-26.2631
-20.1761
-21.2774
-15.529
-17.1634
-29.7572
-25.3764
-26.2403
-23.7979
-26.6115
-27.354
-25.4547
-27.4293
-32.3789
-26.1291
-24.534
-26.9811
-22.4256
-19.6962
-22.6875
-26.1672
-23.0845
-20.5419
-25.3058
-21.9398
-21.2529
-27.1897
-29.9367
-22.0282
-17.4288
-21.6361
-28.8936
-19.0314
-23.4825
-15.0089
-17.5667
-21.4908
-25.2885
-27.2847
-26.0498
-20.3585
-25.4753
-23.3838
