6.94599
2.83968
5.43374
-0.98802
-6.97677
-6.11313
-8.38616
-13.1867
-1.86229
-8.87979
-15.9415
-18.4575
-16.1639
-20.1412
-13.8814
-15.9143
-13.3018
-18.7404
-19.9921
-22.3896
-15.7433
-12.5422
-22.484
-21.1826
-19.27
-17.9527
-18.5838
-16.485
-11.9017
-4.51674
1.29673
-2.02399
-5.22216
-2.1451
-13.6475
-4.74171
-5.77801
-8.6674
-7.38865
-10.7685
-1.5697
-1.30956
-6.84378
-14.3931
-11.584
-21.334
-16.3411
-7.44889
-0.928213
-11.4582
-2.48427
-2.60786
-5.49304
-4.91578
-3.45701
-3.88982
-1.80149
4.90708
2.84516
4.44249
3.35396
6.03839
0.80267
0.893716
0.615123
4.06033
9.19978
17.2058
19.4726
19.6076
20.1918
10.469
7.23074
6.98805
7.14073
-1.53038
-1.26742
-14.2178
-7.74218
-7.50019
-1.05655
-6.72275
-3.26246
-0.879965
0.983977
3.08423
-3.65206
0.5768
2.23361
3.64133
4.08808
14.2075
-4.06831
-7.91651
-8.96087
-11.4196
-13.3377
1.62742
3.27801
6.95946
4.15629
7.17099
-4.56419
-3.37688
37.8866
41.8274
37.1742
55.9785
41.0035
44.198
35.8835
42.9746
44.6518
52.2193
51.4886
47.7231
55.1937
48.1691
56.6239
50.1498
50.409
47.2186
48.4394
46.7652
41.3483
45.6787
44.2313
39.0781
40.5538
40.3243
40.9107
45.8489
43.766
45.7336
43.1361
39.7417
38.9407
39.5669
42.7537
42.2867
43.2395
39.607
43.7319
48.4055
39.0228
40.5932
32.76
35.2866
36.0585
40.3067
41.5937
49.0755
47.7551
44.9791
42.2343
36.7463
40.4413
41.9792
47.7087
41.445
42.4736
42.4787
32.2025
32.823
43.0678
37.1475
36.719
38.7511
43.2638
40.5819
43.0994
39.1855
38.1431
45.2899
35.2314
35.8807
40.4005
35.309
33.9477
32.4656
31.099
28.4113
33.8197
33.0027
33.0635
21.2555
23.3202
27.375
25.4991
17.6385
23.3702
14.2686
17.6605
14.0971
8.13208
9.57659
9.6348
21.8427
18.4873
9.34577
17.3154
14.3224
7.73196
21.9177
12.6038
17.4516
12.4045
18.4627
22.3763
37.1879
25.9713
29.4509
20.5627
22.6181
20.7745
15.5179
19.8895
23.8183
27.2312
17.5495
20.2898
29.0263
27.1209
21.4926
27.9974
20.6878
23.2049
28.9158
31.0936
28.1167
24.3908
24.9579
26.0067
28.3771
25.8515
22.566
27.7215
28.5176
32.6661
34.1873
37.7956
34.5348
32.4427
34.7785
40.7484
28.2628
29.2922
32.4216
27.0444
27.9715
25.1172
29.6762
27.125
23.1785
30.802
28.3293
30.1696
31.4885
28.709
25.2709
26.482
25.2567
17.9095
9.94032
12.1592
14.9642
9.64404
12.172
9.64443
25.0263
20.9273
27.9429
36.5536
31.8648
27.2626
28.5906
43.7777
43.5345
36.2242
41.3063
45.0562
46.9238
45.0861
31.2954
33.678
35.6856
32.6561
42.5112
44.0482
33.486
30.1593
34.5229
35.638
26.4068
23.717
13.1277
5.90746
21.8159
18.1141
22.3445
19.3629
20.0618
23.9943
30.0012
30.1948
20.6463
14.42
13.4435
16.299
18.5941
16.8923
15.556
18.6214
20.571
18.1706
23.5834
33.6677
28.3617
23.68
22.7957
30.4717
29.1384
22.1108
7.70627
18.5151
17.1782
14.0434
14.0362
9.9116
21.9685
19.7965
16.5977
19.8609
15.9621
11.9778
12.5249
9.02371
14.0034
22.347
20.1353
18.7793
9.03963
14.5927
18.4972
16.2582
16.1262
17.0047
20.5199
16.4339
12.1186
8.72626
13.5738
8.45839
18.3347
12.8486
3.46318
-4.83957
6.75212
-3.05082
1.85423
0.927911
16.0544
10.4713
7.78629
12.8312
21.2976
6.81332
9.9112
11.4993
14.266
7.89051
-2.43555
8.92713
-1.85588
-0.357548
6.77939
9.86482
5.13389
4.62435
8.57376
5.75713
3.43194
7.24103
0.256643
7.09147
10.4342
9.80639
-0.992959
4.64477
8.37523
10.0228
6.19144
10.7403
13.381
-2.62684
