-45.4262
-27.2675
-41.476
-44.3869
-36.5203
-44.0407
-43.3648
-40.0206
-28.3306
-29.6207
-33.0507
-23.3265
-15.1647
-19.0935
-18.9353
-23.2598
-29.301
-37.5857
-36.8198
-46.5142
-39.9731
-57.5829
-37.9197
-42.4689
-46.1801
-17.7301
-22.1905
-18.3202
-19.0538
-18.7713
-6.43789
-9.50029
-16.8595
-8.98765
-12.2577
-17.9776
-17.0795
-22.4168
-17.4509
-21.496
-12.9215
-16.7747
-25.4689
-29.6998
-24.7373
-24.7076
-18.1319
-21.1533
-33.2496
-27.726
-22.7841
-28.9215
-21.3336
-24.4492
-22.2544
-29.9833
-20.6661
-25.3286
-31.959
-22.7632
-22.2209
-23.289
-23.739
-25.7905
-24.783
-16.9461
-15.6416
-20.6578
-23.9747
-25.9257
-40.8457
-30.0507
-32.7978
-18.6157
-23.8767
-30.053
-24.1244
-31.8485
-21.3205
-32.7948
-30.8762
-29.8567
-30.6056
-30.3203
-29.2084
-31.4938
-22.0021
-29.5796
-22.471
-32.9721
-33.0362
-34.1379
-32.8724
-29.6322
-26.3546
-18.8853
-33.4554
-30.0422
-24.8018
-14.5315
-31.8676
-29.922
-25.2065
-15.1178
-33.1061
-35.8923
-27.278
-41.1892
-30.0887
-28.022
-29.6682
-33.0942
-32.9948
-22.241
-25.7427
-36.1471
-45.7238
-35.365
-34.3642
-37.5147
-29.6553
-29.3012
-15.0979
-22.9527
-19.279
-26.2592
-29.7478
-29.927
-22.7717
-26.4492
-14.8785
-13.1003
-30.3735
-36.785
-23.2624
-25.7345
-24.9765
-41.6871
-35.4047
-44.4703
-43.621
-40.7678
-37.8289
-38.1637
-38.1133
-17.8007
-31.5823
-30.8515
-21.5977
-18.1836
-18.1124
-25.0457
-23.877
-23.2762
-43.2312
-27.8795
-39.7976
-45.8588
-55.9054
-40.3376
-43.2881
-38.1945
-13.3475
-22.5611
-9.56879
-16.1046
-16.1953
0.840918
-11.3034
-16.1305
-12.5933
-6.18782
-15.82
-20.0543
-22.8517
-18.9223
-12.069
-22.2177
-18.4978
-29.2641
-25.3578
-24.1061
-23.1487
-22.7148
-19.7749
-25.4873
-21.2755
-26.8276
-30.1998
-24.4802
-27.5925
-27.865
-30.7277
-20.8829
-26.7871
-28.1536
-23.2938
-24.1275
-27.0234
-20.2492
-21.6129
-32.3748
-16.0463
-16.2763
-20.884
-20.894
-26.7261
-42.7393
-31.9027
-28.012
-23.0103
-28.9999
-23.4196
-29.3061
-26.3246
-22.777
-28.1103
-25.078
-28.775
-23.6092
-31.4528
-27.1394
-27.3216
-27.7249
-25.5945
-27.1193
-25.4825
-39.2069
-27.9471
-29.7087
-28.6902
-21.8506
-22.0711
-29.1845
-31.745
-25.5217
-21.6801
-31.8639
-21.29
-29.0233
-13.9105
-40.0483
-34.8531
-27.2367
-30.3428
-27.1442
-27.8999
-34.195
-41.4378
-28.2152
-25.2407
-19.0526
-29.425
-39.1159
-30.8442
-34.9428
-35.1112
-30.751
-25.3762
-12.649
-30.5294
-17.5394
-28.4832
-35.0435
-27.4392
-24.9278
-19.7393
-21.2728
-15.7258
-33.0843
-37.7622
-23.0132
-24.1354
-37.5489
-30.902
-39.6778
-40.3616
-41.5384
-45.9466
-41.6564
-36.7614
-35.3217
-26.4339
-30.9823
-28.1886
-12.0058
-17.6564
-19.7782
-21.3949
-25.5927
-23.4977
-37.2262
-30.2154
-35.5558
-42.2212
-53.0732
-36.7791
-49.3906
-29.6009
-16.2132
-30.5045
-15.0146
-12.6241
-11.0408
0.297528
-20.2888
-11.3794
-13.4764
-12.6145
-16.5347
-18.519
-16.481
-21.5612
-15.2928
-27.1403
-20.9095
-27.0573
-26.2246
-30.3344
-18.1704
-25.5776
-25.0154
-23.5245
-25.5479
-28.4487
-29.5167
-26.0523
-21.8107
-23.0426
-27.3693
-21.6596
-35.3382
-22.0758
-23.0977
-26.0263
-25.6294
-24.6282
-21.295
-31.5468
-16.7567
-23.4586
-21.4259
-23.0801
-35.731
-36.3234
-29.0885
-20.1481
-25.7821
-29.651
-24.1186
-30.8295
-30.0882
-28.7911
-35.0431
-20.6391
-38.096
-25.3335
-30.5908
-30.4425
-17.0037
-31.0008
-20.6642
-30.7488
-24.8038
-37.5441
-25.2074
-25.8298
-29.2562
-16.9782
-23.2605
-26.145
-31.1401
-22.0959
-27.9532
-29.8525
-18.4714
-25.5392
-12.9845
-38.7044
-37.7148
-33.1228
-22.7994
-27.3283
-27.5942
-35.4872
-43.0656
-30.6227
-32.9145
-20.2725
-28.1136
-36.4404
-29.0038
-37.2458
-29.3558
-31.5373
-24.5964
-15.5763
-29.5669
-20.1216
-25.8112
-36.2206
-18.6225
-26.5477
-10.4622
-15.9795
-24.9867
-37.4987
-29.263
-24.709
-24.6178
-47.6876
-22.773
-41.5032
-43.2953
-36.01
-49.6137
-47.4613
-42.7015
-27.5637
-28.3708
-36.4058
-24.3133
-10.9238
-13.6473
-16.8242
-25.9046
-29.0625
-25.8519
-43.9354
-33.4685
-37.822
-48.6372
-47.1729
-39.6183
-53.7891
-21.8772
-18.9786
-22.724
-17.2443
-16.3394
-10.8953
-0.717671
-17.764
-10.7232
-11.7035
-17.5687
-18.2139
-19.1917
-14.4305
-24.9637
-12.061
-21.3202
-21.9213
-28.8351
-23.2991
-29.1915
-18.6073
-26.2465
-31.6362
-26.2648
-25.0936
-23.5494
-25.4641
-25.8958
-17.1699
-23.6155
-24.2634
-25.3219
-34.5104
-19.0534
-23.233
-27.1769
-28.6325
-30.1489
-19.8623
-26.8258
-15.8264
-25.4106
-24.5592
-23.9875
-38.9318
-33.1172
-32.5969
-13.7863
-27.3276
-31.9632
-22.9072
-28.5402
