0.505732
-9.52218
-9.59695
-14.2145
-0.816308
2.82383
7.01581
-7.00504
-17.8014
-19.1311
-9.80944
-6.11019
-2.36418
-16.4376
-17.3216
-15.212
-15.9315
-15.0213
-22.697
-18.5143
-30.5865
-22.6965
-33.9131
-31.3279
-27.0233
-31.8907
-24.4812
-32.9432
-38.2641
-34.0681
-36.9748
-32.476
-19.2282
-15.5122
5.44906
0.247365
-12.1752
-20.7181
-17.0344
-16.1849
-7.32494
-8.12438
-0.103657
7.78041
11.6441
19.9484
15.3712
14.949
8.92852
8.94063
11.588
13.3011
17.9468
7.32086
23.7384
18.7702
26.0694
30.9493
24.6711
19.8738
12.0439
11.9194
16.5872
11.0515
13.9657
4.98148
4.98269
10.2002
13.3162
16.7282
7.33103
16.7917
15.9962
21.21
15.1221
14.2283
4.98684
9.24512
11.3742
13.0224
15.5661
18.2379
18.5533
15.1732
16.6875
19.9138
9.72419
3.20028
17.0662
6.29265
12.0258
11.328
15.1535
21.708
14.8728
19.0997
19.6395
16.1328
15.0476
13.4526
16.9959
14.9006
4.20486
9.8278
16.9487
21.9074
20.3978
18.4133
17.2563
14.9613
18.0476
12.1994
13.7629
11.5288
14.5597
22.9729
10.3558
17.4918
18.3128
18.5876
10.7878
15.919
11.3752
9.96547
10.7619
10.1974
7.03782
10.6159
16.1698
13.4587
14.1191
17.7296
17.2034
9.29201
12.6539
2.2862
5.27653
1.64865
1.47897
2.06809
8.67796
4.78357
3.02605
4.57147
6.75488
-0.213882
-6.94928
2.43794
8.64841
9.42749
6.53982
3.62446
1.47426
-6.46305
-7.35856
-5.57905
3.13658
-3.01309
-2.06745
2.76145
3.3828
2.85486
5.49424
6.45845
1.23576
1.06864
-1.57401
-2.31574
-1.92163
1.81619
7.64599
13.7039
9.76607
2.61631
7.35209
4.55154
2.08029
0.385515
-5.23415
5.38114
6.19293
10.5084
5.73046
3.19183
2.90038
10.2186
9.53259
8.12129
2.3158
0.124579
-1.70665
2.2263
2.13703
3.40453
-3.03685
1.90451
7.75821
6.42262
-13.4439
-0.754913
3.42836
-3.3031
-4.4847
-6.99402
-7.47809
-10.3156
-13.7257
-16.4746
-12.5569
-8.5619
-9.40573
-18.3201
-23.1177
-19.537
-16.567
-12.9605
-16.0812
-11.6144
-4.93474
-0.982862
-1.56442
-1.21607
-0.480133
-3.19864
-3.07299
-7.61708
-5.34378
-2.42812
-8.21213
-7.28868
-3.76483
-2.9309
-6.60942
-9.96007
-15.0114
7.25785
0.532831
4.41502
4.07478
-0.866813
1.43953
3.44601
11.6536
14.0078
10.7527
11.4025
9.37608
5.32596
7.30461
8.95071
10.1137
4.7375
6.18009
8.8176
5.41754
10.0935
9.50109
9.59573
5.47078
3.60233
6.73131
0.194793
5.5654
6.60377
3.05025
1.1791
2.05744
7.32913
7.67153
7.78421
8.64406
5.71233
6.69732
2.37035
7.34538
4.76944
9.26338
3.96125
2.51566
3.7963
1.19716
5.03363
7.05078
4.73157
1.00001
-1.73175
-15.7759
-13.7723
-8.89776
-14.8386
-9.35936
2.21337
-5.64809
-4.58757
-9.92026
-7.082
-5.20412
-11.3902
-11.4688
-6.34864
-15.6043
-11.5241
-7.23583
-8.31202
-7.48828
-2.7498
-8.21932
-15.04
-9.93581
-9.39234
-8.26114
-7.38831
-4.31568
-9.10501
-0.891514
-3.77439
-12.3765
-7.78767
-14.6683
-13.1119
-11.1007
-11.42
-12.7417
-7.86082
-7.92999
-15.1839
-13.1869
-17.4033
-12.3818
-11.7656
-14.9813
-6.26663
-10.7491
-8.91131
-10.5444
-10.8863
-18.3908
-10.9525
-11.8521
-6.80316
-17.7994
-15.9465
-14.3135
-12.3122
-15.6991
-7.76392
-5.19719
-7.54026
-20.3248
-11.3819
-21.7525
-12.9445
-5.54354
-15.4846
0.310286
-8.17013
-6.39288
-14.8588
-5.31354
-12.6988
-7.77673
-13.4008
-12.6015
-10.0749
-7.90406
-5.63703
-6.35076
4.79996
1.15851
-6.45567
-14.498
-16.641
-19.0032
-16.357
-17.2747
-21.5826
-17.3381
-21.0184
-19.5183
-1.63569
-9.51104
0.883767
-19.6352
-12.1693
-13.2318
-26.0394
-12.5238
-17.2926
-21.2298
-18.0155
-18.4148
-13.5117
-12.1034
-18.1208
-18.7093
-12.3867
-13.5615
-13.2833
-17.041
-18.9248
-18.3984
-13.3198
-7.53017
-6.94874
-12.5604
-6.14714
-11.6771
3.25126
10.8236
11.3603
7.38607
9.61121
6.99971
12.6307
13.4018
12.6569
11.9041
6.6912
12.7835
7.37065
8.75178
2.70893
-4.81875
-13.0866
-13.907
-8.89385
-0.967074
-1.81574
2.39606
1.05865
0.503211
4.39499
4.44745
1.53189
6.26097
3.15193
0.763635
7.20804
8.89383
11.9189
18.0978
17.9913
14.6012
14.5003
9.32
13.0894
9.29312
5.23202
0.736197
-4.14809
-3.16249
-3.31138
-4.95335
-0.709625
-1.60171
-1.49976
-3.2005
0.862504
8.62167
15.197
8.99526
9.45786
3.83043
-1.11178
4.22207
0.5392
2.02834
0.106497
4.73346
-0.278604
1.48455
1.37633
-2.93817
-4.64758
-7.74401
-12.811
-3.115
-5.07577
7.32221
9.74737
6.38844
12.5377
10.6958
6.28748
11.9626
13.8764
9.82259
-6.63111
-15.1759
-11.2178
-12.3797
-12.0254
-23.909
-15.1676
-2.08714
-10.6962
-14.5382
-19.0542
-25.0367
-25.7323
-24.6094
-18.0792
-11.5598
-7.61188
-18.5242
-16.3618
-18.3834
-20.0896
-27.528
-19.8582
-23.2163
-21.51
-20.3866
-18.3703
-24.5558
-20.3312
-21.0427
-27.959
-20.1051
-20.1485
-25.81
-17.7345
-23.3051
-22.9922
-20.2071
-22.7513
-19.9779
-17.746
-22.0014
-17.6505
-21.4743
-23.5998
-19.878
-25.3028
-20.1092
-21.9664
-27.5852
-21.9133
