-11.2322
-3.66519
4.10073
-2.50005
-0.887529
2.348
5.76447
3.3061
4.38414
9.887
15.0791
9.63484
17.1116
4.03075
9.38827
-2.56879
0.193756
-7.05413
-11.1468
-12.8387
-14.7357
-12.4148
-15.5068
1.52599
6.9079
2.21528
-7.70291
-22.7866
-12.3966
-17.1757
-6.22035
-12.7659
-15.5471
-16.5354
-16.7809
-23.6397
-16.6625
-16.6083
-10.0953
-21.9646
-30.1312
-34.74
-30.7326
-34.8334
-26.3336
-32.2182
-22.069
-42.6774
-26.8233
-31.8952
-26.9714
-30.332
-32.9681
-37.7265
-33.9462
-23.6113
-16.8138
-8.63676
-12.6147
-17.2384
-14.2404
-18.7215
-15.2369
-26.0656
-15.4397
-22.9244
-22.6611
-20.3266
-14.5222
-18.2491
-12.3863
-13.5038
-16.5934
-21.6814
-18.617
-22.2934
-15.8756
-29.1758
-21.887
-21.174
-26.0344
-29.094
-22.7988
-28.4767
-25.6818
-27.9312
-27.3604
-27.5703
-30.3628
-39.4038
-33.2014
-29.7673
-30.6541
-36.8381
-31.8141
-27.4765
-25.5094
-35.3293
-30.6376
-32.9283
-35.2864
-33.6763
-32.4143
-32.5714
-27.5106
-33.0266
-28.5267
-26.574
-26.7693
-37.5398
-34.2939
-35.2326
-50.7922
-44.5385
-39.9777
-48.9018
-41.8618
-36.3015
-38.0391
-38.9446
-36.3739
-30.2281
-26.423
-30.5712
-36.2195
-33.2917
-37.173
-35.1781
-29.2837
-36.1154
-38.0069
-35.1539
-28.2275
-27.0555
-14.0425
-19.3469
-20.0997
-23.0952
-22.6821
-11.4859
-7.29935
-13.1995
-18.2694
-23.3059
-17.3653
-1.08009
-9.22171
-10.5066
9.88697
0.317712
-0.0880724
-12.1807
-16.5573
-11.1287
-6.52418
-2.40726
-4.82914
-1.21986
-3.20697
-19.4088
-5.07633
-21.719
-16.2061
-9.93226
3.74283
-21.5821
-8.80703
-9.43052
-18.8307
-24.2166
-18.8458
-15.2915
-17.175
-24.3808
-22.9603
-14.1912
-23.2393
-16.1655
-17.6121
-18.1275
-5.41759
2.95382
-17.3221
-10.1653
-15.8415
-11.123
-13.967
-14.8245
-9.67009
-8.00326
-13.9447
-11.8094
-21.8257
-22.9198
-8.07654
-8.40581
-1.03644
-3.99308
-12.6898
-24.4205
-15.4888
-1.69863
0.194265
-14.5442
-6.90606
-12.7805
4.25394
0.61596
2.75784
-2.57586
-8.70847
-21.3526
-11.3944
-8.5354
-1.60374
-14.9096
-15.7714
-15.0494
-8.79957
-23.5132
-12.7866
-7.27834
-14.4739
-20.5425
-6.0363
-15.1713
-11.5726
-19.8587
-19.1514
-15.8379
-17.1615
-17.9836
-15.0143
-10.7807
-1.81408
-5.82756
-3.12557
-6.13908
-8.26057
-9.46015
-9.61585
-1.52941
-0.886803
-0.805468
2.18729
2.54268
5.51801
1.75622
5.45526
8.60685
7.68069
15.0052
12.8579
5.33233
8.10914
-0.771734
-5.00308
-11.0806
-10.2085
-11.5522
-19.7014
-12.9357
-13.4733
6.35643
4.98806
3.46469
-9.5973
-17.5748
-21.1837
-17.9586
-7.82581
-8.50612
-15.223
-17.4678
-21.9111
-22.5185
-16.621
-13.7774
-23.4753
-21.8979
-33.5952
-28.8879
-35.5034
-35.0677
-30.5808
-28.407
-24.5539
-41.6672
-31.9633
-30.5569
-29.1984
-31.327
-28.6861
-30.9671
-44.5513
-22.9075
-10.6507
-15.0856
-17.3669
-11.1825
-15.288
-13.3412
-11.9843
-19.2449
-18.1572
-20.1234
-25.306
-15.8857
-15.4102
-27.458
-14.3572
-11.1936
-17.9922
-17.0876
-15.7199
-20.8726
-16.1964
-30.0604
-19.3696
-19.3228
-26.9564
-30.0051
-24.7042
-32.7001
-26.2489
-31.1347
-23.0964
-32.4245
-29.8516
-41.5797
-30.3614
-29.746
-32.0719
-39.0975
-31.8534
-27.731
-28.5576
-31.8588
-30.3051
-27.2292
-36.3508
-30.2462
-30.9415
-28.7403
-25.106
-29.6831
-26.7775
-23.1524
-27.5687
-36.6696
-35.6304
-35.2352
-49.136
-41.289
-44.0922
-45.7024
-42.5457
-27.3158
-32.8672
-33.2377
-29.5553
-30.0748
-20.1907
-32.3416
-29.9904
-37.2211
-48.7565
-33.7064
-27.3978
-32.3304
-33.7573
-23.0293
-28.829
-24.0086
-16.8824
-22.4877
-20.1673
-23.609
-20.9441
-10.1486
-13.7832
-13.8054
-19.2748
-18.9078
-11.5664
-11.1032
-9.0809
-2.57766
7.40303
-7.95028
-2.44589
-13.7404
-16.4516
-1.31359
-7.11249
-4.55764
-4.39963
-6.05647
-6.49907
-16.9275
-11.4629
-21.8715
-12.3438
-10.3619
-3.17517
-12.7136
-13.0589
-7.08656
-23.8739
-26.2082
-21.8536
-20.7738
-20.8479
-23.8701
-12.0111
-22.2552
-19.3437
-11.3687
-24.641
-20.516
-9.40799
3.87603
-13.8774
-19.4815
-17.3386
-16.8793
-18.0876
-10.3254
-6.48178
-5.51593
-18.361
-14.3221
-14.1571
-25.3561
-8.26767
-6.90005
-5.06525
-4.42493
-5.68173
-24.8606
-8.06607
-13.6812
-7.08816
-21.0394
-4.34303
-5.49749
14.0667
-4.05431
-1.99606
-5.02486
-3.52215
-19.7485
-4.1943
-9.19848
-0.263088
-19.7423
-8.02459
-14.3914
-13.8491
-27.2584
-13.3321
-8.63848
-14.8822
-11.7157
-8.18899
-16.2792
-6.97118
-23.0243
-13.1801
-16.1626
-10.2133
-21.876
-12.8354
-14.0841
-8.27721
-9.55325
-8.46867
1.14352
-12.9992
-10.5632
-6.22543
1.0768
-7.61074
-7.4967
3.80002
1.05094
0.367194
-1.01973
5.59118
2.00751
3.40168
18.6925
5.5297
9.42568
5.21925
-0.168521
-1.11016
-15.0958
-7.58971
-0.452191
-21.7289
-19.7574
-14.2176
4.54498
-3.22784
-1.99084
-12.6408
-12.8683
-26.357
-16.3546
-8.28921
-6.39225
-14.0469
-13.6616
-19.2415
-23.3144
-16.1076
-10.3577
-26.4064
-23.3173
-31.5924
-26.3801
-38.3477
-32.3717
-36.3192
-24.7611
-23.8802
-37.2598
-30.9381
-29.7718
-31.4565
-33.5905
-34.1355
-26.4696
-34.7011
-19.2882
-15.6769
-16.3464
-20.2758
-10.419
-16.3376
-14.5617
-12.7723
-14.4066
-19.1918
-15.4074
-22.1647
-13.1698
-15.1469
-18.4643
-15.0583
-9.8576
-20.7184
-18.4397
-14.7603
-17.0921
-17.431
-25.4954
-20.0703
-21.2199
-25.6236
-23.9739
-21.7063
-32.2838
-21.3512
-28.8228
-20.7744
-32.7031
-29.8568
-40.0153
-29.6992
-27.1678
-29.312
-35.9156
-30.7586
-24.3973
-32.6099
-29.1992
-30.0596
-23.6215
-32.4353
-27.6162
-29.662
-29.0313
-24.4447
-26.5069
-28.6314
-24.152
-31.1109
-39.1031
-36.7912
-39.7368
-46.4012
-37.6455
-45.3734
-43.7637
-44.5083
-29.1258
-35.3971
-34.969
-28.596
-30.4476
-23.2483
-33.4737
-27.178
-38.0424
-37.6298
-31.2675
-29.323
-32.8001
-34.6486
-19.2958
-27.8693
-19.5954
-18.8424
-23.3084
-19.3869
-23.7622
-18.2689
-10.6811
-9.15045
-16.104
-21.3344
-15.3531
-9.96921
-14.8796
-14.1242
-2.38915
4.61035
-11.0919
-2.85694
-16.1764
-12.6628
2.88525
0.447115
-2.90027
-4.0634
-8.81203
-8.42427
-9.11529
-17.1385
-15.8356
-12.1084
-3.75101
-18.0454
-4.16771
-13.5576
-10.1917
-28.631
-19.8898
-20.7702
-23.4698
-27.6664
-23.608
-3.4445
-24.8747
-17.1834
-13.6064
-21.1928
-15.2737
-3.84153
-2.33374
-10.6021
-20.7832
-17.3722
-17.4712
-23.6837
-4.59481
-4.58824
-10.0056
-18.4465
-14.0822
-10.99
-19.8743
-5.72838
-6.14172
-7.53879
-10.2622
-12.1207
-22.3839
4.53586
-13.8648
-8.23017
-17.1797
-11.6173
-0.232206
26.2108
-2.92885
-10.5259
-9.30923
-2.20647
-12.8817
-3.81546
-5.16614
-5.29123
-24.083
-3.41263
-14.935
-7.26202
-21.1664
-14.1017
-11.358
-19.4286
-6.26611
-14.8092
-18.7465
-10.0556
-23.6622
-12.2041
-10.2453
-1.30417
-21.8557
-7.48062
-15.7061
-1.30735
-13.2798
-13.6494
2.22096
-13.986
-13.1313
-0.836162
0.247347
-7.52989
-9.22775
-0.0415751
2.04158
0.294829
1.65046
9.67944
9.96341
4.13008
17.0293
4.50402
12.061
0.0703963
-2.61478
-3.78722
-15.8781
-12.4521
-11.4662
-18.1873
-18.7175
-11.1107
1.15924
-2.41514
-6.36629
-20.9346
-9.80271
-21.6685
-10.5298
-11.0618
-12.8837
-11.4479
-15.6595
-20.6899
-18.7579
-12.5676
-8.10674
-24.8492
-24.3909
-27.9446
-27.6594
-33.3161
-31.5474
-36.4246
-22.2163
-30.9308
-27.7331
-34.8537
-24.9008
-31.143
-26.42
-40.2841
-27.4779
-24.2889
-16.7778
-5.99353
-13.1257
-17.1264
-12.3058
-19.0362
-18.9996
-20.5402
-11.1848
-17.9196
-18.6834
-18.1838
-13.7381
-13.7368
-11.9767
-16.4185
-15.4766
-21.5629
-17.2856
-15.0731
-15.366
-20.882
-23.364
-20.9339
-23.7967
-26.7821
-20.4289
-22.5441
-27.3502
-21.5965
-26.6654
-22.1387
-33.0249
-33.776
-36.9358
-29.2783
-26.8277
-30.4031
-31.9677
-30.9067
-21.997
-37.2646
-31.581
-34.5046
-28.1092
-34.6803
-31.3183
-30.4704
-28.0104
-28.3695
-26.1481
-27.8782
-25.3855
-30.8244
-43.9838
-38.2954
-49.1394
-50.631
-36.5261
-42
-40.3558
-44.72
-33.2606
-36.443
-36.802
-28.9484
-27.828
-26.6793
-35.9921
-28.5328
-37.2506
-37.1504
-28.051
-32.2702
-34.5796
-36.0323
-19.2439
-28.0781
-14.9196
-17.4667
-17.7687
-15.9277
-22.9565
-13.0956
-12.6369
-9.65561
-18.0601
-19.2321
-20.8364
-9.89528
-11.9444
-13.0879
4.21097
4.33731
-10.6301
-12.3025
-17.1406
-11.2602
4.14618
-2.09097
-2.97838
-2.40941
-7.93663
-7.4202
-3.87718
-15.6494
-16.5568
-12.2999
5.27042
-23.1064
-8.68646
-13.1157
-18.2382
-25.3608
-17.0459
-21.1236
-24.9616
-25.7975
-23.2448
-6.31858
-22.3986
-17.0722
-20.5265
-17.5801
-14.2626
3.18451
-13.9574
-6.4884
-18.4097
-15.0078
-15.5122
-19.5839
-7.49662
-2.93105
-14.9581
-13.172
-14.5328
-15.1016
-14.2828
-8.26367
-6.40626
-8.44222
-17.5553
-18.553
-20.1083
0.279805
-3.55783
-12.6361
-9.86386
-13.186
-0.18353
8.66557
-2.36707
-4.11744
-11.887
-9.83661
-10.9798
-4.61904
2.4971
-8.88992
-24.3625
-2.0503
-11.334
-16.8698
-14.1898
-10.4381
-10.6912
-22.8
-6.63928
-18.1318
-18.4021
-11.4984
-24.6804
-16.8491
-15.9142
-5.99258
-17.915
-10.3441
-8.50827
-3.57531
-5.97209
-10.5144
-1.55962
-17.4849
-12.5752
-3.66519
4.10073
-2.50005
-0.887529
2.348
5.76447
3.3061
4.38414
9.887
15.0791
9.63484
17.1116
3.04839
