-13.3547
-0.829333
1.8356
-12.1106
-9.05267
-20.448
-28.2617
-18.6059
-21.0324
-26.4819
-14.9269
-22.0057
-20.4703
-15.665
-24.8238
-34.8586
-32.4521
-38.025
-46.0167
-33.9003
-33.6622
-38.6918
-31.9216
-19.2301
-16.941
-9.53102
-3.36274
4.63533
5.69311
-4.91759
-3.47602
-1.04078
-2.87767
-2.08677
-1.32105
-3.87763
-3.88817
-2.56433
1.77124
-5.99454
-1.63516
-8.25859
-7.17905
-4.88182
7.01942
-13.8508
-2.25993
-3.51143
-23.598
-16.3819
-13.3591
-13.6775
-12.1376
-9.15673
5.32541
-6.96515
1.00066
-8.19952
-4.76842
-7.8537
-5.83413
2.43335
5.18677
-6.08883
0.471075
1.23295
1.13809
-7.67968
-6.71739
-9.207
-16.4744
-6.51474
-4.43831
3.23437
1.82819
-2.99012
-8.41389
-15.436
-0.860562
-12.6728
-10.8983
-7.79757
-10.2987
-6.36148
1.76994
-10.508
-0.825182
-8.91465
-18.5653
-13.581
7.29229
-10.9321
-9.31019
-7.43307
-3.78259
-3.15561
-16.0488
-10.5787
-11.7795
-4.04849
-2.12896
-8.323
-9.49178
-11.0764
-13.4567
-12.722
-2.54292
-11.9851
-5.16153
-2.23751
-14.4292
-12.176
-8.27016
4.62387
-6.00226
-11.8924
-15.329
-9.87339
-11.5517
-4.95383
-16.1796
-6.17847
-6.47747
2.85167
-3.9327
-9.55444
-3.66519
-19.8321
0.0559612
-2.10989
-12.5426
-10.7275
-7.74405
-6.90365
-2.45645
-5.56649
-3.65847
-3.30323
-2.61853
-10.1226
-8.22622
-2.97621
-19.6588
-34.5781
-19.5925
-11.6297
-27.3721
-22.1067
-19.4114
-20.8061
-15.5344
-29.6631
-37.9262
-28.3419
-43.4027
-41.5126
-29.6986
-41.5248
-35.645
-27.0362
-16.6769
-20.6309
-3.92193
-1.77617
3.43181
7.23411
-7.40909
-0.529255
2.09772
-0.94547
-1.57513
-5.23223
1.94866
-1.61488
3.80488
-2.90098
4.25953
-5.02258
-11.1961
-10.3737
-6.34952
2.65997
-14.3901
-5.67538
-4.17167
-11.506
-13.9014
-19.1101
-13.9783
-12.47
-15.4152
-3.98998
-1.46432
-3.61057
-11.8608
-2.30185
-13.9253
-3.74011
2.12972
1.57309
-6.85615
-3.0522
-4.67855
3.956
-6.93218
-8.26417
-8.05997
-19.834
-5.39933
-1.46717
6.43944
-1.40766
-0.0639596
-8.66546
-2.57648
-4.96413
-6.34407
-14.0998
-6.25578
-7.09525
-13.9669
-4.37697
-3.96343
-5.06075
-7.10545
-20.2916
-5.54578
-2.53926
-6.99871
-14.583
-7.66709
-0.520095
-1.37178
-11.9667
-8.16519
-13.65
-2.39169
-9.40384
-4.66799
-7.00265
-13.2474
-17.4986
-14.8101
0.0864575
-9.77955
-7.16909
-0.379281
-14.9418
-14.0624
-13.0669
5.10638
-5.30068
-10.6378
-10.4165
-13.7374
-11.6269
-3.24397
-18.4354
-2.009
-2.15947
-0.331848
1.37398
-11.8808
-3.30018
-11.5098
-3.56249
-10.0431
-13.2827
-10.6236
-8.01883
-12.6285
-0.0922405
-8.87758
-7.25757
0.830879
0.0499077
-14.4259
-8.28086
-1.99239
-19.7113
-31.2908
-19.6679
-19.7303
-22.2027
-22.6396
-13.3912
-19.5784
-19.3464
-30.5611
-42.8258
-30.087
-42.3868
-36.0823
-24.2792
-36.9567
-36.0986
-16.5513
-17.1494
-15.3682
2.08108
-1.95807
-0.893008
0.577517
-4.13785
-3.63027
-8.03361
0.731584
-1.69298
-8.82643
-0.82623
-3.09882
7.72782
-7.54038
-1.24857
-5.17897
-8.62259
-7.02089
-4.15581
-10.0293
-9.69646
-5.833
-10.4952
-5.21193
-16.9478
-21.5697
-17.249
-15.8982
-9.35662
-12.6259
1.42552
-9.37618
-15.352
-4.26131
-8.00153
-1.31337
6.85163
0.515814
-6.5041
-6.15639
-4.0246
-2.27568
-2.62799
-7.96447
-16.1471
-18.6278
-2.21814
-4.39664
8.25982
-2.49442
-3.57124
-10.8306
-1.00647
-9.66042
-5.37497
-16.7564
-14.8681
-10.0949
-14.051
-9.51504
1.48757
-10.1436
-5.16081
-19.4291
0.557461
-7.34825
-4.31866
-15.9612
-7.21972
-1.17642
-5.32689
-8.40251
-7.53986
-12.2225
1.91049
-15.8578
-5.80056
-0.216895
-9.58052
-17.2062
-12.5328
-0.900452
-3.88224
-7.69815
-5.7668
-17.0463
-7.61605
-17.0124
-3.01095
-11.1208
-7.85059
-5.59907
-11.6354
-8.87907
-4.48153
-4.27413
