-351.788
-352.072
-347.238
-255.271
-256.372
-269.399
-268.856
-276.621
-268.676
-275.901
-293.233
-290.639
-291.156
-292.225
-298.413
-232.285
-162.687
-249.113
-272.391
-298.945
-310.114
-315.878
-316.306
-323.78
-333.997
-338.8
-338.174
-338.98
-333.475
-346.926
-340.98
-335.986
-325.164
-340.223
-340.743
-343.443
-347.55
-338.682
-338.96
-328.615
-340.055
-340.777
-330.366
-345.482
-337.662
-334.914
-331.063
-327.234
-332.008
-332.233
-339.199
-334.174
-325.664
-323.107
-335.554
-327.097
-328.582
-332.686
-335.548
-330.621
-323.734
-334.373
-319.148
-319.581
-331.415
-323.043
-336.507
-332.507
-319.653
-330.218
-346.265
-340.875
-339.654
-339.65
-336.796
-341.281
-333.026
-349.143
-345
-333.975
-331.481
-343.945
-338.524
-340.516
-337.703
-337.203
-346.944
-332.368
-340.393
-342.313
-341.481
-343.848
-345.64
-335.379
-332.863
-342.187
-326.764
-331.011
-326.552
-325.542
-324.054
-326.719
-311.609
-336.715
-350.231
-389.558
-401.564
-398.226
-389.32
-397.002
-386.068
-376.081
-398.456
-387.4
-374.501
-369.452
-371.442
-358.489
-366.913
-364.864
-361.672
-358.853
-359.918
-366.425
-383.275
-374.239
-389.822
-385.972
-382.728
-372.141
-372.628
-383.579
-369.777
-368.064
-367.512
-356.429
-364.887
-372.287
-374.42
-382.392
-364.664
-380.137
-367.718
-366.508
-362.972
-359.339
-357.165
-359.612
-361.769
-357.572
-355.193
-351.427
-359.352
-351.344
-358.196
-349.796
-357.546
-355.047
-347.793
-346.411
-337.818
-343.863
-344.054
-351.236
-336.954
-337.214
-326.324
-326.153
-352.634
-340.488
-487.677
-564.298
-534.033
-318.215
-402.061
-345.157
-397.624
-407.558
-422.403
-418.663
-413.402
-425.619
-429.455
-420.191
-403.454
-402.581
-384.057
-396.465
-388.369
-369.407
-365.696
-353.036
-364.126
-351.537
-358.555
-348.339
-342.667
-347.209
-345.267
-338.479
-335.069
-341.459
-342.249
-334.47
-335.573
-340.313
-336.244
-343.861
-350.217
-361.528
-266.304
-171.848
-203.467
