65.7274
77.2681
80.7516
70.8412
63.8421
64.1331
67.634
64.081
69.7637
68.7924
73.0909
69.1698
72.286
84.6174
79.2973
71.6184
84.3663
77.8193
69.2379
68.5942
69.8178
65.3501
74.462
61.8741
73.1004
74.6592
67.8562
74.2763
67.0077
63.3901
56.4989
60.1647
64.9687
62.2947
52.2385
55.9164
50.9967
46.8994
51.519
57.7186
51.1315
54.9895
62.0433
67.5893
62.9985
66.1879
60.1988
59.833
62.9107
63.6193
68.8398
61.1229
71.4734
71.8838
66.9837
68.7617
60.4238
60.6986
58.2834
55.681
68.0781
58.2831
61.8049
59.9732
59.7256
56.3041
60.6392
59.8252
52.7474
61.785
68.8917
59.9262
61.1703
60.0339
68.8697
62.203
57.7192
60.078
69.2105
60.8019
70.6435
56.9267
59.3893
53.9511
56.9231
59.7971
50.186
66.0447
67.558
61.4285
48.045
61.0094
65.5106
63.873
50.061
53.1963
54.1658
56.1342
54.1509
50.2837
54.3514
56.0959
55.6399
68.9225
55.1453
59.7468
56.3805
61.4684
54.6225
52.9088
65.7705
60.9562
60.9668
56.9482
58.6263
57.385
56.9962
65.5336
65.5949
65.0556
73.5989
58.0127
54.7762
58.7312
56.4594
74.8839
64.9084
66.1509
57.3735
64.4226
63.4444
39.1066
68.9079
60.2255
61.1242
53.5906
70.0575
72.466
74.0988
81.6606
71.4891
61.6611
61.0041
67.2056
62.9871
64.4268
62.2934
71.7436
76.1332
72.2641
83.8461
79.0953
73.7313
84.1253
75.9346
63.5594
63.0877
63.8615
67.7578
76.1724
65.541
74.9121
72.0409
68.6466
70.0357
67.2493
56.6436
60.1698
63.9486
63.5283
51.3744
61.5653
56.7968
49.468
49.3702
49.6966
56.96
51.8496
49.8852
66.9281
71.9137
62.6655
68.994
66.2725
63.8112
62.0948
75.0291
68.8351
62.7457
70.6743
71.3
67.7837
63.6236
59.75
55.8941
54.227
57.7543
67.8612
61.0637
57.4707
66.058
58.3226
52.9742
58.5913
60.8698
54.213
63.9953
61.8366
63.5928
65.3004
59.8964
71.7486
56.9089
59.1825
64.1968
67.0535
62.265
66.1468
58.567
63.9734
61.506
54.409
57.2897
54.7707
60.8106
72.0307
51.6109
58.4205
52.7644
54.6189
62.941
53.0244
54.306
51.6256
61.3523
51.6873
52.8282
49.1952
51.4711
55.796
68.1691
53.6362
60.9378
55.8154
60.4168
63.578
59.0949
61.4841
68.07
61.7345
64.327
63.5208
52.8384
57.4671
72.6977
64.5119
64.1609
70.6304
53.433
58.7985
54.1386
58.4677
69.9825
61.756
68.455
61.8893
67.3836
58.5657
48.0981
66.0152
59.9039
52.5421
60.0571
65.7368
70.4652
76.9803
78.256
69.6788
64.1499
61.8619
67.6805
72.4033
68.8872
64.4844
70.2134
81.1251
74.981
86.1516
79.5389
78.9916
73.9387
71.3474
63.1881
66.2006
61.8238
74.6679
68.8358
68.3596
73.0274
66.75
70.565
63.8463
63.948
53.8316
61.9679
63.5415
58.1345
46.38
58.0838
58.9941
60.8413
51.2852
49.5352
55.9668
51.0045
56.9347
65.7593
71.4323
67.6265
67.3766
64.91
68.1557
60.0745
75.6449
61.0708
66.5813
70.1299
64.2033
72.0266
60.6587
67.1637
57.9734
53.3483
58.8039
60.6142
64.4973
55.709
64.2826
54.8254
52.4577
60.8473
58.5541
57.8831
67.1847
58.0843
58.8542
63.5635
62.2886
73.7516
56.4993
61.1035
60.5928
65.5978
63.889
60.0397
48.271
62.9438
62.5357
60.1177
57.2852
61.4109
53.3943
69.3073
50.3865
67.118
61.4462
49.6528
56.9064
53.4274
53.193
51.6516
55.6318
52.6526
59.3741
52.8507
45.9213
53.0473
65.8209
54.5184
57.6007
56.8621
57.1437
60.5956
64.8172
64.5003
68.9788
62.5276
64.8471
62.5732
57.0219
57.5923
73.688
64.8467
65.4868
70.6314
