98.977
91.9701
96.8066
101.585
99.4084
96.9109
98.9276
88.949
85.3613
89.6069
79.2523
89.4633
83.4691
82.8924
81.3673
86.9622
99.2625
101.524
99.3621
85.7636
90.2101
95.1423
88.4528
93.9381
93.8098
94.2015
91.9264
91.1697
95.496
93.1668
94.081
96.9814
98.551
96.432
102.739
100.646
96.1723
101.013
97.9122
110.787
107.442
108.779
96.0981
89.9144
83.5427
99.5921
103.318
92.8802
100.6
102.888
100.709
99.0478
103.082
94.9763
100.311
97.4753
91.5092
96.2111
99.8612
96.8765
102.565
98.0332
99.2331
100.837
102.279
106.56
105.234
95.5174
108.293
108.892
108.294
103.619
107.836
94.1202
103.09
105.837
103.171
103.22
99.6312
104.382
104.278
108.744
105.733
102.091
101.117
105.351
99.5007
104.783
103.728
102.054
106.333
103.462
102.95
109.299
103.506
103.278
108.085
105.602
111.573
114.007
102.746
108.368
102.642
103.59
102.494
100.535
108.303
97.2097
105.012
102.896
100.478
97.7286
100.549
94.9507
101.06
102.478
106.375
106.584
107.324
108.797
100.768
97.1286
98.1034
101.157
96.9237
95.1102
98.6307
97.3286
93.7061
94.7907
96.1703
93.5345
90.9352
95.1697
95.8941
96.1984
92.6217
97.4396
96.0771
93.6088
89.684
92.931
95.0488
102.588
94.5581
84.0396
87.3583
88.6316
88.5908
81.3788
90.0647
97.0921
96.2516
103.539
102.987
101.053
92.021
84.3361
94.0591
97.017
88.2809
91.4377
78.6568
80.0231
95.6151
90.8106
85.4652
97.4519
93.0452
97.7943
88.3376
91.2319
83.9741
87.5633
90.2536
100.243
95.9903
98.0709
90.6897
91.8766
99.3372
85.482
89.2404
88.1535
89.4564
91.9301
90.531
93.4037
90.8035
90.5512
88.8515
93.7811
90.3531
85.8521
89.2933
90.5573
94.1431
98.9549
80.6486
95.0846
86.9976
104.643
98.2067
89.9139
104.221
87.545
90.6691
93.247
97.7351
91.4984
94.2891
87.9763
83.2712
88.9696
98.6126
90.593
95.0366
86.4174
95.434
91.1684
105.247
88.8302
89.1707
104.275
94.3577
90.8264
86.7364
95.604
88.7765
90.2707
95.0009
90.2085
83.1361
88.2555
86.7951
103.796
101.493
88.8406
90.0513
94.4696
99.4059
91.2627
96.4456
101.678
95.4536
101.25
95.9668
87.9796
88.6526
86.2685
81.137
88.4567
94.6073
81.0961
82.4448
87.0135
92.9778
96.5688
99.2855
92.5582
86.6055
92.3996
85.0843
91.8792
88.1648
93.2788
91.716
90.2499
94.3839
97.2983
94.1284
99.0351
99.3416
100.03
103.865
103.227
95.6354
102.213
104.769
106.512
99.6774
109.562
97.2138
90.1357
91.7559
95.7275
105.023
96.9263
99.6519
104.132
106.72
98.5612
109.934
91.5321
101.886
98.2946
92.7694
96.2408
102.215
102.776
101.047
100.921
100.266
95.4099
98.0538
105.663
101.596
96.1366
110.06
105.965
107.323
103.878
107.757
93.8769
107.936
110.52
108.669
110.24
103.608
107.391
105.058
106.532
105.995
101.771
98.7195
104.419
100.212
102.997
103.829
101.911
101.227
102.396
101.374
105.132
100.398
100.191
107.046
101.05
103.458
107.292
94.2856
101.504
98.0438
98.9197
101.15
97.5842
101.348
105.423
106.116
102.444
103.327
99.2568
98.2853
94.4423
105.757
106.099
110.349
110.412
109.409
107.921
104.964
103.648
102.623
107.709
97.2272
100.579
96.4417
102.908
98.9693
99.602
97.7103
93.253
93.8275
92.8054
98.7322
96.4737
93.9434
96.527
91.8992
93.3974
88.904
90.351
98.8349
100.981
95.0898
78.629
89.2195
87.1565
82.3831
78.6712
92.4409
92.1274
94.4246
100.082
106.313
99.5798
94.9378
86.1107
90.8634
93.3767
88.0276
96.2222
78.1669
85.0596
95.1617
85.4958
87.9221
94.8973
94.1109
97.1708
90.7266
90.3124
85.336
81.6282
85.2352
96.287
103.472
89.9739
91.4613
102.746
99.8522
89.6032
92.3649
90.202
93.4589
83.6102
87.4165
104.392
85.9206
87.1003
96.6702
97.124
88.0133
82.6988
93.6072
87.1162
96.0095
96.6521
87.9674
91.7485
85.7378
108.919
95.648
87.8882
104.62
93.3497
93.727
87.9333
99.4969
85.1301
92.3281
90.325
84.2229
89.6638
99.0473
88.7294
91.2378
87.4086
89.1171
92.9344
101.302
92.5098
89.2585
98.1704
95.8073
91.252
90.771
89.2306
93.879
93.6188
90.2732
94.0773
81.9961
87.4101
95.743
102.403
103.232
85.9235
88.8816
94.8576
98.3847
94.6657
98.0372
100.314
94.359
97.3136
96.2455
83.5574
87.6499
80.1712
85.4911
87.3735
91.3706
81.8973
80.7018
92.9999
92.5479
96.0309
88.443
103.528
81.5379
91.2484
91.8653
94.9492
90.2563
91.064
88.4655
89.7903
88.2142
97.5926
93.7051
100.488
98.2195
103.755
101.105
99.8587
96.0652
100.473
107.379
106.999
94.5078
103.63
90.7163
85.6651
101.388
98.7031
100.733
100.442
98.4353
106.075
105.574
104.252
107.93
96.5142
98.5074
94.3335
88.3333
91.8074
98.2295
105.312
105.268
105.062
104.215
97.6419
95.1368
103.732
97.3787
100.987
104.473
105.354
106.862
102.17
102.922
93.9657
103.067
104.785
103.782
107.917
104.41
103.349
102.776
104.443
102.607
97.5671
98.8453
98.2154
98.6845
99.9619
99.4921
99.5577
95.0967
99.4189
99.6594
99.3441
96.5845
95.051
103.352
98.4829
100.02
102.221
92.6082
95.5822
94.5211
92.2005
96.5042
95.5316
96.8335
98.687
98.4721
96.4562
96.7195
95.9465
92.5163
93.6829
103.52
105.086
109.191
111.442
107.727
97.9012
98.5399
102.78
101.385
105.764
95.9118
99.9436
102.254
98.0421
101.847
96.8752
94.4612
93.244
92.8171
88.9277
97.4052
92.9738
92.0902
93.7993
88.8584
88.164
88.8724
94.2186
105.293
93.1442
93.6848
83.5361
88.7323
84.2988
76.7258
84.2832
92.7637
92.2129
95.2226
98.563
104.792
95.5459
95.4279
89.2494
89.5603
88.0778
86.8756
93.0394
80.1073
91.8214
97.4676
79.6618
94.2697
89.2551
92.5093
101.748
85.3142
88.6417
93.7193
83.7886
91.6888
94.0818
105.598
87.5287
85.8984
104.174
96.5955
91.3873
92.843
89.5786
90.7876
76.775
90.8673
106.903
85.5196
89.2235
90.9198
91.6709
92.5364
82.093
96.7957
91.5712
92.4898
89.6384
94.1425
93.6111
87.4396
99.8459
88.6153
95.9733
101.116
96.5123
95.0499
87.8284
101.24
83.763
91.276
95.3656
85.4289
90.7623
98.9504
90.6626
91.8937
91.9097
86.4896
100.716
96.1752
95.3738
92.6183
94.1713
93.2939
96.1694
84.7014
88.1271
90.7115
100.557
90.7605
90.0162
86.332
85.7764
101.88
101.206
105.588
88.1773
88.6423
96.3777
95.6763
95.1244
98.9369
102.305
93.8236
94.1732
89.3066
82.5298
85.8123
78.8359
89.074
83.802
86.7793
78.6614
85.7272
101.518
96.987
100.094
83.3895
97.2482
83.7293
93.1019
99.5801
94.2602
91.7778
95.121
92.9204
89.6792
87.3576
95.2817
94.6709
103.663
95.296
102.736
100.53
100.674
99.7688
100.84
114.907
106.374
98.5778
98.2339
88.3457
83.3392
104.232
101.169
95.7607
100.452
101.978
101.929
103.794
98.4906
103.592
100.256
97.0565
91.7398
91.8046
94.483
97.3157
103.653
99.084
101.789
106.179
101.261
101.365
103.137
96.0114
102.949
105.156
107.967
102.761
100.21
94.9882
97.4158
100.29
99.1829
98.6102
99.8677
103.646
94.7396
103.733
100.746
101.189
98.1865
102.32
97.9014
103.867
99.8259
100.336
99.7473
97.626
102.476
105.93
101.091
102.301
100.444
102.737
102.814
105.222
99.0552
97.7902
94.9607
93.0398
91.1264
95.1129
94.9479
93.5567
96.6251
98.872
95.3712
92.8702
95.1117
87.5956
95.2777
98.8401
103.078
104.771
107.249
106.367
99.2646
94.0914
101.727
99.9496
101.503
93.1299
97.8388
96.7025
94.0631
95.1026
92.7989
86.6983
88.2291
87.9531
85.7391
94.1716
87.8662
94.4587
93.2195
90.1152
89.3016
88.0165
92.5588
102.882
88.7299
90.9716
86.617
89.9045
88.6563
81.4769
80.887
94.7416
94.5539
99.8457
95.6596
101.606
93.4837
86.0173
92.8522
89.5909
87.9768
86.7881
87.1676
80.104
94.6294
94.4569
83.8267
97.3086
91.3047
87.7483
94.0546
89.2151
86.1368
95.7475
88.575
96.4495
94.3747
102.25
89.6492
84.2032
99.2233
87.9885
90.4485
92.801
93.1109
91.604
87.3242
89.9534
97.7599
87.446
89.1689
93.0226
89.3943
90.1914
85.2444
93.5122
94.2432
95.7681
84.5536
97.4605
90.3587
95.4564
96.5251
96.2085
102.888
92.7397
94.6766
94.4074
93.864
98.6744
93.5385
92.7051
93.9198
85.9366
94.8814
91.3424
94.4118
85.1431
94.0909
90.9023
103.158
89.3276
91.2353
96.8493
94.7065
87.8782
88.8727
92.4618
84.507
88.2757
100.74
90.7149
83.709
88.496
86.5623
102.883
101.758
97.4044
92.1008
86.7237
97.951
91.9701
96.8066
101.585
99.4084
96.9109
98.9276
88.949
85.3613
89.6069
79.2523
89.4633
83.4691
83.1652
