-260.547
-365.772
-331.896
-337.936
-354.52
-366.004
-404.135
-442.014
-445.979
-447.661
-434.531
-444.322
-451.323
-443.67
-445.622
-440.431
-428.727
-426.938
-428.238
-426.66
-418.758
-419.4
-416.424
-415.236
-412.266
-398.35
-386.003
-377.89
-365.051
-367.076
-363.777
-367.669
-366.258
-379.004
-334.157
-443.447
-428.675
-386.628
-324.352
-346.235
-323.281
-325.069
-327.079
-316.505
-326.804
-308.831
-105.556
-272.684
-456.688
-499.579
-398.373
-214.87
-217.027
-228.798
-253.978
-278.768
-291.854
-301.95
-311.948
-309.805
-310.501
-309.578
-298.942
-287.081
-275.624
-263.308
-254.594
-253.1
-262.098
-278.424
-296.329
-315.57
-310.09
-319.244
-333.915
-349.326
-371.491
-380.643
-381.945
-387.234
-393.558
-389.471
-397.637
-399.98
-400.772
-390.743
-375.907
-383.1
-384.919
-384.01
-388.483
-454.652
-527.626
-538.057
-538.411
-542.483
-545.02
-544.925
-568.934
-434.918
-454.576
-440.71
-438.365
-333.334
-380.867
-420.323
-425.586
-434.837
-441.749
-442.439
-439.426
-438.505
-445.984
-451.301
-446.449
-451.895
-450.498
-446.88
-452.919
-436.115
-449.002
-434.411
-430.607
-429.469
-428.594
-432.528
-431.127
-428.583
-428.355
-428.304
-428.596
-426.342
-421.592
-425.488
-422.165
-419.267
-419.71
-420.991
-425.048
-427.217
-418.357
-418.278
-422.293
-415.105
-419.458
-420.311
-425.894
-421.957
-414.899
-411.023
-386.1
-403.732
-407.945
-404.32
-410.886
-408.296
-405.876
-407.05
-413.451
-426.608
-425.885
-426.103
-433.163
-436.772
-432.352
-441.352
-440.495
-437.243
-439.789
-447.801
-450.672
-453.846
-460.201
-462.016
-465.397
-464.958
-472.111
-474.625
-482.405
-484.582
-483.44
-489.476
-499.262
-499.189
-507.582
-509.904
-521.714
-536.674
-540.803
-557.076
-553.233
-544.225
-562.225
-584.319
-593.5
-599.34
-606.752
-607.437
-609.204
-618.967
-604.123
-607.366
-608.953
-615.232
-609.892
-622.491
-601.851
-605.872
-607.109
-615.757
-618.104
-607.097
-619.222
-621.02
-606.909
-417.778
-479.554
-492.773
-494.036
-505.658
-497.447
-512.112
-525.773
-526.06
-509.356
-488.38
-495.124
-514.043
-512.41
-505.088
-510.995
-516.863
-502.891
-523.498
-501.679
-503.551
-490.958
-475.418
-468.031
-465.813
-466.659
-467.217
-480.243
-470.723
-449.085
-427.61
-416.121
-410.946
-398.887
-395.625
-386.052
-375.989
-380.561
-385.849
-383.89
-378.087
-379.573
-365.707
-364.581
-363.448
-371.019
-350.775
-359.106
-365.295
-369.8
-394.207
-378.891
-408.447
-483.152
-492.099
-506.418
-525.011
-540.978
-534.4
-504.028
-501.824
-528.878
-486.288
-495.21
-513.269
-523.082
-525.534
-529.944
-529.463
-531.011
-524.027
-528.597
-535.67
-529.377
-521.061
-518.056
-506.998
-510.241
-511.168
-514.687
-521.566
-528.462
-527.476
-524.564
-520.603
-514.16
-506.503
-504.481
-511.18
-496.961
-483.395
-497.905
-497.947
-494.328
-498.945
-493.179
-485.687
-474.67
-472.198
-466.988
-453.739
-448.455
-445.616
-446.467
-436.508
-433.726
-435.039
-428.568
-438.228
-438.244
-436.243
-434.707
-433.29
-432.155
-426.706
-416.981
-417.621
-424.184
-415.715
-416.032
-413.195
-410.413
-408.638
-404.142
-403.372
-402.712
-405.317
-401.685
-408.756
-404.767
-401.326
-403.342
-404.585
-401.925
-397.802
-399.809
-399.766
-397.606
-393.95
-396.606
-394.044
-397.442
-394.236
-402.501
-395.416
-394.318
-396.858
-396.452
-397.685
-389.851
-385.241
-380.163
-384.342
-385.2
-379.687
-374.552
-378.527
-378.076
-378.208
-376.186
-376.698
-372.499
-374.861
-369.23
-375.757
-374.019
-382.511
-372.842
-382.226
-372.382
-379.054
-374.689
-371.831
-374.22
-375.639
-374.7
-377.591
-383.882
-374.846
-293.607
