-3.06381
9.29045
21.088
26.7141
24.9347
27.1786
15.1319
24.4373
27.5115
19.9754
4.66996
7.45829
17.4982
4.95839
22.9524
3.06882
5.77421
-0.682648
-0.720853
-4.91256
4.51609
3.85568
-3.25891
-1.0237
-6.49927
4.03693
3.05676
7.68031
3.67841
8.97193
0.135108
9.57243
1.49547
17.111
4.55763
4.03163
7.05713
1.15208
4.74577
19.8602
7.80546
18.5629
7.15059
5.60878
6.0787
3.13451
7.84468
13.3599
-1.69047
7.34435
8.12909
3.94548
4.24437
-0.772114
9.59707
15.7725
3.16445
0.154536
6.8679
3.42676
4.68741
-3.41806
7.87446
15.1061
10.5523
-2.32895
3.90706
-5.23379
0.82903
-9.86765
-18.7406
-8.77445
-29.3334
-26.1369
-22.0488
-17.8528
-17.3113
-18.3377
-15.2231
-12.999
-15.5961
-19.1235
-20.6528
-19.9449
-15.3741
-14.8434
-13.1557
-16.7484
-14.2577
-13.0406
-13.5684
-10.354
-13.0626
-13.6569
-14.5808
-16.7691
-15.7605
-15.2297
-17.7974
-14.8099
-16.5612
-14.4863
-16.1947
-13.5191
-11.9111
-10.8464
-9.48611
-11.3741
-14.033
-15.674
-16.1324
-18.316
-26.4383
-19.9658
-23.2049
-25.5715
-20.1242
-20.9536
-18.782
-16.0933
-16.5855
-19.3736
-16.4864
-20.6387
-16.4776
-16.8491
-12.0342
-13.9981
-13.5201
-3.13355
-10.862
-16.3546
-16.6669
-19.4403
-19.5673
-24.7641
-21.7539
-17.3155
-30.6381
-16.3795
-21.7184
-24.7567
-16.3811
-27.3689
-22.8205
-23.3
-22.4401
-23.5242
-21.3547
-14.0581
-12.5856
-20.0945
-22.5171
-23.8862
-15.0603
-27.0309
-1.26553
-20.1384
-20.9074
-6.54686
-20.6825
-9.06622
-12.5243
-3.59946
-7.85108
-5.45342
-5.78881
-3.57422
5.90942
-0.682518
-1.89245
-9.21824
-12.3029
-18.012
-13.8881
-13.9511
-13.1145
-15.2511
-15.3443
-10.8462
-13.0423
-15.9063
-16.9725
-19.4268
-13.4928
-15.2181
-16.4678
-14.6451
-20.8558
-19.1448
-17.9581
-13.1352
-16.8892
-20.6381
-20.4185
-14.9812
-20.9737
-16.7892
-10.5329
-11.6194
-13.2752
-21.5564
-17.346
-13.6269
-17.4602
-14.8041
-11.5741
-10.8805
-10.6505
-11.0636
-14.4051
-17.075
-7.97222
-15.8154
-14.1416
-13.2869
-19.71
-10.2339
-18.0064
-32.6448
-17.9049
-12.6286
-19.7059
-19.2537
-24.9112
-18.4772
-26.4922
-23.1782
-19.8238
-16.1016
-19.3063
-17.5134
-16.0263
-15.0565
-17.5671
-13.7518
-29.2069
-18.4837
-23.9236
-18.0926
-15.4224
-17.4502
-21.1504
-20.3235
-24.4791
-27.2925
-24.6544
-23.027
-21.8434
-25.2204
-23.1472
-26.8499
-23.7553
-23.8701
-27.7414
-25.6574
-22.3653
-25.5437
-20.0749
-22.1442
-26.2177
-24.3974
-26.2479
-27.0949
-24.9137
-25.6905
-23.1902
-21.0933
-17.2583
-22.084
-24.7362
-26.3469
-25.2097
-28.721
-15.4798
-13.1545
-11.788
-5.164
-19.1402
-27.3155
-22.7633
-10.1075
-17.7061
-12.9791
-20.9978
-37.1004
-37.1581
-25.0038
-23.1388
-21.6193
-23.3957
-24.5896
-30.648
-27.4409
-24.1607
-31.1925
-21.63
-30.2189
-26.9773
-25.5035
-16.1264
-24.3026
-20.7773
-23.8712
-31.3619
-26.7001
-26.8575
-14.3169
-19.8121
-24.0995
-25.4509
-26.3483
-22.9534
-31.5846
-41.0732
-27.5968
-29.2316
-27.0525
-28.6793
-25.8585
-33.0965
-33.9191
-34.6314
-29.2041
-17.3214
-34.243
-37.5602
-27.1156
-33.2822
-32.5506
-19.9611
-33.7439
-32.497
-37.8298
-38.861
-36.5498
-28.9576
-28.8399
-38.5307
-37.4723
-37.1397
-34.263
-41.4203
-30.1205
-40.6142
-40.9809
-37.9665
-33.0309
-37.4113
-40.6062
-40.2261
-31.895
-25.1049
-20.9537
-23.3741
-10.1108
-22.576
-30.212
-33.5401
-40.5357
-41.7692
-43.3093
-40.7757
-36.8227
-29.1035
-25.7273
5.30535
13.1737
7.2445
9.33783
11.8498
-1.89036
4.39072
-7.91667
-0.433326
-5.8266
8.88031
2.16546
3.98586
3.8822
-2.90672
-11.8108
-11.7364
-15.5048
-12.5358
-30.2263
-25.0729
-25.9559
-28.637
-29.3561
-31.7211
-30.2184
-32.9645
-37.3995
-27.2582
-26.6904
-23.0336
-26.6529
-21.3543
-21.0356
-21.7392
-18.394
-18.9443
-14.5512
-18.0356
-12.1806
-17.3666
-20.5415
-19.3586
-17.6596
-21.7412
-29.2541
-26.6756
-24.4086
-30.2765
-34.4407
-27.6999
-26.3689
-21.6625
-29.9108
-26.9411
-17.3955
-23.8657
-21.9898
-15.1879
-28.4423
-26.4692
-21.6694
-24.8774
-24.0382
-31.8024
-32.4292
-25.0604
-29.056
-26.044
-31.0046
-30.3803
-27.9867
-22.9014
-24.7639
-23.4703
-27.5919
-23.8232
-15.6785
-20.4139
-22.2562
-26.6203
-22.7963
-21.4981
-26.6204
-34.5565
-29.2961
-27.7647
-27.2283
-35.2249
-35.709
-29.1519
-22.2993
-33.2754
-32.4257
-23.6137
-20.3485
-23.4526
-28.1252
-23.7768
-25.1026
-15.3862
-31.1593
-23.2241
-21.762
-20.2142
-26.9227
-27.6036
-20.5767
-26.9011
-24.7577
-33.3294
-28.3453
-34.0883
-23.5027
-26.7061
-24.402
-26.2047
-25.065
-22.5066
-22.1214
-24.0797
-24.89
-22.7438
-19.1056
-16.6734
-16.9008
-22.8265
-33.7221
-19.3866
-23.9706
-24.4641
-12.967
-16.2031
-26.5131
-22.6642
-18.3247
-18.9896
-23.2173
-22.1458
-13.9613
-10.0957
-20.5671
-21.4737
-16.1564
-31.4613
-25.9297
-24.2735
-19.1971
-28.7483
-21.7797
-15.7401
-23.1184
-16.2055
-19.4704
-23.5398
-26.0501
-23.8401
-16.11
-21.6913
-13.7268
-27.8604
-19.8454
-25.1498
-23.6425
-22.7796
-26.1985
-16.0065
-20.3276
-18.6345
-22.3998
-21.5723
-22.5506
-23.495
-23.0264
-20.3013
-20.0979
-24.4059
-41.0804
-39.4466
-34.845
-41.177
-30.9448
-31.3934
-48.3957
-43.1807
-38.683
-37.4394
-35.9495
-26.2724
-15.7936
-29.7622
-24.6095
-26.9344
-27.1743
-16.6437
-30.5681
-19.2427
-27.6114
-15.7476
-30.1911
-31.8998
-13.0052
-19.376
-16.3696
-12.1274
-7.36669
-7.29069
-27.4695
-19.3162
-23.0448
-30.7659
-32.3561
-33.6247
-47.1134
-49.1371
-40.7085
-51.4156
-48.9614
-42.6596
-42.4539
-44.5345
-38.5278
-39.8631
-42.5353
-47.437
-39.8613
-42.0216
-47.8891
-47.5648
-41.1464
-42.2843
-45.7538
-46.1611
-43.7483
-39.3275
-41.3258
-42.5879
-42.0911
-35.7937
-34.8497
-44.9016
-39.1051
-40.9362
-45.1919
-39.8389
-49.4028
-40.8537
-42.0881
-27.2424
-42.402
-26.8099
-33.2461
-35.429
-33.805
-28.6024
-26.4433
-28.6732
-42.5719
-49.8723
-27.6962
-24.0817
-26.9708
-19.472
-15.3592
-16.5563
-4.27541
-13.2183
-5.59698
-20.1463
-10.1613
-11.006
-17.0712
-27.2745
-19.5107
-9.28829
-23.0951
-7.74704
-5.08652
-6.32248
-22.3397
-34.5549
-31.2293
-25.925
-21.2083
-28.9233
-20.5907
-20.7367
-26.907
-30.4245
-29.9279
-25.2081
-30.0949
-24.6011
-29.5904
-23.2098
-24.7138
-25.9882
-26.1019
-23.8866
-26.2958
-29.0839
-24.3028
-24.9453
-25.9117
-21.0174
-21.934
-22.5368
-22.3995
-24.1408
-20.5642
-22.482
-20.5235
-25.0668
-20.7173
-21.5677
-16.7578
-19.3622
-16.7017
-13.1712
-18.6242
-23.8982
-18.3949
-21.4673
-19.1491
-22.0125
-20.457
-20.1325
-26.4329
-19.7229
-17.0313
-18.6668
-16.3696
-18.4699
-25.2653
-21.2778
-17.6805
-20.4714
-23.0212
-21.8443
-19.608
-23.0181
-20.7637
-21.5491
-22.5592
-16.7009
-19.5827
-17.6644
-15.6733
-19.2266
-18.6942
-19.1585
-20.0389
-18.9149
-20.8985
-15.9927
-19.0857
-17.5519
-20.2
-18.9843
-15.9708
-17.7986
-15.1478
-14.7085
-15.1208
-18.6904
-25.1763
-17.1379
-19.1095
-24.149
-13.155
-16.7448
-19.5264
-16.7976
-17.692
-14.4746
-18.597
-12.58
-12.229
-13.231
-12.4762
-9.86559
-9.46394
-12.5597
-10.8233
-18.2878
-15.4504
-17.2701
-13.2212
-23.9086
-26.3466
-28.2425
-24.2102
-22.5944
-22.1722
-17.8205
-13.6328
-13.7943
-11.588
-7.88479
-7.92392
2.23837
0.402544
0.420368
5.05251
0.528509
-9.28344
-6.88268
-4.52949
-3.56941
-17.4961
-18.7034
-17.1704
-17.35
-15.0874
-19.0999
-15.0692
-49.6557
-56.9244
-45.9342
-48.9794
-48.5468
-35.9181
-36.5463
-49.3226
-48.2674
-52.208
-51.9123
-47.5045
-41.1142
-48.7716
-43.7007
-42.9015
-44.2347
-50.1531
-48.5507
-41.2028
-35.9932
-50.1292
-49.0019
-52.8463
-60.8744
-49.4776
-55.5708
-50.8376
-50.0161
-45.7719
-41.4513
-35.5516
-48.8894
-38.9075
-39.0746
-44.8905
-32.8509
-34.7243
-35.3351
-36.2898
-42.9148
-46.6413
-46.4967
-49.383
-50.111
-58.1961
-52.0271
-52.8531
-49.9567
-43.0672
-48.6105
-47.8627
-37.4157
-50.7004
-45.8472
-40.6911
-31.9463
-42.4105
-40.872
-48.2066
-52.322
-47.4181
-49.3361
-35.1236
-37.0539
-34.3177
-38.7061
-36.8739
-48.7288
-38.2505
-35.3129
-39.7401
-46.1658
-37.7066
-34.6121
-43.1167
-37.0144
-46.6379
-38.2042
-42.3827
-45.5452
-37.1365
-35.5829
-35.7419
-42.325
-43.9308
-34.7865
-43.8245
-41.2065
-48.2938
-39.5656
-35.1947
-40.176
-37.6084
-37.1064
-44.2762
-45.4103
-41.5504
-45.1899
-32.9424
-33.5821
-29.1222
-30.6609
-41.8588
-36.7746
-51.5745
-49.1905
-46.2455
-46.2116
-44.3216
-50.7488
-43.5895
-33.3819
-38.3914
-49.0015
-44.3357
-53.4565
-45.0856
-48.574
-46.7797
-47.154
-45.378
-52.0519
-41.2104
-42.2893
-39.47
-47.7782
-49.4284
-43.8252
-39.753
-37.2207
-35.3698
-39.4383
-35.0354
-37.5691
-44.4829
-45.8078
-41.5953
-45.0546
-45.6811
-47.8169
-40.9161
-46.6848
-42.2682
-46.361
-48.7923
-40.5805
-38.3239
-35.8778
-40.5485
-49.137
-41.1966
-39.5624
-34.2431
-31.796
-42.5434
-44.8634
-40.5973
-48.9618
-46.1972
-47.8058
-49.3154
-44.7609
-46.7058
-40.1932
-31.5155
-36.878
-38.649
-38.0412
-43.5811
-41.8691
-37.6135
-41.7791
-39.4502
-51.3352
-51.785
-45.1721
-46.5377
-49.2652
-46.0182
-43.5377
-29.758
-36.2041
-31.5567
-38.5749
-33.3755
-36.5306
-34.6752
-39.6687
-47.6632
-37.6465
