82.8609
64.4597
64.3252
65.897
58.5805
62.593
58.5116
69.4019
92.346
85.669
89.3526
102.287
106.688
107.404
89.1026
93.9063
94.1421
92.2042
90.664
84.5523
81.5092
83.3599
80.1655
79.6322
72.8931
72.7626
72.518
72.1777
73.9105
79.4598
83.5631
86.0794
92.6875
92.5576
94.1548
99.3277
103.436
110.562
104.101
99.9376
104.206
108.482
106.279
102.866
118.174
107.994
108.229
104.533
110.197
112.365
109.809
111.786
108.99
105.655
110.732
103.328
105.805
104.867
103.789
105.468
103.332
110.882
104.238
107.225
113.259
106.832
102.764
103.911
107.809
109.379
103.219
102.017
97.542
106.41
103.912
101.953
102.57
98.4045
95.7137
97.0608
92.6956
90.482
94.2301
97.9298
96.2454
100.607
92.5272
95.99
96.8736
93.1742
95.4553
85.5473
91.566
94.7422
95.7667
93.4337
97.3969
94.0237
92.9191
89.2843
94.1796
96.9594
101.677
93.2839
95.9641
98.3006
94.5916
77.4518
81.7396
87.3068
77.8619
97.2209
88.7784
90.2102
79.9233
79.7717
87.4644
92.0573
102.757
106.367
100.817
109.934
99.5481
92.6855
86.6051
86.0854
84.1671
94.8818
101.581
100.362
98.6683
99.3265
98.366
97.9298
101.832
106.233
104.989
106.37
103.65
106.292
98.7066
96.8762
91.4375
93.8003
95.4653
92.639
92.3819
97.0998
96.5986
93.6474
97.5358
94.3857
94.5913
96.8194
94.3136
95.912
92.9002
96.4373
94.2684
94.2318
90.4645
90.4308
89.7035
91.0269
86.0972
92.3419
88.3607
85.3889
87.4807
89.7124
87.9386
90.337
86.9724
85.9509
85.3209
85.8189
84.8342
85.769
88.3486
84.4815
84.3033
87.2172
81.8846
85.4961
81.8141
86.9819
80.9077
84.5748
80.2839
78.1685
83.5951
81.3293
80.9658
77.8313
74.5141
79.39
81.0419
88.0074
97.0891
95.6887
102.769
106.284
98.629
88.7612
85.1572
91.1946
89.0552
92.593
92.3252
94.297
94.0979
96.2393
95.5982
95.5217
97.8978
95.209
95.795
99.4168
102.499
100.142
103.431
100.398
101.92
107.5
106.573
104.122
101.466
103.959
104.114
107.257
108.641
110.11
108.431
107.188
104.091
105.649
109.023
107.061
105.282
100.971
108.11
108.384
107.424
106.961
108.217
107.743
107.618
105.385
109.536
107.151
104.733
113.242
112.131
102.093
96.4173
104.232
105.083
107.064
101.544
104.368
99.008
88.9242
99.5893
93.5273
98.0998
95.8658
96.0081
97.3134
96.0823
97.5567
94.6725
99.7076
99.7788
105.157
108.849
110.909
117.778
110.547
106.962
112.533
111.387
110.013
107.015
104.48
111.542
108.551
110.553
106.019
113.005
110.972
113.038
111.538
115.418
115.323
114.954
107.843
106.718
116.677
115.027
112.826
118.203
116.023
111.878
114.818
113.476
113.718
114.988
109.635
109.834
124.124
112.092
103.297
107.266
113.324
117.032
113.775
117.804
109.47
114.538
113.421
110.222
118.879
111.105
108.335
105.651
112.214
113.246
109.651
110.004
111.654
111.636
115.824
108.83
109.439
108.842
116.862
116.614
110.091
104.668
113.6
113.58
109.503
107.304
98.4812
99.6526
101.786
106.772
103.43
110.454
109.607
108.278
100.866
93.3795
84.4636
88.964
88.9192
100.346
101.457
101.345
98.2943
98.5765
97.0337
93.7624
93.6037
96.8233
100.123
101.436
101.937
97.5617
99.2004
99.3111
104.607
105.143
106.23
109.101
105.855
107.063
109.193
104.54
106.729
104.914
101.331
98.8307
93.2646
96.5775
100.659
95.1151
101.529
100.936
100.479
104.963
102.618
103.613
102.503
100.463
101.105
96.9303
94.4513
72.1865
75.4435
83.4565
89.5189
90.0506
91.0487
95.2813
87.331
94.421
90.7569
90.0067
93.758
95.514
90.3811
84.1937
87.7439
85.3913
84.6058
83.7891
81.3143
90.3643
83.6301
84.1231
84.3057
83.4893
82.6213
86.1113
77.1797
86.3444
82.0498
87.744
104.159
103.671
105.864
96.5609
82.9949
88.223
89.0078
95.6237
87.0353
83.0591
99.1375
92.3533
105.75
98.888
103.086
87.4773
90.0374
67.3115
74.3386
81.2339
89.7561
86.2603
85.5973
70.9419
82.9055
87.0895
86.7547
79.344
82.7181
82.6707
87.7629
88.8676
89.8461
77.8807
75.5471
67.9733
72.9333
93.4575
80.1433
85.7484
83.3074
78.9193
74.8896
80.9548
80.2162
77.2695
79.7912
77.9181
76.7152
74.5179
68.5092
74.6851
74.2897
66.5173
77.6423
85.4715
83.5317
92.489
73.8513
77.3666
83.1918
80.1425
81.9459
76.1818
71.6895
81.1259
81.0088
82.7528
71.0402
78.8596
68.5346
86.454
85.9803
87.5928
83.7425
76.4938
92.4458
77.725
72.0399
75.5321
75.3855
70.4533
78.9372
85.6405
89.3652
90.8029
86.3324
84.3217
84.9967
85.2719
80.6919
88.9586
96.772
84.0682
80.7094
81.7513
83.5527
86.9277
89.1947
90.3936
90.8591
91.4936
97.5798
87.0361
90.5033
88.8349
96.507
93.7157
94.6223
94.0381
92.8652
88.5999
91.5908
88.6921
88.2744
89.0681
83.5582
92.4876
87.2871
87.1172
85.4707
92.5316
87.5947
87.5307
89.477
92.9579
97.8666
93.5882
95.5698
91.468
84.2099
91.8738
84.5214
85.5074
85.1574
87.0795
91.9641
88.6511
92.6866
96.6321
92.9483
91.0885
90.5961
86.351
91.2196
91.1344
91.4805
91.4672
96.3262
106.716
109.385
92.1
107.375
93.0837
85.6899
82.2873
87.7266
80.8748
81.1436
84.2048
75.7782
70.6759
75.0856
78.2053
68.3182
71.1154
75.1726
72.6343
77.603
74.298
72.3707
77.8207
78.3846
74.1332
69.2603
68.4533
69.5803
68.5752
67.1683
68.0864
68.9458
66.4439
62.1557
65.9171
67.851
67.8895
65.3971
63.0109
68.0027
65.2119
64.1113
65.7931
61.361
71.1798
68.5485
63.2829
58.2288
63.7564
62.0318
65.2195
64.5329
60.5058
63.8838
63.9158
62.0192
64.8376
63.0672
62.8093
65.105
62.7583
64.7723
66.6575
66.0839
66.7873
66.5947
63.7035
66.2184
64.5957
60.5692
62.1034
64.1885
70.7168
63.7355
68.5002
62.2874
61.607
59.21
61.2744
68.2275
61.0067
66.2909
65.2956
58.0994
60.5881
66.1333
57.3995
62.8819
63.59
60.6661
59.2452
61.9814
64.4059
61.2415
54.5037
54.9067
61.885
57.8114
64.075
62.1885
60.7587
61.685
60.8305
60.4917
56.7347
61.7057
62.0352
66.9657
71.1249
69.0186
71.5923
71.5798
82.2428
102.306
102.132
99.5017
97.9862
95.8063
99.3028
95.5085
93.9854
94.918
94.3156
98.9249
82.8691
84.1774
77.9827
78.4748
76.7225
72.2256
76.6406
80.857
79.5754
69.0854
74.5654
67.114
76.5462
59.8434
66.3075
66.8662
76.2592
70.4382
66.6183
61.4672
63.828
68.8707
74.1407
76.4324
69.2127
71.4182
69.6948
70.3753
72.2623
71.3082
70.7809
68.2177
69.6622
75.3654
71.2085
68.8939
75.1585
73.1787
73.8343
82.7884
89.8444
83.8323
84.4526
84.299
83.5537
85.9196
83.1749
83.8916
82.9568
96.1192
96.3386
94.9374
94.8884
95.1788
101.305
97.6415
101.563
101.692
100.875
103.392
102.146
104.945
100.693
101.207
101.165
99.4382
103.524
100.611
97.8162
99.9831
99.3622
99.1598
97.7777
100.076
99.7727
98.7725
102.725
100.126
99.1054
101.761
102.682
103.751
99.2748
97.4072
98.5883
95.343
96.5673
92.4328
92.9849
94.4869
95.6392
93.4426
94.858
94.9037
93.8694
92.7164
97.4368
95.5998
93.6835
93.0671
91.4805
90.4842
90.4925
89.3095
89.3549
87.1085
88.3817
89.5896
90.5365
90.723
101.935
105.222
121.229
120.562
121.136
117.342
116.141
114.26
115.256
113.397
110.086
114.044
104.694
103.164
105.255
104.319
109.701
111.35
115.91
116.083
111.973
118.304
119.728
116.06
112.69
114.261
116.21
113.623
115.077
116.127
117.722
116.474
108.777
122.114
114.304
114.733
115.074
114.408
115.109
112.378
117.699
117.686
117.196
114.193
118.167
111.861
111.809
109.684
107.248
110.55
103.619
109.544
124.188
117.803
120.127
120.482
122.091
117.253
115.527
112.592
114.961
114.501
106.875
106.407
107.614
110.839
112.784
113.488
114.336
117.788
116.74
118.262
117.404
114.243
110.932
115.616
113.889
111.56
111.017
108.76
114.742
116.949
113.496
113.091
113.39
111.089
110.109
108.77
110.946
109.241
110.397
105.209
108.288
106.442
101.933
104.635
102.858
101.423
103.082
109.684
108.831
110.348
105.362
109.932
109.637
106.454
105.621
104.398
108.331
106.169
105.543
100.137
100.145
105.936
101.901
105.894
103.305
96.2889
86.304
94.4851
90.8535
94.6748
99.0921
93.1849
90.0387
94.8322
92.5691
97.3473
101.969
100.089
94.6062
94.9576
78.0722
80.2576
76.0454
82.4755
82.1932
86.4097
82.8581
86.2331
83.6613
82.8729
84.3715
83.6707
91.0553
83.3064
88.4703
88.112
88.0789
86.2769
82.3267
80.9468
81.4074
76.2889
77.6002
78.5534
85.6742
88.762
91.0728
83.7898
87.2797
93.141
92.3481
91.4024
89.8781
95.4042
93.7877
82.5342
81.8161
80.2716
75.2888
72.3731
72.2915
75.6876
81.0194
79.8031
82.3386
73.338
80.7477
76.8837
80.0851
80.7164
82.072
80.0527
79.3933
82.8902
80.3555
82.6858
79.4033
84.9579
81.2183
84.0033
78.1081
82.1051
81.1948
83.3204
82.6984
84.1693
82.8517
82.2693
83.0626
84.1803
86.1812
81.3949
75.8458
82.2527
82.0083
83.7744
84.1264
84.721
87.004
83.0773
85.5278
84.6275
84.7401
81.5751
83.0295
85.5425
85.7675
83.0474
86.9337
88.1374
85.4226
88.3588
86.8984
84.9645
83.4197
84.3859
80.9992
86.2705
88.399
94.743
93.5717
92.0658
90.8008
85.6517
78.1012
73.4382
76.0704
86.7036
94.422
100.277
101.734
100.029
95.8279
102.169
100.438
97.5411
93.0092
96.8471
97.3023
99.0762
102.243
108.533
102.57
98.0878
96.0827
98.8078
96.1161
92.518
89.1135
92.3956
94.9735
95.3704
92.5495
91.7634
96.6419
85.9278
87.8907
88.1701
84.8294
90.1397
87.9932
85.2486
90.3517
93.1884
94.6121
93.0219
91.589
90.349
93.6991
89.2711
91.9842
91.8163
90.62
87.8057
89.0294
98.1441
