-165.808
-189.003
-183.319
-176.854
-172.245
-181.969
-175.191
-177.395
-175.187
-177.078
-168.46
-154.565
-155.961
-154.99
-159.211
-171.388
-163.757
-176.344
-164.489
-161.089
-140.167
-146.03
-157.103
-148.347
-151.377
-146.503
-148.759
-153.284
-147.399
-155.337
-150.797
-157.336
-152.105
-163.566
-156.55
-158.083
-161.654
-151.448
-153.593
-171.904
-168.443
-169.622
-152.964
-156.494
-161.105
-144.532
-155.698
-163.345
-149.157
-159.078
-165.059
-164.568
-156.343
-154.036
-154.866
-162.717
-162.465
-167.237
-161.013
-162.995
-152.644
-154.275
-149.515
-164.279
-160.826
-150.77
-156.716
-152.211
-158.001
-143.427
-117.456
-166.613
-143.54
-127.778
-116.378
-99.4403
-100.841
-102.996
-98.6571
-95.6859
-94.6244
-97.9206
-95.6876
-92.5094
-94.8366
-96.4657
-91.1148
-94.2932
-96.8825
-99.3894
-103.524
-96.7677
-97.9874
-103.421
-103.783
-104.16
-95.4675
-100.132
-101.621
-105.033
-108.135
-109.96
-109.414
-109.067
-111.635
-108.645
-107.119
-106.85
-105.062
-102.44
-100.497
-97.9576
-108.216
-97.2964
-103.715
-112.844
-113.481
-116.067
-118.345
-115.296
-117.767
-120.264
-113.693
-106.374
-99.0805
-98.5836
-99.2511
-101.177
-98.8095
-94.0376
-84.3853
-89.6475
-106.627
-117.479
-107.729
-109.565
-103.942
-100.613
-110.02
-92.8407
-95.8069
-92.8473
-92.8115
-97.5324
-94.1248
-105.977
-103.043
-111.112
-110.165
-115.383
-114.122
-126.609
-128.78
-122.274
-149.739
-151.536
-138.458
-124.298
-156.553
-189.491
-105.698
-108.628
-118.769
-123.549
-123.509
-126.615
-128.658
-131.311
-127.593
-118.329
-127.499
-127.809
-122.6
-121.409
-115.912
-118.95
-116.26
-113.258
-110.32
-121.079
-135.03
-136.817
-129.766
-127.002
-124.954
-134.376
-136.419
-134.771
-139.297
-140.711
-136.896
-135.676
-131.463
-135.461
-132.63
-131.812
-133.808
-134.091
-129.961
-135.256
-135.986
-139.61
-135.944
-134.208
-133.882
-132.514
-135.687
-137.938
-144.379
-139.463
-148.677
-141.4
-175.155
-143.754
-120.191
-112.813
-120.577
-126.749
-196.314
-199.108
-96.057
-104.916
-117.364
-118.651
-116.739
-121.958
-126.32
-116.11
-121.379
-119.412
-101.925
-96.853
-84.4459
-92.1057
-73.3209
-156.589
-149.789
-143.931
-136.619
-145.8
-143.148
-140.458
-137.595
-135.422
-135.267
-136.323
-126.476
-119.475
-119.099
-121.655
-121.849
-121.002
-120.678
-123.477
-121.877
-119.059
-119.245
-119.672
-119.013
-120.273
-123.27
-123.874
-124.035
-124.607
-123.614
-127.508
-129.672
-120.6
-127.624
-129.167
-132.116
-143.197
-140.401
-133.199
-138.933
-143.132
-146.19
-140.418
-146.688
-173.131
-119.239
-106.781
-105.027
-109.705
-115.167
-124.543
-147.197
-149.05
-167.41
-181.792
-185.166
-191.864
-203.678
-202.12
-199.656
-197.512
-202.162
-198.073
-190.29
-184.484
-182.176
-183.528
-187.189
-183.591
-187.388
-173.762
-176.64
-176.003
-167.74
-162.202
-157.574
-144.571
-132.969
-106.5
-111.999
-109.891
-104.383
-106.284
-121.012
-112.362
-111.715
-131.496
-131.686
-145.601
-117.511
-104.703
-119.872
-132.458
-126.528
-129.923
-144.386
-219.441
-131.903
-109.746
-104.34
-108.073
-118.193
-123.047
-124.531
-116.191
-115.199
-117.751
-125.366
-117.008
-119.566
-111.392
-116.38
-105.723
-111.237
-113.96
-117.772
-107.93
-104.237
-105.474
-111.528
-126.137
-111.769
-111.552
-109.429
-112.121
-108.563
-111.173
-117.78
-114.467
-108.968
-99.6717
-174.464
-104.772
-84.8408
-75.9232
-81.6816
-88.1183
-91.6578
-96.991
-102.096
-106.688
-102.855
-93.2519
-93.9313
-92.6713
-98.9663
-155.144
-163.711
-97.5398
-114.555
-124.441
-101.314
-115.922
-98.7896
-119.776
-127.299
-106.686
-123.31
-128.105
-125.309
-128.186
-113.408
-121.958
-121.082
-109.545
-96.6715
-109.96
-109.773
-122.305
-110.804
-99.911
-118.43
-116.902
-109.705
-123.458
-122.723
-110.265
-126.172
-125.123
-129.364
-113.535
-131.745
-107.253
-108.394
-113.117
-109.133
-121.887
-112.566
-99.2485
-114.128
-119.123
-114.702
-120.346
-120.457
-118.855
-134.655
-129.993
-125.332
-117.945
-122.348
-121.412
-114.173
-123.221
-137.827
-127.095
-118.256
-125.479
-114.707
-121.553
-121.973
-119.692
-118.89
-107.036
-105.304
-112.075
-121.253
-114.467
-124.509
-122.443
-129.153
-109.113
-113.467
-95.9456
-104.857
-121.912
-111.755
-112.33
-119.127
-119.439
-99.4967
-99.8084
-99.9648
-104.16
-113.922
-105.59
-121.071
-106.212
-110.035
-108.382
-117.093
-104.818
-115.455
-104.592
-120.33
-119.781
-122.814
-132.827
-125.671
-157.033
-145.284
-153.27
-153.881
-148.998
-153.239
-141.888
-138.175
-135.852
-136.121
-130.51
-111.85
-124.529
-121.015
-113.121
-103.078
-137.55
-118.543
-117.647
-107.664
-137.869
-128.186
-129.911
-120.449
-132.678
-133.979
-118.868
-118.358
-125.189
-129.763
-137.023
-117.841
-123.573
-124.025
-117.588
-119.571
-121.737
-119.945
-125.735
-117.27
-119.747
-128.97
-121.84
-121.048
-127.043
-125.821
-131.278
-127.247
-116.308
-121.364
-124.215
-117.973
-123.132
-127.657
-109.787
-121.268
-130.932
-116.004
-129.652
-180.445
-144.23
-141.576
-147.091
-142.799
-148.233
-135.433
-135.131
-138.008
-136.653
-150.172
-175.734
-137.912
-179.424
-144.251
-148.531
-166.215
-185.876
-105.15
-114.375
-134.619
-129.883
-126.606
-148.716
-152.287
-145.819
-153.624
-154.111
-163.444
-155.547
-190.333
-162.672
-99.2188
-105.637
-88.2087
-76.3175
-77.3484
-77.2492
-77.0856
-69.431
-75.4532
-67.2175
-69.2829
-61.8607
-71.9392
-75.1643
-69.9225
-73.6821
-82.1819
-78.2788
-82.1463
-80.0814
-87.4296
-81.0344
-94.0301
-86.592
-90.7494
-95.1258
-91.5599
-92.0757
-93.893
-81.0308
-80.317
-67.4233
-63.064
-68.2382
-61.9635
-69.8164
-71.9298
-82.4047
-85.4724
-92.7014
-92.12
-90.6293
-92.7362
-95.3316
-98.852
-94.4865
-105.311
-96.6196
-107.772
-106.989
-103.136
-97.3982
-101.997
-106.636
-99.6137
-97.9644
-110.618
-129.072
-117.959
-120.471
-127.533
-125.021
-130.125
-115.872
-105.248
-110.28
-119.935
-117.217
-124.002
-120.372
-130.368
-171.915
-192.003
-209.372
-183.643
-161.134
-165.423
-162.096
-169.608
-160.176
-165.371
-161.921
-155.941
-147.403
-154.145
-147.612
-150.161
-151.037
-151.071
-150.852
-148.207
-145.661
-152.393
-148.739
-140.736
-145.263
-143.889
-145.66
-146.247
-148.075
-150.34
-148.3
-149.186
-146.818
-148.172
-150.737
-151.916
-143.768
-143.47
-142.617
-142.241
-153.972
-148.773
-150.723
-148.598
-146.348
-150.205
-147.92
-152.401
-158.109
-155.812
-158.113
-152.566
-156.476
-150.707
-153.489
-152.449
-157.115
-161.321
-165.657
-166.01
-158.962
-161.201
-162.581
-160.669
-159.713
-155.836
-159.184
-155.428
-162.103
-159.507
-156.722
-159.053
-162.963
-160.978
-167.576
-165.702
-165.169
-173.757
-168.415
-160.921
-165.932
-171.649
-162.611
-163.587
-160.39
-165.057
-181.658
-170.29
-169.323
-174.713
-171.255
-174.692
-182.982
-177.99
-176.59
-181.451
-180.693
-172.912
-176.182
-186.383
-180.451
-182.951
-185.859
-186.757
-189.342
-189.489
-185.595
-196.854
-192.956
-200.748
-183.576
-165.593
-168.296
-164.608
-146.77
-141.184
-139.682
-140.606
-142.503
-141.499
-141.815
-145.189
-156.384
-148.261
-145.805
-142.771
-140.481
-139.976
-135.99
-133.905
-197.872
-128.075
-86.9168
-84.8578
-83.1376
-90.0669
-168.236
-125.176
-126.131
-111.22
-101.852
-110.539
-103.16
-111.601
-115.343
-108.655
-112.893
-127.402
-122.5
-126.65
-118.292
-124.194
-129.455
-118.258
-124.952
-126.232
-134.643
-124.253
-120.538
-112.267
-121.473
-118.591
-125.792
-112.174
-108.927
-104.843
-100.24
-114.337
-106.779
-103.365
-102.329
-103.82
-94.5718
-98.2309
-91.7755
-110.555
-98.2607
-112.87
-98.4496
-107.184
-112.178
-107.185
-108.33
-101.254
-105.634
-106.873
-114.232
-105.786
-106.613
-107.642
-100.889
-111.396
-106.246
-112.72
-109.911
-112.439
-116.854
-122.228
-127.87
-114.582
-113.276
-116.466
-124.116
-118.942
-118.003
-115.692
-117.499
-126.952
-126.658
-114.55
-113.248
-106.802
-118.763
-131.118
-120.472
-115.088
-118.177
-116.191
-118.617
-120.467
-135.443
-128.829
-125.966
-114.048
-113.214
-112.095
-121.868
-114.147
-113.97
-133.375
-120.463
-112.655
-120.297
-124.803
-128.638
-130.299
-129.603
-118.855
-120.853
-125.392
-129.78
-130.258
-116.14
-126.272
-134.523
-133.27
-130.268
-134.836
-131.035
-136.217
-127.403
-132.993
-138.246
-140.907
-144.563
-151.585
-149.718
-155.585
-149.76
-152.567
-148.28
-154.887
-152.973
-161.668
-156.82
-157.329
-146.443
-148.697
-152.311
-154.303
-155.024
-152.506
-152.107
-156.894
-147.12
-147.584
-158.707
-161.877
-168.411
-158.431
-161.004
-161.543
-162.261
-157.641
-153.949
-153.652
-151.106
-163.586
-154.7
-156.979
-161.448
-158.281
-148.9
-161.573
-165.249
-156.789
-150.412
-169.116
-168.535
-164.68
-154.263
-150.067
-156.767
-153.845
-154.016
-151.043
-164.285
-148.97
-158.17
-146.729
-153.556
-166.739
-168.731
-158.843
-168.29
-164.956
-155.939
-159.685
-153.899
-147.626
-150.528
-160.996
-165.852
-171.968
-158.401
-159.298
-166.874
-166.23
