-10.7975
-12.0917
2.30061
10.9028
7.67634
9.9833
20.0307
12.9991
19.5808
21.9143
11.1729
19.7007
11.2443
-14.4088
-3.61339
1.20115
-8.81275
-7.64657
6.82845
-5.64642
-3.46787
-11.1245
-15.1887
-7.42079
8.26382
14.5286
4.60598
4.45337
14.5948
5.35735
3.57263
-8.029
-6.00178
1.81059
-15.6935
-5.28625
-5.84163
-12.7467
-23.1437
-31.3969
-25.4244
-29.0413
-20.9755
-25.3193
-21.9319
-22.1921
-13.3066
-19.2709
-18.917
-7.43698
0.166506
-16.6689
4.1755
-3.5505
2.60361
-10.8375
-0.760287
0.95708
8.62745
4.95893
8.59027
7.73914
21.9346
21.6508
14.291
15.6094
10.8798
14.7559
6.99817
19.7744
3.96523
9.99695
5.85244
9.45087
13.8134
11.4692
26.0303
24.7408
10.4187
13.145
7.46582
11.5992
5.01618
15.0263
14.3751
20.9632
23.807
21.0784
27.3814
8.55244
9.92947
11.5328
17.8542
16.5859
19.5365
22.5769
25.182
24.0441
19.5449
17.1598
22.8496
28.6844
22.1099
22.0624
17.1537
-1.27401
-1.52272
-11.982
-4.42154
-8.60466
-11.2584
-7.82929
-3.24446
-1.47665
16.2061
18.3085
6.39486
4.77274
3.79816
1.05052
-5.82367
-14.4957
-3.26833
0.190328
3.04002
-3.55571
1.29443
-3.72189
-7.97728
-10.4116
-6.49847
-1.88941
-8.63878
-14.267
-8.83072
-13.3438
-5.2957
-1.78257
-0.796035
-13.7166
-16.0382
-3.89666
-22.8555
-19.8677
-15.436
-27.8683
-12.2033
-16.7054
-26.1603
-29.426
-18.0764
-18.2549
-4.84272
-15.2266
-6.31002
-20.3065
-2.85976
4.9547
-12.5953
-15.5638
2.44606
-2.9408
-4.45589
-3.38412
-7.15989
2.97615
-3.79106
-5.34223
-7.17847
17.135
8.5248
-2.65092
0.263166
7.99548
2.60247
-19.8306
-4.23516
4.8815
-11.6062
4.92009
-8.21031
5.86167
-5.15199
3.9589
2.12448
-9.59975
4.77601
2.27344
6.37828
-2.23392
12.3686
6.89698
-0.276414
0.426182
5.06219
13.4699
5.39717
0.157824
-14.7439
-15.1878
2.03729
-9.74971
-10.8731
7.03397
-5.76633
9.36975
2.64846
-8.13024
-2.14414
-13.0299
-10.1456
-3.26684
6.77426
-3.6541
-8.13447
7.29084
3.2014
-5.10338
5.1018
14.4932
5.46191
-6.40302
-1.58781
10.8058
12.6231
1.92696
6.12406
-11.4881
6.11598
2.53462
17.27
-2.7845
4.91889
-8.59761
5.35748
2.54329
-1.98785
4.76612
-6.94927
0.194046
-10.7422
-6.11068
1.92318
12.7999
6.42798
13.5319
21.3443
15.8119
17.3254
28.467
17.7706
13.9713
1.3112
-6.05313
-5.37739
-5.52948
-8.24529
-5.40352
2.69247
-2.09251
-4.38299
-10.7484
-16.2259
3.85186
2.18019
12.6834
2.63202
11.2518
9.67881
4.21439
3.94696
-4.65401
-4.88887
-3.51287
-13.5939
-2.50971
-12.1017
-15.0052
-14.5507
-24.3528
-22.2901
-30.6199
-25.546
-21.4675
-13.7008
-16.3145
-4.96853
-16.9552
-18.2677
-4.96224
-7.44936
-9.37662
0.120925
-10.246
-3.14332
-6.53514
0.622158
7.64021
15.2331
9.54307
3.88646
11.8316
17.1176
22.427
8.8189
12.3046
14.4183
14.4521
14.1974
22.2273
2.1803
6.92367
10.9681
11.4157
12.1407
15.0769
18.5571
20.391
6.17655
11.0796
9.05951
3.0031
4.05145
18.889
3.78976
24.2847
24.9634
21.0332
28.9868
8.16977
4.22
14.7793
18.0819
16.365
23.0169
22.1574
26.0596
26.7665
17.5931
14.4773
22.1568
25.5255
21.0068
20.0966
18.7982
-0.99631
-6.87044
-11.2843
-4.96003
-3.45366
-9.69991
-4.58626
-6.74096
3.05986
17.3353
21.711
6.40806
5.66604
5.6425
-0.118284
-9.4382
-23.5186
-0.215455
-0.427217
3.4742
-2.88863
-10.0742
-6.90118
-3.25672
-10.3031
-5.41059
-4.00595
-12.4967
-12.8607
-9.06894
-14.725
-8.14135
7.80304
-2.05148
-11.7442
-8.3387
-13.419
-23.6363
-20.2115
-23.9973
-29.8034
-10.5301
-24.2932
-33.9625
-30.5326
-18.9741
-12.8221
-13.4235
-14.7566
-8.55354
-18.5773
-6.00088
3.85217
-16.5961
-8.73734
-2.98157
3.89089
-3.10722
-8.93263
-4.53533
5.94873
-2.79568
-3.95206
-6.26326
17.1322
7.93959
-11.9904
0.816996
9.33127
2.66358
-14.334
-0.895976
-6.1391
0.485378
0.502166
-1.04834
9.68328
-0.150347
-0.486083
5.56242
-11.1209
0.123011
1.43178
4.62084
0.280188
7.08495
-5.33529
2.89254
7.266
7.00806
4.98312
1.22579
-7.69318
-16.8756
-14.9548
2.46705
0.948036
-12.2437
0.539829
-1.2726
12.2447
-9.33847
-9.34782
-7.50099
-11.9643
-9.08509
-3.81619
4.11944
0.731216
-12.5792
5.39359
5.93482
0.92863
1.87501
15.1689
-0.106237
-10.5239
10.9374
7.71294
14.8913
-0.0815539
6.57832
-9.53761
7.15734
5.77942
15.0215
-3.97464
7.43254
-5.90959
2.31738
-0.828506
-0.336513
1.64829
-8.55588
-6.28379
-15.1183
-4.36768
2.91908
14.9809
3.5377
13.9056
17.9088
21.2637
15.8531
30.8126
22.6817
11.7681
-7.30302
-1.85407
-5.64969
-8.38744
-7.87008
-0.401642
-2.27067
3.97451
-6.01294
-9.06781
-18.5443
-0.0744509
2.4129
8.99568
2.51226
13.8306
2.77879
2.33734
0.200978
-5.66698
0.702722
-5.31309
-2.45695
0.545739
-14.4055
-18.8153
-24.9493
-22.7175
-26.1919
-27.1294
-35.5459
-25.8562
-20.0208
-10.515
-6.80319
-14.7213
-19.4112
-4.00962
-12.8382
-0.588227
-3.0157
-11.5806
-9.68517
-0.670146
2.69216
5.32438
14.195
15.1115
8.39688
23.2181
17.1428
26.0709
8.0855
8.13471
11.0343
8.09304
16.2101
19.4098
3.98684
-0.941428
6.85244
8.76157
10.0962
17.1236
19.0601
12.8592
3.83947
8.26332
10.6444
5.39272
4.70195
21.6985
6.41236
23.2545
25.511
23.1767
27.0464
12.5462
3.64031
18.2071
19.2443
17.0107
26.0047
25.3794
25.3172
27.2631
17.8368
16.4371
26.1667
26.2532
20.7323
19.0058
17.456
-0.124077
-6.728
-10.3061
-9.55962
-4.38835
-9.95555
-3.14999
-4.43481
6.30712
15.9012
19.9331
7.29426
4.70403
4.46386
-2.02426
-15.327
-22.373
-2.62517
-1.20976
2.82066
-0.271148
-0.24276
-14.6807
0.729011
-9.81297
-6.11244
-3.09685
-13.0085
-12.4073
-8.66259
-12.7074
-9.57068
7.41163
-1.67666
-15.0405
-10.7676
-13.9383
-21.9596
-20.7739
-26.4794
-23.1562
-17.6628
-26.0054
-36.007
-29.6224
-20.9238
-7.35617
-18.9165
-10.4415
-8.22015
-10.4473
-1.16362
-2.78927
-12.6493
0.0929524
-10.7778
2.37943
1.46578
-12.2331
-2.92544
10.1141
-1.12459
-7.51433
-2.58076
15.6113
5.26441
-12.4238
5.8037
4.82162
-7.23712
-7.45555
6.51378
-11.711
2.45878
6.2967
-3.27135
10.5604
8.71146
-5.69203
9.1665
-2.13037
3.22771
3.31612
1.81447
6.77597
13.0758
-3.88565
3.7979
9.82709
8.87337
0.369464
1.67354
-9.95289
-8.23454
-7.34747
3.82185
1.63569
-2.53187
-10.0298
5.52926
6.16795
-6.68616
-7.30669
-8.96274
-11.5651
-9.97139
1.57233
4.75303
1.0386
-6.32058
3.86422
4.14844
11.8163
2.46147
11.1685
0.181458
-12.3759
11.4759
9.89828
10.7313
2.21723
4.14096
-5.09172
5.25204
5.4289
8.22318
-2.77248
6.44879
2.30336
-2.17067
-1.50429
4.454
0.30521
-1.62315
-10.766
-14.2542
-1.27304
8.32255
10.2281
7.19822
16.3094
14.4476
25.2618
17.0295
21.8893
23.1344
15.9386
-15.8653
2.6568
-2.32712
-6.71278
-9.2409
4.79977
-10.8248
-0.716182
-9.38096
-12.0868
-11.6156
8.56619
5.8858
6.53423
8.05179
10.3068
1.43671
1.13268
-2.64354
-2.74241
1.83829
-14.6127
-4.8873
3.44168
-14.0445
-22.0147
-31.8472
-25.0726
-30.0717
-19.3617
-33.7248
-26.1209
-24.6892
-11.3288
-12.8039
-17.33
-16.8638
-1.90455
-15.8623
3.69551
-1.0808
-2.25791
-12.1261
1.18079
-1.46008
7.02507
11.6028
14.3363
7.47781
28.5112
18.7776
18.361
11.3538
10.8932
11.6134
7.78064
13.6534
8.96226
6.09204
-1.44414
8.166
13.8602
6.32085
20.8708
23.2677
8.28766
8.45832
9.67002
12.9928
9.40676
8.25601
22.601
12.6628
20.9145
23.4374
29.3224
22.1101
15.0933
7.67947
19.8842
19.5633
17.7627
23.6147
26.3355
22.2188
23.9996
21.1584
22.2299
31.4448
28.4116
25.451
17.8251
7.85721
-0.415219
-7.97367
-6.71572
-9.76045
-7.9069
-10.5483
-4.13715
-4.04115
9.65728
16.4478
15.0929
8.15403
4.39363
3.83985
-1.49364
-16.1125
-16.0859
-1.60734
-1.32952
1.39913
1.92616
1.19525
-13.2312
-2.21027
-9.11925
-8.70273
-2.80682
-7.19468
-9.32011
-9.23934
-9.39054
-10.6063
4.13426
-6.83042
-15.807
-6.35217
-18.9886
-20.7906
-17.0551
-26.9706
-17.2767
-13.4231
-28.9932
-29.2466
-13.039
-18.6335
-1.75726
-19.4835
-9.05197
-12.9332
-5.03777
3.73365
-4.42752
-17.6272
2.55704
-8.56018
-0.217932
0.0818197
-10.7738
-0.601541
5.24755
-2.89901
-9.36125
5.2298
13.5675
1.70927
-4.91153
7.13019
1.67732
-23.4553
-5.57769
10.3705
-13.2885
1.59455
-0.735142
-0.109568
-0.361231
9.40531
-4.6513
-1.92474
2.69421
5.56045
7.14117
-0.971301
11.324
15.2427
-2.39396
-4.07719
10.6289
11.4901
6.83742
1.25708
-9.08412
-8.71118
0.145478
-8.692
-4.56565
5.99042
-6.4763
4.0965
4.77445
-5.34824
-3.58535
-15.6779
-16.9915
-10.8122
8.16077
4.62434
-2.88661
1.06734
4.55047
-5.35493
6.69623
8.62519
11.5328
-0.119139
-13.2727
11.708
9.3074
2.46906
5.13514
-3.43262
3.73665
5.76031
11.3842
0.729259
1.24216
-0.953277
6.69297
5.4012
-7.76543
1.81587
-1.58617
6.27839
-10.7757
-12.0917
2.30061
10.9028
7.67634
9.9833
20.0307
12.9991
19.5808
21.9143
11.1729
19.7007
11.2443
-14.4088
-3.61339
1.20115
-8.81275
-7.64657
6.82845
-5.64642
-3.46787
-11.1245
-15.1887
-7.42079
8.26382
14.5286
4.60598
4.45337
14.5948
5.35735
3.57263
-8.029
-6.00178
1.81059
-15.6935
-5.28625
-5.84163
-12.7467
-23.1437
-31.3969
-25.4244
-29.0413
-20.9755
-25.3193
-21.9319
-22.1921
-13.3066
-19.2709
-18.917
-7.43698
0.166506
-16.6689
4.1755
-3.5505
2.60361
-10.8375
-0.760287
0.95708
8.62745
4.95893
8.59027
7.73914
21.9346
21.6508
14.291
15.6094
10.8798
14.7559
6.99817
19.7744
3.96523
9.99695
5.85244
9.45087
13.8134
11.4692
26.0303
24.7408
10.4187
13.145
7.46582
11.5992
5.01618
15.0263
14.3751
20.9632
23.807
21.0784
27.3814
8.55244
9.92947
11.5328
17.8542
16.5859
19.5365
22.5769
25.182
24.0441
19.5449
17.1598
22.8496
28.6844
22.1099
22.0624
17.1537
-1.27401
-1.52272
-11.982
-4.42154
-8.60466
-11.2584
-7.82929
-3.24446
-1.47665
16.2061
18.3085
6.39486
4.77274
3.79816
1.05052
-5.82367
-14.4957
-3.26833
0.190328
3.04002
-3.55571
1.29443
-3.72189
-7.97728
-10.4116
-6.49847
-1.88941
-8.63878
-14.267
-8.83072
-13.3438
-5.2957
-1.78257
-0.796035
-13.7166
-20.3096
