-9.65127
-1.82174
-10.6326
-20.0115
-21.5993
-21.4171
-13.9702
-27.2458
-26.8061
-29.9474
-45.4144
-42.14
-35.0168
-18.7256
-20.7442
-16.707
-28.0275
-21.6737
-7.51567
-16.8663
-8.44626
-16.8371
-18.0851
-30.0042
-37.3392
-50.181
-52.9065
-63.0256
-48.6394
-65.4112
-47.6724
-55.1527
-25.9185
-30.5227
-9.21773
-18.8927
-22.5243
-24.1844
-27.1719
-32.5242
-44.5677
-27.544
-31.179
-36.2209
-26.9088
-26.3333
-31.6116
-25.7972
-26.2588
-24.3495
-26.4833
-26.9116
-25.7469
-27.0127
-29.4621
-20.7478
-25.6356
-21.6614
-17.7267
-22.5154
-23.9783
-27.4409
-22.6805
-15.5284
-20.8001
-26.2238
-23.7136
-25.1949
-22.0432
-21.7796
-19.6507
-9.46711
-17.4931
-25.8315
-15.4057
-19.9066
-27.2654
-32.5537
-36.8337
-32.6311
-18.553
-21.0682
-30.3304
6.1038
-0.156235
7.72904
-4.59033
-10.8287
-9.7889
-14.5163
-6.53067
-1.54549
-23.1561
-20.7123
-5.31173
-16.6736
-11.0745
-11.1243
-16.3531
-24.5597
-20.9867
-15.075
-20.2909
-13.5838
-14.4624
-16.3562
-18.595
-18.2198
-20.3072
-20.6674
-25.5409
-18.7781
-19.9889
-32.2621
-25.8362
-20.4421
-22.3022
-28.1187
-24.382
-19.9079
-27.4547
-17.9442
-22.3443
-20.6985
-13.8656
-16.9003
-18.2457
-9.21111
-15.982
-17.122
-15.0367
-7.18272
-3.80969
-3.95326
16.0504
-1.99713
-21.5784
-12.885
-25.076
-22.9758
-16.2389
-21.1948
-12.3871
-9.31827
-25.9542
-20.9656
-21.5249
-33.5685
-32.9835
-22.3807
-21.8456
-21.4456
-17.087
-19.9347
-33.3666
-23.8209
-40.6515
-35.7169
-42.4416
-37.7134
-36.187
-33.3232
-42.6506
-32.558
-37.8356
-33.5286
-25.6924
-28.456
-35.1774
-27.2535
-36.0219
-29.5466
-32.9901
-31.1098
-31.2791
-35.2128
-37.6468
-26.3202
-39.0505
-38.2562
-32.713
-40.7918
-26.4721
-39.223
-33.3816
-29.0138
-20.1705
-25.7501
-32.7653
-27.1751
-33.1431
-27.0868
-28.4476
-37.6481
-39.4574
-35.5314
-23.7657
-33.7598
-30.572
-28.8836
-29.0034
-31.9698
-22.8332
-38.6002
-43.4143
-37.9717
-37.4297
-38.5817
-46.4055
-43.356
-43.4703
-44.4221
-37.5198
-44.7748
-28.9662
-31.7756
-39.6867
-34.8205
-28.5913
-29.0969
-34.0772
-40.334
-31.7303
-40.2976
-23.4847
-33.4205
-28.79
-26.3789
-36.576
-24.1069
-24.8954
-28.3471
-19.0534
-23.1924
-25.2835
-34.5607
-23.4237
-32.7903
-31.47
-30.287
-26.0674
-33.4452
-40.5924
-29.8397
-34.3154
-31.4221
-32.7869
-36.1118
-36.8134
-32.3227
-33.7365
-35.5452
-40.6517
-37.505
-39.7218
-33.3284
-38.6889
-35.841
-37.41
-27.7821
-26.8709
-23.4265
-28.07
-31.0671
-20.1122
-20.8961
-28.4997
11.9737
2.55481
-23.9921
-31.8861
-34.3883
-31.5263
-29.65
-37.921
-36.5027
-28.9605
-33.0466
-33.3781
-29.6665
-29.6162
-31.1423
-29.5677
-25.6409
-25.6501
-28.6672
-23.3587
-22.427
-27.2496
-22.8232
-26.9898
-25.6683
-26.713
-24.2821
-26.4774
-32.4395
-29.7541
-30.1263
-25.2362
-24.9907
-26.0054
-26.8464
-22.3516
-28.0641
-26.3062
-29.1448
-33.81
-29.8579
-26.6294
-24.7414
-21.0144
-23.8123
-25.5918
-20.5975
-21.2973
-20.9715
-19.1723
-24.6186
-23.2655
-30.3741
-28.7363
-24.2763
-22.7602
-28.7776
-35.3243
-28.2478
-23.3237
-23.3565
-24.2871
-30.7877
-25.3444
-24.4953
-30.1146
-33.2513
-30.9858
-23.0021
-20.4434
-17.7474
-17.9882
-18.1432
-24.8406
-13.16
-11.8288
-8.68232
-17.0625
-16.0916
-25.0432
-4.20611
-13.3556
-0.247734
5.30689
-8.55928
-0.00843653
0.779182
-3.06849
-6.29183
-11.9696
-25.1803
-19.4773
-31.2218
-4.0573
2.33947
-1.25146
5.66802
7.97133
0.126359
-0.0658393
-4.42758
-9.01058
-20.8997
-22.7115
-10.9599
-16.2229
-22.6366
-14.6278
2.68213
-8.54596
2.60698
5.55245
4.9001
-12.9116
0.874025
-8.36828
-13.7819
-22.4689
-24.5271
-9.27853
-7.35315
-2.10881
-4.82146
-14.2934
-13.6114
-23.7655
-19.47
-17.695
-12.0079
-11.7175
-18.331
-13.3304
-21.3595
-18.4401
-23.8543
-18.8215
-17.7493
-17.6185
-12.515
-19.023
-16.0825
-22.4888
-16.0922
-13.8449
-12.6038
-16.6065
-18.9702
-23.293
-19.3571
-25.9961
-18.5229
-26.8893
-8.76184
-30.8831
-14.8986
-21.18
-12.2241
-17.4394
-13.0538
-11.7186
-3.46513
-1.83775
7.42168
2.34713
-3.01537
-8.72486
-1.27356
-3.42175
-12.4379
-14.6485
-13.6733
-17.1167
-25.9522
-31.8895
-10.5297
-25.9636
-20.8281
-24.4774
-27.0582
-33.5841
-38.7
-21.3496
-24.8843
-25.4476
-24.9408
-16.3586
-22.4878
-17.6274
-25.2056
-23.2015
-15.6905
-12.2289
-13.4762
-14.5523
-17.1545
-18.2027
-13.6925
-14.2892
-23.3513
-17.4416
-22.5028
-24.8836
-24.3375
-21.1424
-20.3012
-21.1123
-31.6236
-22.937
-26.2424
-14.0091
-10.9021
1.94922
12.9579
8.36143
-0.855631
1.00914
-13.6899
-26.6652
-43.8977
-26.7079
-16.6378
