1.15984
12.1737
9.51822
7.24288
6.28501
1.65727
-0.992
2.13714
-3.1526
0.756056
-2.69829
-19.5069
-16.4926
-25.0744
-16.4429
-17.526
-0.525499
-13.5188
-0.995201
-0.710442
13.8667
8.26934
7.99993
13.7218
5.01508
-5.38957
1.48138
-17.4788
-21.7294
-10.928
-25.8069
-29.7838
-20.9308
-15.3953
-18.532
-8.50312
1.12574
-0.119227
1.78903
11.0737
9.80944
16.633
14.5007
17.5282
18.7155
9.46241
-14.6015
-16.6992
-10.6375
-27.0321
-26.4152
-26.8774
-18.5517
-28.3202
-22.3127
-12.9573
-5.24457
9.51206
11.9017
4.04216
11.2918
1.21465
12.5464
6.31529
7.09295
8.4297
10.7666
9.18609
7.92052
14.5898
9.38758
7.21155
8.44758
6.87291
11.6893
-3.09125
2.32593
9.85885
10.3776
9.30263
7.59814
14.0724
10.2317
11.0687
8.37311
10.6997
9.18744
11.1479
8.18216
20.0641
18.2542
10.1997
13.0274
16.5962
12.9438
7.89391
10.1319
12.867
5.78366
9.38772
8.14584
10.6045
10.1534
11.0769
11.9916
9.25915
12.7116
17.4024
17.079
12.938
17.7663
13.2327
11.1886
19.2687
12.459
11.1518
7.31026
-3.04311
-9.05762
-9.27163
-13.7892
-19.5771
-16.8246
-21.4093
-20.8896
-29.9992
-21.6447
-20.3449
-19.7925
-21.0916
-22.4457
-23.6634
-19.4724
-17.543
-24.8501
-24.8083
-24.6366
-30.1009
-26.7729
-21.1277
-21.3906
-28.5059
-16.4769
-31.8716
-7.9244
-0.792679
-9.42839
-1.92489
-2.8338
-2.7311
0.210036
4.64737
-7.23382
-10.6207
-3.02123
1.41306
13.1956
-3.30923
5.01922
-0.395625
6.28222
-1.25852
-2.80521
0.684426
9.96392
0.671163
3.03343
11.6454
-3.6357
2.0647
1.40027
-5.04313
-2.98035
0.743306
-3.09823
2.99724
1.62148
-0.938712
-2.17526
3.97374
12.5803
14.2151
6.26277
9.70037
2.9053
0.152595
-1.60994
-0.386679
7.07886
-0.0901405
6.45405
-2.63435
0.232588
-6.4786
-2.02729
0.481484
-0.442735
-7.72239
0.356561
7.65314
-0.902259
8.59356
2.65644
0.949895
6.69287
0.292293
8.84221
7.33664
0.413307
-1.54994
7.73975
-6.32767
1.2564
-1.48919
8.919
3.37182
-4.03312
7.38194
15.7113
-16.9744
-8.97728
-3.92976
4.50821
9.726
5.98522
7.10179
-0.555229
3.0652
-4.88354
6.79245
-8.17866
7.80599
-0.280508
-4.23306
11.985
8.99373
8.44728
4.6178
7.56714
-4.29531
2.81336
11.3724
9.01797
9.89756
6.9792
2.04642
-3.10175
-2.6222
-0.371299
-1.47148
-2.42818
-12.4372
-28.0115
-21.6517
-20.5553
-8.37528
-6.91393
-14.5764
1.05926
-2.27079
10.2585
12.268
7.61617
11.293
2.2386
-2.69884
1.6892
-14.9754
-23.2838
-12.0897
-29.9024
-28.9785
-22.0451
-13.9675
-18.2434
-1.29527
0.537548
-0.997724
-0.0883328
9.0946
13.3525
19.7127
13.0347
18.2199
10.2953
1.35445
-15.3426
-10.9245
-14.3576
-26.8823
-26.9276
-24.0219
-17.8087
-29.7289
-22.465
-5.23214
5.78287
8.58811
12.5006
7.00761
8.96641
5.84341
10.0831
17.35
6.524
11.8675
9.17185
10.8376
13.9802
7.12288
8.3021
10.4043
10.2482
11.6051
9.11557
4.84362
-1.2877
11.8706
10.9048
9.26336
15.8898
9.46387
12.8492
17.6962
1.74714
14.8247
10.2153
14.9308
9.64946
20.7341
14.5994
9.31614
13.8514
16.929
14.9786
4.67107
11.3501
13.229
8.73331
10.5455
11.3699
11.724
11.136
11.6146
11.1939
15.3872
11.5272
22.686
15.6379
15.8154
18.8857
12.6724
16.756
18.0217
6.03602
8.89197
5.0629
-5.08013
-7.24296
-8.99669
-6.56407
-12.4264
-17.1111
-21.7537
-23.5548
-23.1116
-28.2227
-22.7918
-17.6705
-15.8297
-16.4162
-20.5972
-14.2284
-20.0412
-26.8367
-24.6926
-26.4891
-28.33
-25.0627
-21.2068
-24.3696
-19.3981
-22.2875
-25.8954
-5.10096
-6.69327
-13.0284
0.550484
-3.28407
-9.36126
8.43157
-6.23239
-5.964
-8.75763
3.85417
1.25839
11.8947
-2.02275
10.6171
8.68735
0.103178
-4.35721
-4.71944
1.8367
2.99375
3.8692
-4.08142
14.2156
-2.39748
3.03759
-14.0176
-7.74125
-3.75989
5.30401
1.93674
-4.76636
0.491199
-0.223505
2.54962
-4.5507
15.0237
16.7763
3.49355
8.83139
-2.27125
-3.65798
-4.17423
-4.95781
10.752
-1.26169
6.69543
-1.46681
5.34678
-13.3014
-6.88906
1.72893
-2.0012
-11.1276
10.2577
3.97194
3.53541
1.64695
3.59815
-0.338941
2.63083
4.25656
14.5489
5.87608
-3.89856
2.0326
1.04778
-4.15395
3.88321
-1.64324
3.15947
1.91018
7.31634
1.68626
8.51245
-11.3153
-8.9437
-4.52607
-0.767621
13.446
6.40995
7.75832
-3.07777
-3.9574
2.81899
-1.43569
-2.30535
4.70137
1.8142
1.47434
2.95388
10.0233
6.26576
12.943
5.73316
-1.38647
9.16904
8.29353
6.11354
10.6573
9.21465
2.67108
-4.74148
-6.20448
-2.33484
-7.24087
-9.55841
-10.1513
-30.0309
-17.9175
-22.7876
-3.15016
-8.53035
-12.7526
2.70529
10.0885
7.93295
15.2008
7.27581
11.7266
-3.13277
-2.23153
-1.8494
-15.5169
-21.2453
-14.2751
-29.0983
-27.88
-20.5177
-13.7763
-15.0335
-2.42754
6.50106
7.57039
0.437324
7.14214
13.6062
19.696
16.5983
11.862
9.48179
-7.10174
-12.0188
-8.17013
-17.2047
-26.5821
-26.5121
-30.6634
-17.7445
-28.2194
-22.0592
-1.86629
7.97117
9.66378
8.43879
8.07725
4.59661
13.6851
8.77224
14.5884
4.78532
12.994
12.3196
9.37335
22.3309
12.8076
11.7683
12.4667
12.1516
16.7205
9.23802
15.4208
4.38363
11.9294
11.3969
9.3637
18.4156
12.6377
12.0455
22.6984
5.21517
18.354
11.7514
17.9718
13.9137
22.4556
14.1081
10.9072
14.9371
16.3674
17.8504
7.35291
15.122
14.4432
10.5455
12.9108
17.3903
13.3923
12.8766
13.4649
13.3479
19.7748
15.0701
23.6686
15.843
18.1448
17.4665
12.9909
24.0393
22.4012
8.28908
9.4682
6.22568
-5.70597
-8.26575
-16.0754
-10.168
-8.74325
-18.2246
-18.479
-23.7035
-20.3138
-15.1257
-20.0294
-14.2859
-15.7804
-17.33
-21.7523
-14.5045
-23.4223
-30.4367
-25.8774
-28.5196
-29.1094
-26.6591
-24.6488
-26.1114
-19.4141
-23.8586
-13.3371
-4.21815
-12.8362
-12.0308
-2.98483
-6.35856
-10.9101
11.6038
-14.9445
-3.43297
-6.9353
12.7416
5.29957
3.08609
2.11007
4.04153
13.4476
2.84787
5.77042
-6.67731
4.58359
0.279969
12.1088
-0.653498
4.72885
2.05606
4.98257
-14.7234
-7.6928
-2.46274
5.77638
8.12682
-2.19078
5.93213
-3.34505
5.59807
-1.12249
20.8177
15.6177
2.61714
4.92456
-2.61715
-10.9283
-1.74608
0.806043
8.16876
0.159573
4.87538
0.240675
0.753541
-11.2235
-5.63043
4.14615
-2.40925
-9.87987
7.53787
-0.406
8.89018
3.28734
-2.17575
4.41281
-3.13859
6.69396
25.5595
9.6586
-5.51214
8.46307
-2.07925
5.25144
5.50797
7.2853
-1.19718
-5.44094
19.2043
-3.34509
0.565477
-5.02557
-11.2445
2.04186
-1.42052
15.1273
3.73009
12.2647
-5.13656
-9.0359
7.38077
-6.18534
6.83021
-4.20833
2.72098
6.1093
3.2112
0.904465
-4.19197
12.4264
3.1835
-0.622952
15.6631
4.39229
3.52527
5.77163
2.26996
2.1345
-1.03124
-4.38743
1.01101
-8.34656
-15.5004
-13.3266
-27.1012
-12.6465
-20.3482
-1.60061
-12.3083
-10.9896
-1.32533
13.4513
4.57584
6.59333
10.9786
5.41192
-7.51096
-0.201198
-9.57291
-21.4084
-16.3779
-18.3367
-28.1723
-28.2745
-16.9593
-18.2363
-12.2801
-1.12521
7.82778
6.81572
6.05444
8.8228
18.8574
15.5099
23.0765
14.3535
11.0707
-9.32797
-14.1151
-11.6155
-23.1003
-20.2797
-27.7054
-23.9542
-25.0752
-26.5161
-19.9503
-3.26315
13.9032
11.2555
10.7457
8.63491
2.52389
11.9319
7.2165
11.6967
8.40103
10.4664
12.4757
5.84948
23.1136
13.045
8.85746
9.44618
11.1032
19.9311
2.37521
17.8442
12.1924
14.1807
13.836
5.37696
18.4955
10.1623
11.678
18.5649
8.71645
15.6387
9.86053
11.5921
19.6677
18.3011
12.356
14.8568
16.667
18.5942
15.9999
11.0811
12.6344
8.90028
8.44758
10.1603
15.9442
10.7533
11.8268
12.6928
10.3052
19.8534
20.4448
22.9067
19.1707
17.0129
17.2805
13.5187
25.8801
21.6162
13.5154
9.28431
3.5909
-5.27065
-7.20245
-17.3842
-13.8382
-10.8151
-20.3118
-18.9455
-26.0066
-21.7212
-16.1192
-19.603
-16.8424
-17.8398
-24.334
-21.4628
-14.5603
-23.183
-29.6873
-27.4455
-30.2059
-27.0697
-26.0466
-25.1912
-27.1807
-17.0011
-22.7221
-10.2983
-7.83837
-10.7515
-6.43125
-3.52124
-1.77259
-10.7923
6.89128
-16.6874
-7.05175
-5.24043
1.46837
9.98395
-2.94061
-2.02768
0.25458
12.4333
7.27057
4.30419
-5.08978
10.9861
2.51004
8.19645
6.99045
-4.03775
0.777285
4.20486
-12.1709
-8.49793
-0.555499
1.47161
8.01985
-0.611677
0.286048
-8.02156
7.35285
2.51907
21.8203
7.63392
9.44499
3.24717
-2.21822
-4.50161
2.12559
2.31828
7.03465
-0.733717
2.87727
2.16111
1.38086
-1.94468
-1.8722
-2.06095
-4.20215
-11.5586
6.82119
-2.57819
7.63067
2.91648
-6.85775
5.9555
-0.465801
7.41693
12.0914
6.2213
0.103695
12.6351
-4.70034
4.04277
2.89637
16.2967
1.28513
-8.43184
19.2716
9.55588
-12.9066
-6.06663
-12.169
8.29823
1.53406
8.87057
2.90825
4.2108
2.61307
-11.528
7.46895
-11.635
9.82664
-5.29819
-6.56813
11.4141
5.81993
3.98231
-3.55785
7.21
-1.44978
0.809338
12.1737
9.51822
7.24288
6.28501
1.65727
-0.992
2.13714
-3.1526
0.756056
-2.69829
-19.5069
-16.4926
-25.0744
-16.4429
-17.526
-0.525499
-13.5188
-0.995201
-0.710442
13.8667
8.26934
7.99993
13.7218
5.01508
-5.38957
1.48138
-17.4788
-21.7294
-10.928
-25.8069
-29.7838
-20.9308
-15.3953
-18.532
-8.50312
1.12574
-0.119227
1.78903
11.0737
9.80944
16.633
14.5007
17.5282
18.7155
9.46241
-14.6015
-16.6992
-10.6375
-27.0321
-26.4152
-26.8774
-18.5517
-28.3202
-22.3127
-12.9573
-5.24457
9.51206
11.9017
4.04216
11.2918
1.21465
12.5464
6.31529
7.09295
8.4297
10.7666
9.18609
7.92052
14.5898
9.38758
7.21155
8.44758
6.87291
11.6893
-3.09125
2.32593
9.85885
10.3776
9.30263
7.59814
14.0724
10.2317
11.0687
8.37311
10.6997
9.18744
11.1479
8.18216
20.0641
18.2542
10.1997
13.0274
16.5962
12.9438
7.89391
10.1319
12.867
5.78366
9.38772
8.14584
10.6045
10.1534
11.0769
11.9916
9.25915
12.7116
17.4024
17.079
12.938
17.7663
13.2327
11.1886
19.2687
12.459
11.1518
7.31026
-3.04311
-9.05762
-9.27163
-13.7892
-19.5771
-16.8246
-21.4093
-20.8896
-29.9992
-21.6447
-20.3449
-19.7925
-21.0916
-22.4457
-23.6634
-19.4724
-17.543
-24.8501
-24.8083
-24.6366
-30.1009
-26.7729
-21.1277
-16.1108
