31.2491
23.2789
23.7955
22.2645
20.6881
25.8236
15.6394
6.09673
27.0371
4.35954
12.584
16.2478
25.5845
24.8062
20.5256
24.9356
15.5638
17.9827
44.5746
54.8012
24.5477
34.7051
38.024
40.5721
43.8432
54.7313
53.8901
38.501
36.0223
36.6539
36.6509
28.4363
19.7486
19.0356
19.977
4.59236
3.38434
-17.2637
-16.2744
-32.4936
-32.8666
-30.2468
-26.1095
-18.3527
-24.3023
-29.1014
-26.3459
-33.0618
-32.3598
-29.6801
-34.6024
-22.6652
-13.2773
-15.7471
-13.2743
-18.7526
-13.6248
-10.2555
-13.5623
-13.1943
-9.15805
-9.7875
-22.6752
-15.8651
-13.7407
-12.1013
-8.48776
-10.9458
-10.6007
-2.69061
2.20538
-3.04248
4.78177
3.38079
-1.79584
-2.284
-9.7058
-12.5988
-8.36793
4.54972
2.79699
7.42652
14.9532
26.6705
23.8162
28.3966
24.0581
28.642
28.6842
22.6537
24.5545
25.1195
25.0423
34.8987
37.4728
18.3794
12.2549
-3.23824
-2.91031
-0.565015
-6.35998
-4.7679
-5.94624
0.0636866
-1.13683
-5.53595
-5.21288
2.21481
2.00322
-0.0237978
-4.83936
-5.23749
-7.87851
0.591439
-5.73536
-5.11213
-4.57864
-0.719537
-0.485955
2.40233
1.91432
-5.09379
-5.3395
-4.07857
-1.34522
1.61256
-3.52007
1.50073
-8.50475
10.5686
28.482
10.6438
29.8093
23.0789
31.0571
15.561
26.4506
16.392
15.9065
26.6757
9.58344
17.8099
15.4235
15.8821
10.7794
22.2802
27.0268
16.7701
32.0138
40.2481
34.1622
33.1281
26.1814
10.9464
6.27821
12.2799
13.1818
0.519264
-1.33738
-1.67205
-3.46461
1.50736
-3.54314
-6.12084
-7.78209
-8.23359
-2.76489
3.9014
5.58798
2.37197
4.5688
4.48525
-8.52789
7.93923
5.48878
-12.9677
-1.20478
-0.248826
-1.93868
-1.28773
-10.6711
-9.201
0.916184
-4.17054
-2.81619
-3.57527
-2.93595
4.56145
5.36168
3.62125
5.10679
4.87113
7.72023
12.3107
9.10458
1.48579
4.49405
4.65428
-5.52174
-5.61581
4.21438
-1.96967
-4.13471
-5.58724
-5.73279
-9.76139
-2.28477
-5.28659
-6.89326
-1.097
-2.33777
0.25082
1.13921
3.27937
2.63146
10.0434
7.37113
7.72602
1.8418
2.88495
1.92249
3.6466
5.69987
9.65144
3.33107
3.7044
2.45028
6.27734
4.92692
5.72582
4.69757
1.10979
10.0714
22.0129
22.8327
0.183524
-10.2537
-9.92477
-15.9533
-7.66337
-8.99269
-6.71786
-10.8725
-7.02757
-8.7315
-10.2148
-3.12852
-2.49446
1.62568
0.063634
0.950459
-0.710914
-1.01266
0.752774
1.96887
-0.0531944
-6.62142
-8.04457
-8.69816
-2.78454
-0.401487
-0.702737
-8.32711
19.643
18.1685
31.9845
22.9388
27.079
15.1631
22.1486
29.6533
17.197
4.76834
-6.41496
-1.7764
-13.7489
-11.306
-9.72366
-8.43736
-7.68026
-9.7175
-4.70462
-6.57987
-13.9359
-3.25966
-5.20316
-11.3218
-5.83192
-13.9071
-10.3534
-8.64782
-12.3495
-4.11882
-9.07201
-14.4771
-10.0598
-5.55622
-8.46949
-16.717
-14.8319
-11.2012
-12.1138
-12.6422
-7.95696
-13.8858
-8.65588
-4.77399
-15.6446
-7.08435
-7.09525
-8.11656
-6.59383
-6.34024
-11.2378
-6.09415
0.780927
-9.03468
-9.70478
-11.2248
-9.09318
-14.4398
-0.388598
-11.772
-10.9335
-10.2657
-5.56952
-6.2623
-4.72685
-10.552
-11.5053
-3.20993
-5.33874
5.93937
-2.80625
-3.23515
1.42563
2.93876
3.42859
2.03581
3.24551
3.90439
2.1078
-4.37163
-12.0071
-12.7096
-11.165
5.40512
26.1057
29.0464
31.3118
42.2449
40.4062
35.1999
39.8012
44.0591
41.9874
46.4864
30.1996
28.0104
30.8726
23.8361
28.2925
17.4719
21.3002
35.9513
53.4413
51.7906
51.1225
46.9967
42.9526
44.748
59.4151
43.4912
43.1589
43.2158
36.0461
31.5196
18.6682
14.5081
28.0679
25.0813
22.9692
21.9582
34.3802
25.9754
25.0934
25.7452
16.9782
23.3761
23.8425
12.0951
11.8638
13.9524
18.0643
21.8473
22.0557
30.0651
19.5593
28.7288
24.1812
27.5758
21.2403
27.3799
26.6864
31.8685
25.5514
19.6541
16.9689
18.7541
16.9365
13.8947
18.982
13.6799
13.9662
12.67
13.9918
29.3389
23.9467
19.8682
42.5382
19.0534
28.7672
29.9904
25.2003
20.0012
18.3989
26.3422
11.1033
23.4043
24.0372
35.8228
29.7457
33.159
28.9711
21.6163
35.9353
29.246
29.4371
26.802
17.0557
25.7777
15.5378
22.9444
20.3059
20.4509
26.7204
26.4234
35.1251
24.2401
27.6869
-4.02006
-6.72181
-4.01869
-4.2122
-0.412992
5.01898
1.1305
-5.08351
-0.408355
2.62045
1.4876
8.62439
2.52346
1.99084
0.443212
9.645
7.76521
6.61253
8.98751
4.94304
6.29943
5.65904
5.3943
1.20018
1.8844
-1.54339
5.2461
4.56002
10.095
11.2558
7.5955
15.3309
22.6986
4.87953
6.96088
22.8227
25.9245
24.5931
