-44.3628
-33.4967
-40.7395
-41.2154
-43.2844
-42.1165
-43.5258
-45.7184
-44.1926
-29.4697
-37.9823
-35.305
-33.6667
-36.1916
-31.3599
-28.0336
-36.1129
-35.412
-31.2764
-38.057
-25.854
-33.8974
-39.8256
-24.618
-33.2479
-51.116
-48.5274
-53.0178
-48.8369
-51.0994
-40.7994
-31.9592
-32.0686
-35.5568
-30.801
-40.3715
-51.7925
-46.5077
-44.0712
-35.8075
-37.3566
-33.9363
-38.9281
-34.378
-43.1593
-34.1931
-28.4667
-31.9436
-58.5916
-48.2258
-42.6445
-49.5745
-46.2681
-55.244
-56.8406
-56.1616
-58.7932
-50.2688
-47.3992
-47.6188
-45.2648
-49.3717
-47.015
-50.5857
-43.5185
-42.0861
-42.2872
-38.4156
-45.0119
-44.8165
-39.4074
-30.4747
-33.0639
-39.7971
-36.0051
-39.3393
-34.262
-28.9399
-31.5726
-33.8638
-40.0692
-42.1988
-44.3376
-39.4652
-45.5629
-42.826
-43.1739
-42.7044
-43.7015
-45.0051
-40.4258
-43.6074
-41.2358
-39.0766
-37.6337
-34.8354
-37.1972
-32.3415
-39.5557
-33.7895
-40.0096
-38.6327
-42.1523
-35.8422
-28.0433
-33.6933
-35.2796
-34.8051
-38.3735
-35.5629
-28.9817
-35.2808
-32.3087
-42.5874
-42.9615
-43.9411
-51.7589
-43.5823
-41.9968
-39.162
-41.2384
-43.3469
-42.1184
-42.1307
-45.1459
-41.9946
-40.2042
-42.6315
-43.2245
-49.2105
-43.5011
-47.1825
-45.782
-42.1158
-40.1085
-35.2917
-43.1973
-48.3587
-48.2087
-53.1052
-48.8771
-38.0554
-42.4014
-38.9351
-43.8546
-35.4496
-39.8892
-37.7188
-39.8128
-40.8697
-42.5619
-41.0367
-43.2028
-32.8794
-36.0578
-46.1385
-36.1427
-41.8659
-39.1079
-49.5645
-46.1982
-44.3474
-45.0167
-34.7406
-39.3
-41.8014
-44.5825
-36.8164
-47.6785
-41.4225
-32.598
-39.2565
-47.8147
-33.5475
-21.8346
-32.1835
-47.0745
-51.1253
-30.5044
-38.9615
-17.31
-30.2098
-27.7492
-29.8581
-33.0937
-28.3052
-36.9554
-36.5605
-48.2939
-39.9077
-38.6012
-37.5109
-46.4691
-38.3697
-46.7576
-42.7776
-41.4456
-52.4414
-27.5749
-33.2349
-48.5668
-47.557
-39.0992
-42.7522
-31.9189
-47.6227
-35.0342
-38.148
-38.1929
-40.118
-38.9088
-32.0501
-31.7147
-38.6779
-48.6848
-46.6382
-48.4697
-31.1661
-42.7881
-37.2981
-32.0191
-43.3413
-39.8968
-49.0131
-35.0714
-41.8624
-47.5718
-36.0323
-40.2084
-36.9491
-37.1245
-50.7258
-46.2792
-37.1487
-45.1072
-35.4809
-36.9545
-34.3862
-42.7508
-42.4884
-41.3697
-30.5686
-40.2382
-41.6581
-45.9621
-43.7511
-43.0511
-40.5894
-44.2172
-28.3224
-38.9176
-37.7351
-25.71
-33.7794
-26.0877
-29.5571
-40.7592
-33.5437
-33.37
-46.809
-27.9145
-32.2067
-38.4892
-21.4646
-37.3661
-45.2247
-48.868
-48.5903
-47.4749
-48.5471
-40.2352
-37.4555
-36.07
-34.2788
-30.433
-33.5046
-53.9454
-44.933
-39.0561
-34.3006
-43.7954
-36.0027
-37.9268
-32.2815
-44.2053
-32.4574
-35.4819
-33.8537
-51.1508
-43.1484
-49.4285
-54.7565
-45.0109
-52.1715
-57.8673
-53.2075
-61.4193
-49.085
-50.3894
-47.0859
-44.7475
-45.1003
-45.0426
-50.9008
-42.4299
-44.6365
-43.8068
-37.3839
-50.1271
-48.533
-37.2985
-31.5379
-37.1455
-38.2814
-36.7449
-41.2743
-38.682
-34.8044
-32.7673
-39.3883
-40.3571
-44.2545
-45.8979
-42.4692
-47.449
-42.0379
-44.4312
-44.26
-42.0751
-45.4175
-37.8065
-43.9336
-41.959
-39.0755
-36.8798
-35.0138
-36.5356
-32.4175
-37.8258
-34.2875
-44.2124
-40.454
-44.6902
-33.8254
-30.1687
-37.639
-39.8854
-49.1102
-40.8067
-37.2053
-36.6844
-39.4992
-44.055
-46.0693
-39.885
-42.9941
-51.3647
-47.5562
-47.0373
-51.6197
-50.7124
-49.4025
-48.7336
-48.5813
-45.2733
-45.1495
-51.2915
-47.347
-44.8954
-49.4736
-47.9011
-48.8874
-47.7845
-43.997
-41.5911
-32.3837
-42.4104
-46.2958
-48.6564
-48.924
-43.9484
-43.6875
-44.0887
-42.5239
-34.1193
-35.7219
-39.8106
-32.3569
-36.1006
-41.4261
-41.8299
-35.7671
-40.5802
-27.8827
-41.9481
-44.4756
-39.4468
-41.8521
-40.7548
-44.6982
-45.341
-42.7103
-43.0167
-31.4011
-39.3494
-41.7143
-46.2453
-33.9525
-48.0524
-33.5806
-32.42
-44.978
-42.0014
-32.6765
-26.3352
-36.8501
-46.8399
-52.2244
-39.2267
-49.2214
-16.6854
-39.2052
-22.9593
-30.7705
-37.3279
-26.5563
-38.5062
-45.0231
-46.4438
-37.5027
-35.791
-41.1377
-40.828
-40.6125
-39.8392
-42.4185
-44.6806
-42.9292
-24.4523
-35.525
-52.8012
-39.4451
-36.094
-45.7379
-31.1087
-47.6376
-35.778
-39.6883
-34.2753
-44.1334
-38.6293
-35.269
-36.3813
-36.9534
-46.5384
-44.0703
-45.0901
-40.6642
-41.5093
-41.2486
-24.6716
-44.0753
-39.4461
-46.6832
-35.1425
-40.6597
-44.4394
-36.3849
-40.4182
-37.4157
-42.789
-45.1463
-44.2531
-41.3977
-40.3076
-31.8219
-36.2231
-35.871
-41.9745
-46.4012
-36.5375
-38.0953
-37.6204
-42.1274
-45.2961
-45.3339
-46.2744
-41.8919
-37.6831
-32.6613
-40.4752
-36.905
-37.2179
-24.9478
-26.7366
-33.6233
-38.8123
-28.569
-31.553
-34.5281
-31.145
-35.6341
-47.7762
-22.0317
-46.6389
-43.2134
-52.1337
-46.8882
-47.4668
-45.1562
-34.3993
-40.1827
-36.6864
-37.734
-38.1808
-35.1834
-51.5767
-48.6219
-39.2135
-34.4685
-45.0074
-38.8945
-41.6605
-35.1041
-41.696
-26.8728
-38.6082
-40.3991
-48.0195
-40.3823
-51.5139
-58.2938
-50.5932
-49.8471
-56.2074
-52.0407
-54.8911
-45.6458
