-496.03
-316.647
-198.715
-171.218
-192.254
-179.629
-185.507
-236.144
-362.321
-285.385
-265.076
-283.975
-273.841
-191.53
-260.14
-261.968
-278.863
-286.621
-279.907
-256.971
-184.268
-286.224
-306.584
-254.33
-219.002
-303.021
-316.485
-314.342
-312.71
-315.432
-316.319
-312.507
-242.979
-183.647
-301.178
-324.095
-341.7
-331.729
-257.867
-139.464
-197.234
-190.662
-195.814
-226.185
-236.794
-250.572
-235.513
-249.462
-225.441
-234.969
-237.26
-238.689
-244.307
-235.576
-256.506
-236.295
-239.653
-256.392
-246.74
-245.611
-229.243
-244.993
-254.415
-247.547
-257.14
-246.692
-265.1
-266.182
-263.097
-238.108
-234.175
-244.702
-236.153
-254.953
-235.655
-239.498
-219.191
-228.183
-214.229
-221.488
-242.329
-246.539
-253.379
-231.141
-232.031
-251.188
-237.604
-229.506
-251.189
-252.394
-254.534
-262.917
-266.031
-255.821
-249.172
-246.688
-261.418
-260.237
-241.548
-231.029
-241.012
-248.874
-233.62
-235.098
-246.338
-242.207
-247.669
-252.115
-244.78
-253.903
-260.123
-261.392
-257.427
-264.27
-279.788
-274.613
-270.189
-259.877
-262.173
-259.784
-254.57
-248.705
-254.697
-253.086
-243.188
-257.238
-246.245
-240.894
-262.306
-256.633
-258.238
-261.911
-276.835
-267.692
-264.848
-279.304
-279.654
-276.267
-274.887
-271.871
-272.945
-286.612
-255.497
-263.053
-290.344
-305.707
-133.43
-193.075
-227.873
-242.287
-244.313
-246.289
-256.536
-224.74
-197.204
-180.657
-168.877
-171.21
-176.054
-175.306
-172.727
-178.736
-179.236
-177.38
-177.645
-174.142
-176.998
-177.224
-171.65
-173.487
-175.855
-176.693
-177.679
-184.289
-192.612
-207.329
-235.635
-251.358
-245.87
-234.154
-207.658
-187.006
-181.933
-190.991
-192.594
-192.005
-196.659
-194.073
-196.267
-198.382
-197.106
-191.827
-187.719
-184.988
-180.532
-181.937
-176.699
-177.509
-206.699
-256.229
-272.455
-274.68
-278.667
-291.132
-295.415
-312.455
-320.403
-330.465
-286.24
-209.021
-198.73
-199.517
-195.409
-194.101
-187.296
-182.978
-183.16
-186.484
-174.886
-168.515
-164.159
-160.197
-164.089
-162.606
-157.812
-161.006
-157.603
-164.159
-156.894
-166.565
-181.741
-197.829
-230.728
-273.631
-297.823
-303.029
-310.035
-302.83
-284.088
-266.934
-251.365
-240.077
-230.343
-226.577
-220.851
-218.845
-217.811
-219.81
-223.438
-213.86
-219.405
-215.596
-210.397
-202.147
-208.087
-211.051
-212.341
-206.945
-218.143
-231.045
-246.147
-258.719
-271.71
-275.364
-281.781
-258.556
-256.318
-240.22
-226.188
-221.624
-218.963
-227.814
-234.971
-241.053
-242.51
-237.555
-235.011
-232.828
-235.298
-236.651
-231.561
-226.352
-224.274
-218.918
-215.894
-230.442
-294.216
-309.974
-322.103
-335.14
-329.188
-339.194
-331.282
-353.634
-357.284
-274.379
-253.154
-220.228
-213.336
-200.939
-204.873
-215.216
-207.196
-211.383
-208.115
-208.067
-204.422
-205.803
-198.009
-211.068
-189.714
-192.63
-197.357
-203.541
-199.612
-200.754
-216.79
-223.576
-249.493
-278.786
-302.501
-314.025
-313.313
-298.533
-288.027
-269.055
-257.379
-241.269
-233.114
-228.859
-225.484
-219.889
-219.594
-211.201
-219.242
-209.168
-212.17
-219.191
-210.065
-217.872
-209.898
-218.495
-215.364
-216.535
-228.015
-235.468
-263.584
-274.382
-280.703
-254.662
-304.947
-276.555
-252.723
-233.966
-224.537
-236.718
-243.415
-245.509
-250.373
-250.801
-256.868
-254.257
-246.41
-248.565
-234.361
-247.51
-247.693
-227.248
-243.504
-263.987
-277.634
-269.677
-301.241
-293.844
-292.028
-301.139
-296.657
-303.521
-300.033
-315.64
-277.08
-284.064
-273.337
-223.805
-239.043
-246.779
-231.211
-244.523
-235.183
-267.791
-269.049
-269.239
-265.965
-259.01
-253.085
-245.799
-255.326
-264.524
-268.517
-270.541
-283.08
-167.021
-161.099
-334.824
-327.767
-224.536
-274.862
-392.76
-325.695
-313.822
-307.746
-308.498
-313.825
-311.262
-310.132
-308.861
-308.296
-300.932
-293.968
-294.138
-290.566
-290.25
-294.263
-262.53
-193.614
-294.163
-292.318
-292.81
-291.077
-299.494
-292.701
-293.164
-292.59
-289.863
-282.666
-285.13
-282.259
-285.433
-288.849
-288.223
-293.61
-296.579
-289.957
-294.146
-302.618
-290.518
-291.403
-292.861
-283.793
-276.478
-277.566
-274.04
-271.716
-269.856
-278.118
-276.137
-272.591
-276.44
-277.413
-285.079
-283.114
-283.71
-272.263
-266.873
-264.19
-268.56
-267.85
-261.989
-257.49
-256.266
-259.704
-260.885
-257.166
-256.866
-263.062
-295.126
-354.177
-365.407
-368.899
-373.605
-373.87
-358.901
-360.088
-354.156
-349.505
-357.758
-375.222
-253.883
-185.746
-208.781
-219.898
-130.748
-141.314
-232.644
-249.519
-259.462
-256.579
-264.168
-279.442
-272.99
-278.599
-218.004
-315.6
-730.621
-691.525
-522.902
-378.175
-367.222
-329.778
-308.288
-278.23
-271.674
-266.363
-252.739
-253.896
-249.868
-241.444
-237.548
-223.697
-208.317
-213.516
-207.112
-200.552
-209.538
-195.658
-191.795
-198.21
-197.11
-200.832
-194.256
-189.794
-196.744
-184.822
-201.424
-201.743
-190.845
-209.886
-201.024
