-24.3519
-18.1669
-18.9583
-15.2584
-25.6298
-31.6551
-26.6374
-27.145
-31.5214
-29.228
-32.9927
-31.6958
-30.4542
-31.3309
-35.9083
-22.0167
-11.2488
-7.18893
-12.2572
-12.025
-9.69161
-9.57331
-8.68801
-1.0591
-1.43428
-3.94869
-10.527
-1.91613
-1.02415
-0.0201836
-1.95233
-0.578947
-2.18165
-2.68238
-6.02762
-3.11538
-4.00943
-3.08241
-3.9303
0.696356
-7.84423
-3.26523
-7.80497
-8.55122
-8.78327
-6.9317
-9.93515
-5.46391
-3.89257
-9.12584
-9.56732
-10.2947
-9.2453
-7.86593
-7.91548
-10.4302
-8.76009
-3.79373
-7.25559
-11.81
-14.5762
-11.262
-9.37973
-9.0302
-10.2231
-10.6485
-5.21474
-10.1569
-10.254
-8.068
-12.906
-4.43358
-5.5154
-11.9336
-13.9934
-7.34125
-10.1898
-11.9688
-10.5636
-11.17
-8.8388
-8.4626
-9.51771
-7.50223
-9.46589
-4.06695
-9.82713
-10.3322
-12.013
-10.6815
-16.8618
-13.0961
-12.4733
-13.9977
-12.3968
-12.7961
-17.4336
-13.7223
-8.4958
-17.9001
-13.9266
-14.2609
-9.68329
-16.8001
-29.4642
-35.0773
-35.8597
-28.2874
-20.7917
-18.8375
-23.7045
-16.1457
-23.9234
-31.9943
-21.9066
-17.8729
-21.3587
-17.268
-19.9658
-16.946
-21.2679
-16.4086
-17.6903
-21.4042
-34.5244
-18.0775
-17.9701
-22.2652
-17.6923
-25.4302
-20.2792
-14.7067
-16.3405
-18.63
-16.934
-16.2285
-20.9944
-25.8002
-17.7694
-26.1578
-22.9594
-20.5568
-20.3322
-24.3515
-21.7212
-19.6059
-18.3285
-17.1619
-22.8371
-17.5965
-24.5649
-15.3643
-20.6643
-19.7602
-21.4148
-21.1144
-19.3904
-21.4628
-21.3952
-22.9679
-16.1079
-28.9031
-18.5383
-35.1406
-20.7177
-22.6949
-19.2647
-12.0506
-12.0381
-27.0098
-38.5277
-42.1384
-27.1984
-25.2023
-11.2959
-34.7117
-36.53
-36.6365
-44.1254
-52.3844
-40.919
-43.0604
-39.3286
-38.9617
-42.6944
-39.8478
-37.1083
-34.4603
-34.4104
-30.3584
-30.1388
-29.6805
-34.653
-32.3668
-31.3294
-28.4053
-25.5825
-25.5786
-27.163
-29.8021
-27.0318
-29.3452
-32.9296
-28.5737
-30.9524
-32.0508
-22.7671
-32.7307
-10.3658
-30.6412
-30.4418
-41.8259
-45.2608
