-21.1733
-37.945
-22.3786
-4.65406
-1.72208
-10.7754
-21.3501
-9.88415
-6.79171
-9.23025
-8.08353
-22.2004
-16.2854
-18.8249
-17.4019
-27.4157
-28.2889
-15.6205
-26.5088
-10.7293
-3.14873
-13.6644
-11.6333
-11.2203
-16.3189
-17.6157
-21.8857
-10.7542
-26.3933
-12.8486
-26.3744
-27.8527
-25.0171
-22.3813
-13.0499
-9.28098
-11.8117
3.76012
2.33285
2.99374
6.85674
5.53898
-1.08466
-5.89281
-0.264261
-8.99103
-2.32485
4.22714
-6.66676
-6.5237
-3.24009
-3.65343
0.863289
5.44583
3.21119
-0.928186
-1.38452
9.90534
-6.41259
-6.57409
1.56164
4.35283
2.12401
3.46098
-9.23741
2.90903
-12.9296
-9.10189
8.88874
-11.9414
-7.56149
-0.579172
-2.01582
-11.1481
-12.5784
7.15883
-1.27151
-3.77409
-10.9482
-14.0386
0.806376
-7.59041
-1.18732
4.76631
-9.48736
0.131615
-0.378972
7.13146
-17.6122
1.80394
1.74433
-19.5396
4.0792
3.38858
-5.82915
-7.86555
-4.54147
6.213
-11.0345
-9.74256
-3.95514
-3.53092
-5.06599
-17.1837
-2.56406
-1.30414
-5.24845
-13.4665
-7.86812
-3.99495
-5.49106
-4.54388
-14.4385
-3.22759
-6.65301
-0.0340068
-18.1011
-10.5137
-14.6076
2.09381
-11.5348
1.66091
-10.9802
-7.3181
-4.76243
0.980507
8.65459
-8.5549
-5.34451
-5.41831
-10.272
-1.25764
-14.2964
-11.5549
-19.1864
-7.9124
-4.7171
-28.6545
-36.3332
-22.341
-9.13774
-0.142754
-10.0245
-26.3715
-10.5384
-10.9222
-9.61603
-6.30557
-18.784
-17.0385
-17.9126
-20.2055
-26.9154
-25.9075
-16.9588
-24.5995
-14.2023
-5.074
-9.11938
-10.275
-11.7346
-11.9904
-21.9176
-22.0862
-12.964
-24.0449
-16.399
-30.8378
-29.9348
-22.6266
-21.7153
-22.6056
-9.19932
-2.30078
8.42032
0.275414
4.74711
7.69552
5.38361
-0.355055
-7.3368
-0.695853
-4.67254
-6.0781
0.712562
-2.09751
-7.76164
-0.832464
-5.49617
5.49733
7.26519
4.48093
-3.68957
-3.21144
0.178354
-9.93561
3.02527
0.449156
0.221836
-4.78381
-4.93653
-4.29478
6.49753
-10.8207
-1.53051
8.36416
-15.1198
-7.36362
3.66758
-8.18186
0.326428
-11.4636
9.51638
-2.00471
1.16321
-6.95503
-20.6057
1.49229
-3.31731
-8.03874
-1.71212
-8.7124
2.18992
0.692527
-1.186
-14.4348
9.98649
-9.05936
-15.3953
8.70849
6.03525
-8.88019
-9.41255
0.094284
3.83984
-10.9738
-7.91717
-7.37894
-6.34964
2.30608
-17.4579
-0.764773
-1.49247
-5.48529
-13.3704
-11.3554
-0.252904
-4.20778
-5.65323
-8.01079
2.226
-5.21914
0.545095
-6.73677
-7.35685
-9.99878
-5.60218
-10.0791
4.6893
-10.9389
-6.81997
-2.09654
2.4919
1.57635
-6.15664
-6.23379
-4.3786
-6.60229
-6.72647
-13.6079
-9.92547
-13.4686
-14.7392
-7.68466
-33.2984
-32.9264
-15.8279
-9.91729
-4.61218
-11.0754
-20.9205
-15.2092
-11.091
-10.6368
-14.9043
-19.7862
-13.8627
-17.8721
-28.1868
-23.403
-22.7933
-18.0618
-20.762
-10.3202
-6.81587
-8.66805
-12.2631
-14.358
-17.2312
-23.7637
-21.2772
-19.3896
-15.9433
-23.9207
-27.6675
-22.9124
-23.4437
-14.6764
-18.1855
-9.97092
3.7824
9.33776
-1.86106
1.38814
7.69883
0.203449
-0.208915
-2.59987
-6.54858
-3.92599
-3.82249
0.803025
0.00960061
-4.93998
-4.012
-4.29289
9.56208
7.66068
2.04211
-4.65481
0.0747257
-3.92955
-16.526
3.84427
5.48852
2.21412
-4.51491
-7.30285
-4.96881
4.91356
-11.3194
7.86678
2.87948
-16.443
-5.88837
5.6715
-11.8558
0.112713
-7.03453
6.22622
-5.20856
1.62103
-5.79191
-14.5107
1.28002
0.335819
-4.79196
-9.16698
-3.62273
-3.69736
-2.4042
-12.57
-11.8525
3.19463
-15.4849
-10.1745
11.6474
6.75947
-10.6238
-12.5339
1.28873
5.49895
-6.1298
-5.21635
-6.21493
-9.66105
3.02433
-18.3861
-0.454671
1.64437
-9.86321
-16.5126
-15.7909
-2.2842
-1.01138
-14.0078
-5.54967
-0.378246
-3.26377
-5.29902
-6.04574
-3.54834
-2.00819
-9.31102
-6.15383
