-35.9875
-46.7721
-44.7292
-47.5185
-46.2756
-54.705
-65.6377
-43.4907
-29.4446
-35.7563
-33.2521
-38.9768
-43.0369
-30.3866
-33.8027
-31.8986
-35.7338
-33.9438
-32.3545
-34.7093
-42.7861
-49.8567
-62.7733
-47.1922
-34.6894
-42.0027
-36.2064
-36.8486
-39.9305
-45.2041
-45.0436
-45.577
-39.0379
-33.0993
-30.8678
-30.97
-38.3309
-31.8227
-36.1165
-33.0305
-38.4344
-38.2551
-43.7447
-33.6884
-28.3567
-16.1574
-25.728
-18.987
-32.407
-27.2741
-25.604
-24.4735
-23.9468
-28.2475
-16.1953
-31.3578
-29.9011
-25.3693
-34.0729
-31.2268
-37.8153
-34.2014
-38.7625
-39.9397
-39.1911
-42.6082
-34.2857
-40.1168
-36.9996
-37.508
-32.9097
-30.8776
-29.2372
-33.9957
-28.3624
-34.8195
-30.0794
-27.6285
-38.5809
-34.9678
-23.1777
-21.74
-20.835
-31.5698
-31.0556
-32.2297
-29.0529
-37.4137
-33.1123
-37.872
-34.4474
-27.223
-25.9425
-32.3176
-31.4859
-33.4377
-18.504
-20.8157
-20.5067
-33.6603
-26.4919
-23.663
-31.7609
-23.5961
-31.1118
-23.3813
-29.371
-32.8346
-37.2887
-35.8353
-33.7759
-31.2606
-31.5744
-29.1519
-28.3629
-38.4571
-35.3059
-23.9696
-18.1257
-13.9302
-14.2641
-10.1133
-9.02161
-9.87858
-12.8096
-0.272261
-11.3876
-10.3983
-9.79235
-9.53712
-17.558
-14.2193
-9.49127
-11.0105
-13.9555
-15.0414
-13.9107
-15.6441
-18.8899
-7.12714
-3.57509
-3.78547
2.29029
0.287631
4.29933
15.2336
-50.0239
-42.1094
-28.7266
-36.1164
-35.121
-35.5017
-36.5317
-22.3195
-34.9144
-23.6233
-24.4316
-28.9889
-30.2696
-32.5255
-26.636
-26.4768
-28.1793
-29.9603
-31.3946
-30.0391
-30.6649
-37.0713
-31.1426
-34.0245
-34.7484
-29.6699
-31.2403
-36.7575
-32.5065
-37.5872
-33.5731
-46.9882
-27.789
-36.1421
-35.8702
-31.5677
-26.464
-21.1267
-22.1989
-30.5519
-27.7897
-25.2011
-29.294
-23.1876
-25.2133
-24.1771
-28.3166
-27.8764
-24.0344
-28.2602
-22.7328
-27.8581
-38.8308
-28.6506
-31.9906
-33.417
-25.1265
-22.0491
-26.214
-33.9948
-25.8091
-26.4412
-37.2026
-44.3261
-40.6539
-42.2558
-42.9635
-47.3188
-52.0873
-57.6733
-51.4149
-54.3281
-43.9844
-51.6476
-47.1303
-41.6518
-44.9132
-41.1633
-41.2028
-40.5199
-49.2756
-45.4294
-44.1568
-39.8979
-41.3552
-46.365
-43.1882
-42.632
-37.3077
-36.2734
-34.908
-29.5403
-33.3748
-39.1333
-45.6653
-51.1762
-48.8234
-49.6183
-48.1946
-45.9656
-45.0804
-44.5178
-43.684
-47.1824
-44.7142
-40.435
-45.0104
-45.4321
-40.9132
-42.0938
-43.4751
-44.8709
-37.0858
-37.2205
-32.168
-25.8809
-30.7589
-25.5082
-36.1189
-34.0063
-37.278
-44.6331
-44.0939
-42.4442
-43.225
-41.1052
-35.5385
-32.7576
-36.61
-37.0505
-39.7063
-38.1575
-40.3038
-42.981
-39.6197
-40.9976
-46.891
-46.919
-48.9542
-44.0587
-34.9936
-30.4372
-24.3097
-28.8421
-22.7309
-24.8624
-19.8697
-30.9621
-38.5636
-39.4288
-33.7939
-33.5479
-43.439
-37.5658
-36.3577
-42.3018
-35.7433
-39.154
-39.2155
-38.705
-43.1813
-28.7564
-42.7949
-39.6919
-47.8842
-46.1753
-50.8636
-43.1567
-49.9184
-46.7909
-45.1464
-39.9417
-38.6979
-37.7118
-33.2388
-38.5521
-31.2023
-38.8653
-35.8344
-38.7596
-40.9857
-43.8335
-51.4209
-47.4565
-47.8097
-48.2112
-49.4546
-48.5826
-55.5703
-52.8225
-56.2494
-53.4723
-48.6296
-47.7204
-45.9915
-44.5869
-48.1279
-47.0572
-41.7719
-45.6221
-37.0352
-41.1972
-35.4262
-48.7546
-37.7734
-36.9758
-37.0724
-35.1128
-31.9875
-27.1845
-30.1895
-26.5857
-26.7695
-30.733
-30.9592
-24.6259
-28.9715
-30.0387
-30.5633
-32.8058
-38.6713
-38.4862
-41.0718
-50.3045
-35.3119
-35.0202
-36.4371
-40.6303
-44.2889
-43.891
-40.9523
-40.1348
-45.5885
-43.8667
-28.4737
-17.1423
-20.6422
-33.5747
-36.9532
-27.0646
-38.4092
-41.7289
-42.2502
-36.213
-25.3845
-26.4761
-23.5306
-24.9747
-29.7697
-32.4073
-30.26
-40.3551
-36.9693
-32.4616
-40.3431
-39.7383
-36.4166
-23.2807
-23.6586
-34.6962
-40.1932
-38.8017
-45.9973
-53.5831
-50.9834
-45.441
-39.9909
-40.6399
-37.3295
-36.0356
-39.9957
-45.38
-44.9091
-44.771
-49.3933
-40.1938
-31.06
-33.2092
-29.509
-46.9078
-45.9001
-41.7059
-39.5748
-43.5682
-41.5057
-45.278
-43.0415
-36.9786
-41.8351
-34.6699
-35.5919
-36.5762
-34.5703
-36.6831
-33.6581
-38.9832
-37.37
-36.3809
-34.4204
-30.9007
-30.5014
-33.9127
-33.1319
-31.4508
-26.9684
-32.4382
-27.8794
-30.2915
-31.3736
-24.4012
-25.6468
-23.0826
-24.6309
-31.3172
-28.4573
-28.1663
-26.919
-25.9122
-29.9868
-29.9165
-29.4925
-29.5165
-30.9955
-31.3333
-33.6137
-38.636
-41.8803
-34.2061
-28.0927
-36.0895
-42.3222
-39.6895
-39.8155
-42.0666
-45.6624
-46.4919
-41.0422
-40.5015
-39.4532
-33.916
-34.0275
-32.5096
-42.8085
-40.2548
-40.0008
-26.4204
-38.0571
-43.2568
-41.8655
-40.226
-42.224
-45.3667
-42.3513
-40.7831
-39.9582
-37.4951
-34.3501
-17.4535
-23.3688
-23.0877
-35.9471
-37.0881
-41.0109
-37.3445
-42.2292
-45.6469
-38.2486
-38.759
-43.1133
-44.4896
-42.2167
-50.6095
-44.4119
-45.0415
-48.7662
-44.882
-45.7836
-40.4288
-43.6826
-45.7786
-43.8096
-43.306
-43.1291
-38.3026
-44.0218
-40.4245
-42.9022
-44.2173
-42.841
-43.6543
-45.7524
-42.7568
