102.298
118.146
109.046
128.157
128.139
123.813
124.427
120.606
124.779
124.722
128.235
130.114
129.965
128.824
124.202
111.443
126.264
119.624
98.0863
91.5334
90.6339
91.2485
91.0062
86.7827
87.6524
89.6156
89.6946
88.6143
89.0227
86.7272
89.6831
89.1988
90.4993
92.5944
91.1927
87.8887
82.5061
89.3233
90.2348
94.0314
87.8879
94.9556
91.1515
82.6379
91.0788
91.6561
92.0172
90.4871
89.633
91.5449
88.9116
92.6142
94.9959
92.3208
89.5925
93.1623
94.361
90.173
92.8588
94.6437
90.0634
85.3291
96.9519
93.4187
93.7088
91.0749
91.8785
95.253
94.0673
92.2882
83.1957
88.5964
94.1678
91.6038
95.92
92.1015
90.4129
92.4538
90.6885
96.4939
96.6782
94.6172
92.3372
90.8118
91.6748
88.1442
92.4612
93.0886
95.9955
96.713
89.6479
94.0518
89.3373
97.5013
97.8723
89.3373
94.3846
97.2111
97.2893
92.3762
92.7393
91.9291
91.7741
87.0192
91.7968
92.6389
90.7732
80.5581
83.0291
80.8473
81.5489
84.4563
82.7221
85.8872
87.0689
79.6603
77.4858
82.8854
75.9207
80.8366
76.9577
82.8458
81.0895
84.8364
89.0342
83.466
82.8219
78.0877
77.7781
83.6257
84.8063
71.3761
80.676
80.9896
85.8564
81.4112
85.7564
77.3953
78.5119
85.2356
84.4741
77.4447
81.4993
78.2805
80.2473
77.8372
81.2124
75.93
73.87
78.7052
81.0553
78.7406
79.8169
79.0224
79.7162
79.9956
82.7648
79.652
78.9944
81.4091
83.3924
85.3333
77.5724
82.236
72.7644
70.6867
72.0181
72.877
71.3454
75.5469
77.4971
80.2364
108.193
109.016
104.878
106.025
96.6898
96.481
95.9296
90.0044
87.6114
86.6644
75.6541
72.5536
85.4317
83.7179
82.8182
77.5123
78.5082
80.5747
80.4498
86.2749
77.8691
77.7229
73.8139
75.0983
75.9644
83.3766
78.8968
77.3582
76.6791
82.2095
71.9817
76.0509
74.7802
74.9601
80.3679
81.5976
93.0836
95.0968
103.719
121.064
121.601
