-183.989
-159.727
-149.902
-187.421
-189.357
-181.364
-175.803
-173.876
-169.249
-179.883
-178.971
-181.843
-182.84
-176.833
-173.434
-201.669
-247.749
-260.347
-250.462
-250.322
-243.183
-230.381
-230.44
-235.087
-238.316
-241.154
-243.931
-240.866
-232.709
-237.807
-238.678
-236.923
-246.834
-239.372
-234.835
-231.937
-235.509
-223.815
-223.249
-234.489
-234.905
-237.092
-236.236
-239.972
-243.283
-237.206
-247.484
-249.424
-242.513
-248.138
-245.104
-242.474
-246.67
-252.704
-249.362
-252.222
-259.196
-250.322
-247.258
-252.005
-260.111
-243.742
-244.142
-244.049
-244.232
-242.508
-241.47
-251.345
-257.477
-251.418
-256.158
-250.402
-251.566
-256.187
-254.994
-255.93
-264.329
-258.35
-252.721
-254.428
-257.514
-257.483
-263.33
-253.132
-256.747
-256.38
-250.081
-250.978
-247.884
-246.955
-258.984
-250.872
-257.388
-256.784
-259.959
-260.589
-260.726
-261.947
-246.552
-249.151
-247.511
-248.209
-249.73
-248.551
-247.804
-236.054
-242.121
-244.198
-244.276
-246.582
-246.201
-248.881
-240.474
-245.433
-246.673
-247.868
-243.178
-242.423
-246.467
-242.572
-247.741
-247.928
-249.186
-248.167
-250.09
-251.699
-247.318
-240.768
-238.928
-238.609
-238.725
-247.981
-239.53
-244.933
-245.21
-243.245
-244.494
-249.669
-244.798
-248.923
-238.554
-237.432
-241.766
-239.782
-244.44
-243.912
-245.418
-244.354
-241.924
-246.81
-245.792
-248.458
-249.609
-246.546
-247.604
-246.997
-246.985
-251.186
-252.984
-256.704
-263.012
-257.164
-261.087
-256.399
-257.834
-251.845
-256.45
-257.259
-252.79
-262.583
-221.682
-201.581
-148.534
-164.044
-97.7847
-167.559
-170.299
-173.747
-172.312
-160.928
-161.217
-162.796
-167.81
-180.185
-184.866
-196.562
-194.791
-182.638
-180.461
-187.197
-177.938
-194.011
-185.173
-186.519
-188.231
-191.834
-188.029
-197.86
-198.674
-189.085
-193.186
-196.861
-189.746
-191.143
-192.421
-181.662
-191.283
-183.106
-204.024
-182.726
-171.189
-178.881
-185.361
