-17.497
-14.8278
-8.94642
-3.42355
5.0586
-3.36361
-13.29
-15.4615
-11.1683
-27.6519
-23.5915
-10.2193
-15.8374
3.31302
0.729795
11.4688
20.3613
20.2823
6.44451
18.831
-1.76027
-4.84228
-6.10405
-15.1859
-16.3658
-23.1536
-27.687
-42.2108
-33.8492
-32.2867
-30.3275
-8.18073
-7.31673
9.95818
5.87912
-1.56909
1.25269
-7.63641
-3.50518
-3.33446
-4.25089
-3.6912
-4.58071
-3.91716
-1.58934
-1.73009
3.8348
0.370487
-0.650237
1.75445
-1.02259
-7.02047
-4.89235
-4.53383
-7.78781
-3.93993
-11.0647
-6.78378
-4.56997
-15.7904
-13.5007
-2.41384
-1.84596
-7.48622
-6.57341
-11.5909
-13.4483
-13.7801
-14.6958
-15.1962
-5.78815
-0.109092
12.8477
1.75681
2.86058
-0.432077
1.561
4.27549
8.88571
8.75894
8.66235
5.55873
5.47568
7.43267
-2.92134
-4.15665
-6.3642
-0.445367
1.38061
-3.91873
1.4996
-14.949
-6.29828
-7.74403
4.43589
8.01166
11.5786
2.24718
4.9794
4.72662
-8.20949
-0.850135
-0.196106
1.82047
2.86151
3.44441
1.55255
11.2524
3.36595
0.767118
-6.54126
-8.47532
-0.240058
-5.96174
-0.930427
-7.72724
-9.89808
-5.293
-8.63782
-5.82469
-5.8044
-1.81827
-1.02671
-2.18322
-2.56524
0.712637
5.17817
5.79866
12.3406
11.5879
5.71824
-11.7431
-7.06544
2.36046
18.1154
11.6537
21.9855
25.0056
18.4066
-23.5728
-14.7468
-17.7063
-14.9825
-16.3545
-10.4329
-8.54213
2.98726
-5.45271
-7.23883
-11.0376
-19.6797
-17.0254
-3.62672
-14.5157
-9.42031
-5.67087
0.0429717
6.20376
4.08184
9.23168
11.0589
3.19962
5.18278
-1.61334
3.07004
0.274689
-1.90243
1.33109
3.71561
6.51933
6.26772
-3.44405
0.356208
2.18512
0.132275
-3.64739
-2.31086
7.06808
5.21711
4.24042
-5.34576
7.87925
7.34334
0.726109
-0.354906
-9.21024
3.10129
2.27061
1.34456
8.53593
1.66007
5.86811
1.7526
-6.20329
-0.484074
-7.52448
6.36151
0.366707
-0.893315
0.0933102
0.464842
2.41169
7.64139
0.51483
4.70236
4.99196
11.3477
10.8016
16.1307
4.53543
0.94168
8.86964
6.99224
9.12928
0.958534
17.8557
1.60833
6.13493
8.64271
7.07485
10.7329
10.6873
5.28658
11.0555
7.12842
7.24975
-2.68901
15.1533
8.15466
-2.33768
3.02233
-0.0431055
-1.45557
0.652028
-0.149924
3.74515
-1.18803
-4.20878
0.930062
1.47848
6.31054
7.26815
4.90031
11.5616
5.20453
-0.797356
14.3042
14.4068
15.2868
16.8726
21.071
19.4419
20.0398
21.333
19.1151
12.939
13.7504
9.45525
-1.75629
3.47561
-2.61981
2.67524
15.0477
12.7916
-14.7715
-8.98453
-1.62609
-20.0004
0.850854
8.57339
-6.76132
-3.16289
9.04216
15.6735
23.6932
27.6952
27.1425
24.9121
31.2908
26.708
28.8711
23.5421
21.0614
26.1753
28.0248
20.4402
23.6806
26.7254
24.4373
26.9249
30.0852
29.3334
25.7918
29.0463
29.7905
29.9571
33.0172
29.9814
24.4013
34.5813
27.7918
32.5251
36.2768
32.744
29.9434
29.2501
31.5708
20.8659
23.1706
25.9133
33.339
27.7657
32.4812
27.9876
24.9371
29.5352
30.1444
24.4448
20.7299
28.4142
22.7326
28.8694
20.6776
18.8969
20.0964
22.6362
21.3135
19.7213
20.6587
21.0199
10.9135
6.52992
2.46644
4.96423
1.68859
3.76319
-1.75951
-0.180064
3.94923
-1.9957
-2.08232
5.91428
7.33898
12.5411
20.6262
10.0411
-4.89335
-13.569
18.0049
13.5433
19.9419
14.9056
11.0036
12.5882
8.65077
8.1601
4.80003
-1.95174
7.33433
11.4302
3.50681
5.72583
9.10485
-5.37745
-6.62581
-5.77484
-7.5081
-0.00993725
3.31947
-1.69281
3.60844
-13.4747
0.00599857
-0.172604
0.617827
4.69185
1.62843
3.46937
-10.4875
-2.68708
-0.969906
-16.6659
-28.112
-9.91794
-6.26145
-17.4698
-15.6639
-18.6179
-23.9293
-24.6788
-30.7735
-31.1245
-31.6278
-28.1492
-27.8947
-26.2193
-21.9691
-20.952
-18.4366
-23.6905
-20.7206
-22.3139
-14.8582
-9.65966
-17.2687
-13.2674
-19.8221
-14.8846
-24.1746
-23.6314
-25.7494
-21.5118
-24.3964
-22.8763
-24.3232
-20.1092
-19.6756
-18.9698
-13.9199
-15.367
-2.11767
-1.85747
8.46548
-16.9407
-7.07299
-3.32693
21.9996
26.8889
37.5456
39.4675
46.1254
47.8139
44.7136
38.7155
41.9416
41.6581
42.6517
35.7089
14.3703
-17.1426
-31.8769
-39.5196
-27.7146
-37.2857
-19.1084
-10.737
5.8412
2.70968
-5.07515
-8.3778
-10.0065
-11.1988
-13.4171
-26.1988
-22.2446
-16.0317
-11.1121
-6.14865
-5.765
-2.99712
-4.71823
-7.54444
-3.5109
0.578054
-9.48232
-2.97968
-11.0361
-11.9638
-7.72678
-13.7935
-13.0729
-17.3988
-21.7129
-19.1552
-12.2169
-15.0606
-10.1557
-4.8119
0.655086
2.95783
-3.39623
-11.9936
-16.6163
-3.39489
4.91747
4.18409
8.04831
6.17193
