108.444
114.044
110.519
109.53
126.03
130.224
135.119
128.395
132.982
138.406
128.712
132.294
127.031
134.427
125.22
130.31
125.557
129.09
132.052
136.651
133.018
133.176
132.053
132.608
140.28
138.456
138.566
136.979
140.098
142.907
134.701
137.39
136.275
140.916
112.062
111.594
93.9745
97.4759
109.626
103.524
103.335
120.302
119.358
107.328
103.912
104.951
105.478
103.585
105.229
102.942
100.712
107.826
117.85
107.274
120.413
108.618
108.53
109.845
106.363
109.348
118.056
110.994
107.261
104.382
104.317
114.965
115.563
119.354
117.251
121.482
124.129
122.462
128.263
124.331
133.842
131.683
130.55
124.006
116.057
124.46
126.93
119.903
124.328
118.126
123.01
126.57
126.924
119.468
124.434
122.339
125.208
116.417
107.387
118.383
117.398
119.014
114.843
118.484
114.535
128.894
109.292
112.643
105.002
105.451
111.124
113.419
111.424
119.145
127.325
120.872
119.848
125.216
119.701
117.709
119.101
122.482
125.169
132.498
123.526
121.626
125.617
122.907
123.92
125.594
124.29
124.916
124.533
119.385
126.089
121.661
117.102
118.252
120.986
117.562
123.118
122.171
117.74
125.148
126.453
121.911
124.475
119.884
121.087
107.933
117.78
120.594
121.606
124.874
121.785
129.203
125.273
116.696
128.424
127.475
126.971
130.3
124.026
128.398
128.303
125.249
124.192
129.022
130.591
122.797
127.275
130.361
124.807
128.933
132.242
128.025
134.05
136.472
129.433
135.656
138.742
132.993
136.113
133.435
136.665
133.116
134.751
137.37
139.095
140.658
128.829
136.432
132.72
131.97
121.142
126.853
121.227
123.681
120.835
110.677
109.191
105.426
105.387
109.205
110.667
101.104
115.432
113.623
116.624
115.721
111.632
108.406
105.451
110.536
95.4328
92.4355
95.1332
95.2888
105.051
110.778
107.057
112.685
116.641
98.7962
103.583
96.109
96.7288
96.014
115.196
116.786
112.385
108.601
113.668
108.234
105.06
103.034
108.645
118.109
121.631
121.013
113.968
120.305
113.22
104.545
112.968
103.245
113.812
120.092
116.792
115.061
114.334
112.78
116.456
114.496
122.141
117.697
116.241
119.793
116.545
120.435
121.07
119.331
119.635
124
124.468
122.297
119.356
122.631
125.744
129.722
127.776
124.878
112.714
113.087
123.079
115.921
125.355
116.655
108.716
105.706
96.8233
94.1274
107.542
118.631
127.608
122.551
114.454
118.482
116.966
118.771
119.705
120.689
115.238
116.013
119.014
113.04
118.297
120.794
126.089
129.606
133.088
127.761
126.216
126.457
125.808
124.797
126.005
122.697
119.238
129.611
127.152
126.497
130.893
128.784
122.258
125.233
129.698
129.785
127.693
134.227
135.23
132.961
132.914
136.812
134.041
136.461
129.185
135.99
128.941
133.102
133.634
127.868
132.105
134.382
132.856
137.001
127.547
129.674
138.695
130.911
134.038
135.296
131.949
126.407
130.014
126.907
130.803
130.163
124.207
126.569
134.592
136.744
128.888
129.36
129.058
134.247
131.288
137.488
132.002
131.531
126.255
130.013
129.565
127.382
124.24
124.497
129.005
131.374
128.749
129.68
130.111
128.37
136.679
132.781
132.301
125.961
123.352
128.416
121.486
123.879
126.451
129.007
123.664
126.381
129.753
129.216
132.953
134.072
135.932
130.392
128.116
129.991
121.883
126.948
125.029
118.535
120.526
117.717
101.672
98.7955
102.67
