-48.6696
-42.4511
-47.9205
-45.7419
-40.2081
-37.1163
-43.6312
-39.3762
-28.323
-33.8311
-41.9208
-42.7079
-50.4008
-41.8969
-53.8763
-39.5107
-32.3359
-38.2678
-41.0846
-49.582
-47.6803
-44.029
-47.4602
-48.0392
-41.3766
-48.8054
-36.0276
-37.8696
-41.7132
-31.6134
-42.4068
-34.0606
-40.5281
-47.6115
-41.4843
-33.6766
-38.474
-44.2354
-41.0918
-47.3905
-49.1287
-41.4869
-44.8839
-39.0374
-44.6139
-44.638
-41.7108
-42.0235
-45.2906
-44.0944
-51.9304
-36.263
-43.4986
-48.7128
-41.8915
-47.261
-36.2183
-42.2748
-43.6319
-38.0341
-35.9712
-42.5157
-47.0904
-36.664
-34.972
-49.0408
-51.1104
-48.153
-54.5691
-52.632
-41.1775
-42.6289
-46.4177
-53.5519
-58.9461
-57.6284
-66.9036
-65.4959
-67.3764
-71.5108
-71.3553
-69.7233
-64.9831
-63.9411
-66.0203
-71.2024
-72.4224
-71.8485
-65.7739
-66.4084
-64.1542
-59.8145
-61.8883
-62.6477
-62.9601
-67.5763
-64.4562
-67.2771
-67.3841
-67.2355
-64.6116
-64.8312
-68.6823
-64.9274
-64.3072
-67.236
-61.2119
-60.2576
-62.0354
-67.1327
-64.9515
-66.4733
-78.328
-71.4079
-72.5988
-70.7575
-66.7017
-62.6669
-66.2422
-66.5088
-68.6334
-70.4353
-71.2021
-72.0957
-68.5537
-68.4262
-63.3921
-61.1071
-64.6118
-66.4513
-56.6516
-35.0134
-39.4252
-55.6492
-50.9552
-45.5464
-40.9894
-40.4672
-46.8888
-38.8457
-41.39
-41.0485
-41.7327
-39.3226
-36.9346
-42.6901
-42.2961
-44.796
-49.611
-47.4141
-54.2162
-54.5229
-57.5323
-51.3458
-47.2832
-31.6926
-26.2329
-47.2132
-46.9906
-52.2504
-54.3414
-55.7399
-49.3944
-43.4714
-50.0841
-52.5388
-48.4736
-47.1769
-52.0201
-52.4461
-51.7777
-56.0282
-46.5528
-51.6634
-52.2207
-51.7108
-48.4407
-44.8244
-46.2051
-46.4003
-46.461
-49.556
-50.5421
-54.3185
-51.4947
-54.4165
-53.6556
-56.6115
-62.1341
-58.9443
-52.8424
-49.887
-52.9955
-55.5415
-61.2036
-63.676
-64.5257
-65.209
-59.2066
-59.7746
-63.26
-64.2926
-61.7206
-61.2833
-58.5812
-62.9639
-59.4019
-54.6955
-63.0166
-63.5062
-61.5365
-57.7765
-51.9961
-48.5174
-45.9278
-53.8667
-50.1057
-49.7048
-47.2425
-30.6371
-28.7475
-33.7091
-40.0879
-36.3479
-36.1823
-29.8894
-23.9272
-30.3493
-36.3478
-38.1528
-41.689
-41.5597
-56.631
-50.1014
-46.6978
-42.9051
-61.6606
-61.0041
-56.8039
-53.5419
-52.68
-53.2408
-58.8811
-58.6839
-63.1855
-66.6205
-63.9499
-61.303
-64.2727
-66.2928
-63.8514
-64.1548
-62.8285
-67.3612
-68.8204
-66.9345
-68.4583
-67.2337
-67.7976
-67.4019
-63.0286
-65.3988
-58.1119
-58.1898
-60.3583
-59.9596
-67.902
-67.477
-66.4916
-66.9097
-62.1237
-60.0811
-61.8977
-59.6403
-65.0442
-57.7583
-57.2578
-60.7409
-60.1392
-50.1647
-53.1277
-43.7943
-42.5346
-47.2842
-44.6021
-50.8759
-51.0547
-55.4273
-57.421
-59.1637
-60.7699
-56.5284
-64.3898
-58.686
-59.6646
-48.6443
-58.4646
-55.7871
-49.8077
-53.7885
-56.3764
-52.6366
-54.4976
-51.2083
-49.9503
-50.331
-46.6868
-52.7003
-56.0914
-53.9905
-60.0216
-55.1881
-53.2049
-52.9758
-47.9174
-51.7926
-52.3689
-41.9279
-47.4398
-48.5371
-49.786
-43.7267
-43.8773
-37.3001
-41.1792
-46.8452
-53.0375
-45.376
-50.4867
-52.9863
-42.8
-39.74
-61.5372
-64.5067
-62.0229
-61.5354
-61.2055
-67.4989
-61.3317
-60.603
-63.1627
-65.549
-65.9242
-61.449
-61.0862
-60.3446
-65.2935
-56.6551
-61.9944
-61.4964
-58.2807
-63.9834
-69.6255
-63.0044
-69.1814
-57.5277
-60.1767
-55.1969
-52.9797
-56.6946
-51.0458
-55.7901
-61.1424
-58.2402
-53.8196
-45.4869
-42.4494
-38.075
-45.0727
-53.6768
-47.698
-52.3443
-48.4028
-56.3309
-52.5653
-39.3422
-41.9098
-45.3119
-47.1686
-48.5611
-41.1342
-45.2416
-56.765
-60.7612
-66.8838
-67.5131
-67.1491
-67.3403
-70.662
-66.773
-73.4785
-76.5542
-70.7872
-74.562
-68.3623
-71.5181
-69.3708
-68.8635
-69.8161
-70.354
-63.6396
-67.487
-58.4762
-62.2223
-71.3166
-64.3914
-64.9353
-66.8974
-66.8523
-62.6645
-63.662
-66.2421
-71.8439
-72.9554
-71.157
-75.9307
-78.7339
-72.9854
-67.45
-65.4847
-59.887
-68.8966
-62.9141
-64.1846
-65.5061
-65.5986
-63.3093
-65.2221
-61.5449
-61.962
-64.9032
-68.0877
-69.6306
-67.4166
-70.7541
-65.3878
-65.8352
-69.0466
-66.0836
-67.2126
-63.8914
-64.6395
-58.8523
-62.5245
-65.4837
-62.7849
-63.0555
-62.5932
-67.9508
-61.8246
-69.7209
-63.4461
-61.8787
-58.3689
-62.7293
-68.2391
-61.24
-59.7966
-56.8814
-56.0901
-58.6077
-59.3682
-53.1267
-52.4887
-54.3045
-54.6827
-52.4439
-51.5937
-56.2135
-49.0659
-52.3727
-54.3873
-54.4208
-52.6213
-52.3406
-63.5737
-54.9091
-57.557
-59.195
-53.6334
-58.2609
-49.7158
-57.5492
-55.935
-55.0595
-59.7888
-59.3742
-57.4154
-67.4834
-52.2884
-56.4214
-55.59
-57.5846
-58.0679
-65.1765
-62.0354
-60.7271
-60.8918
-63.0742
-60.7627
-56.8723
-54.4901
-57.0365
-63.8067
-61.7317
-62.1215
-58.2068
-62.6794
-66.3801
-63.409
-63.7723
-62.9297
-62.9997
-63.9446
-69.4079
-62.0293
-62.0463
-64.4469
-64.8957
-64.0834
-63.9254
-66.3991
-68.64
-58.9105
-63.8386
-64.1444
-66.0684
-65.5572
-67.8302
-67.6999
-67.0948
-65.525
-61.3579
-64.1974
-65.0733
-68.7103
-66.4422
-64.5949
-62.8811
-63.043
-62.0504
-65.0086
-55.1929
-63.112
-62.5274
-59.4546
-62.9763
-55.4468
-54.7149
-60.8214
-57.6733
-54.8056
-65.315
-58.9734
-43.2142
-49.0845
-45.2347
-44.9557
-36.3366
-38.7503
-44.4479
-51.7549
-33.6497
-31.3374
-50.6679
-55.7533
-64.3451
-61.7717
-74.1676
-81.3088
-76.7989
-73.6035
-56.06
-44.4104
-42.1246
-52.7971
-41.13
-41.6256
-44.2944
-43.6618
-44.258
-41.2742
-44.2209
-41.0339
-46.9544
-47.7313
-45.7294
-47.1931
-46.3116
-43.9043
-47.9587
-45.0457
-50.4061
-50.6839
-51.4321
-50.4795
-49.0142
-51.7836
-57.2451
-54.2909
-54.7853
-61.8067
-53.9636
-53.7001
-45.2376
-45.4437
-43.3584
-40.7893
-51.7524
-54.83
-42.2341
-48.6933
-54.1453
-59.4295
-45.493
-37.5708
-60.126
-48.9691
-57.9061
-50.6123
-54.5377
-55.1307
-51.0172
-58.0781
-64.0279
-56.4804
-58.3618
-51.0699
-56.66
-58.3495
-50.1044
-55.6741
-56.7835
-62.6395
-52.692
-46.656
-48.7736
-45.6787
-58.0177
-42.5159
-34.9503
-40.6687
-44.9573
-46.7403
-42.2635
-50.8788
-51.8803
-42.8268
-52.686
-52.6578
-38.7603
-33.7389
-26.2489
-40.67
-43.0734
-45.9055
-42.292
-44.8914
-48.9466
-46.8587
-43.4373
-42.2648
-40.5406
-38.4102
-47.535
-49.7513
-46.9693
-52.1967
-55.2463
-51.5187
-53.0965
-56.6213
-55.1155
-54.5839
-54.2184
-55.8847
-54.1523
-60.3651
-54.6031
-57.7508
-49.114
-57.8841
-52.8425
-56.2596
-58.4818
-54.9782
-58.9183
-55.1925
-55.641
-60.9523
-58.997
-57.8026
-58.2518
-56.7162
-53.743
-56.7163
-58.2664
-57.6461
-60.7936
-57.5329
-55.7359
-54.2138
-57.4025
-59.3232
-57.8509
-61.0069
-61.7334
-51.4112
-56.2804
-53.6275
-48.8265
-51.9001
-51.0826
-46.5008
-51.3651
-53.0211
-51.6951
-57.1769
-53.0237
-48.2577
-56.6691
-52.774
-50.8621
-50.8972
-52.4208
-49.4705
-53.0592
-59.3929
-54.064
-57.675
-58.5032
-52.9141
-55.2846
-59.643
-54.4526
-56.5926
-58.9976
-51.3868
-54.115
-54.0034
-51.3888
-55.6294
-55.7969
-51.1921
-52.457
-57.3915
-51.8063
-59.7241
-59.4162
-59.5571
-58.7165
-58.525
-50.0945
-51.7618
-44.061
-51.592
-58.7941
-52.2071
-53.9452
-48.4166
-49.9358
-47.5247
-49.2576
-47.7781
-50.3236
-44.0459
-39.6244
-39.7095
-33.0245
-34.2407
-33.9495
-39.8565
-41.7679
-33.5591
-31.0669
-50.7508
-32.8988
-30.724
-32.7456
-32.7075
-28.8456
-40.5894
-50.3836
-54.9797
-48.1849
-45.3439
-50.7887
-49.7308
-53.4637
-59.0542
-52.303
-46.4933
-46.1697
-44.2516
-50.6028
-55.2555
-42.3161
-42.8782
-46.925
-53.7455
-42.396
-44.4599
-43.5784
-46.4852
-44.5999
-35.6588
-44.5342
-50.0459
-42.9052
-48.2406
-46.3928
-44.1598
-40.0681
-44.0481
-48.6718
-52.2384
-45.2632
-43.5298
-46.0781
-47.7794
-52.7154
-46.9287
-55.4459
-54.2129
-49.8317
-44.3594
-50.4869
-52.729
-48.1532
-45.0327
-49.8706
-46.9255
-54.1368
-48.3023
-48.4523
-52.9331
-57.2139
-60.4717
-51.5999
-54.7646
-47.569
-53.8013
-53.7865
-50.4227
-50.8752
-44.7266
-43.2832
-51.3925
-47.3212
-49.3873
-52.8026
-59.8125
-49.0248
-52.2068
-53.7369
-49.1978
-48.8504
-49.992
-46.9517
-43.5041
-62.7513
-57.5245
-57.9962
-59.5721
-59.2528
-57.4363
-55.2933
-55.4637
-53.928
-51.5916
-49.5219
-53.1041
-45.4725
-42.7527
-45.7995
-53.4398
-43.3594
-52.397
-48.2619
-51.714
-49.1472
-46.8251
-51.2587
-51.2878
-44.5809
-41.297
-45.1139
-45.7045
-44.1408
-47.4247
-47.1537
-32.9597
-37.6726
-36.2999
-34.9766
-38.8103
-42.5321
-38.798
-40.8803
-42.4532
-47.5571
-47.5002
-49.8198
-52.3385
-46.7239
-45.4113
-49.3136
-50.0168
-49.6604
-55.6802
-54.517
-51.2964
-47.7809
-49.5328
-48.8799
-50.2107
-46.0616
-56.1756
-57.6856
-54.4834
-47.369
-55.934
-57.6074
-54.1579
-51.5952
-44.7391
-55.2902
-57.884
-48.9592
-47.1939
-41.0264
-45.0323
-41.4628
-46.9468
-47.3605
-43.8593
-45.5893
-51.0623
-50.8638
-51.1535
-55.6231
-57.1541
-53.6583
-48.7167
-42.7362
-49.7991
-51.0114
-47.2731
-45.1819
-43.8046
-42.1086
-43.5285
-40.5223
-44.5445
-49.8903
-48.7628
-45.3333
-50.4641
-51.7437
-50.4708
-50.1084
-50.9682
-45.6633
-49.2187
-45.1552
-42.6902
-39.654
-39.23
-47.4421
-50.8773
-52.6028
-55.052
-60.7008
