-118.213
-78.0217
-77.2289
-78.3857
-81.9907
-77.4501
-85.6744
-78.9301
-82.654
-84.3898
-87.4021
-94.1699
-90.5423
-101.38
-93.779
-98.6165
-108.661
-106.508
-111.537
-106.586
-104.85
-104.885
-106.888
-90.3927
-97.9132
-99.3899
-125.41
-129.611
-138.887
-137.368
-139.553
-136.037
-131.313
-132.376
-139.92
-138.02
-122.132
-93.7639
-99.3722
-107.059
-101.082
-99.3803
-100.731
-94.4348
-106.647
-111.036
-108.602
-88.4576
-98.8061
-92.2158
-83.9595
-96.037
-96.8744
-92.2086
-93.7259
-103.837
-101.918
-105.182
-108.399
-118.94
-96.3577
-116.073
-102.011
-99.4984
-99.6164
-100.437
-89.3279
-81.2212
-86.373
-91.2927
-88.5784
-95.2839
-78.8935
-96.5025
-91.8352
-91.8456
-88.9718
-85.5348
-94.5571
-99.872
-86.7835
-80.4823
-78.1597
-90.1722
-88.0207
-88.6294
-86.492
-99.0824
-93.4185
-101.128
-104.234
-105.236
-100.018
-107.122
-92.7738
-96.3896
-94.0807
-86.6932
-91.5667
-95.4521
-85.8275
-80.4127
-80.6081
-87.3027
-86.3659
-81.7549
-63.1386
-60.7628
-66.0409
-71.4427
-68.3694
-71.4862
-71.8944
-93.5444
-112.509
-121.536
-120.456
-113.621
-126.476
-136.152
-139.162
-138.465
-132.422
-134.849
-118.532
-114.096
-114.325
-115.31
-123.925
-123.893
-113.659
-107.177
-123.018
-130.635
-125.062
-137.459
-134.529
-144.739
-139.273
-138.502
-137.987
-137.436
-151.161
-140.261
-162.004
-149.762
-143.699
-144.081
-136.692
-138.516
-141.408
-132.615
-127.674
-129.293
-125.982
-120.195
-124.734
-135.504
-135.291
-129.309
-125.974
-127.731
-126.569
-116.393
-123.42
-122.944
-128.518
-117.06
-125.594
-122.687
-115.71
-111.247
-118.453
-111.394
-125.631
-113.061
-118.942
-124.949
-107.757
-110.138
-110.067
-116.298
-104.372
-107.015
-118.417
-138.706
-125.288
-113.728
-111.023
-119.072
-124.116
-128.535
-112.273
-125.479
-122.866
-119.32
-125.149
-121.432
-125.908
-118.336
-117.483
-113.182
-111.788
-119.094
-113.982
-112.277
-118.427
-120.908
-108.949
-107.657
-110.907
-105.368
-114.628
-130.599
-125.133
-124.666
-118.681
-111.619
-122.71
-119.031
-115.963
-126.361
-109.741
-104.984
-107.389
-112.244
-128.783
-107.509
-112.901
-117.835
-118.178
-110.407
-119.707
-104.48
-104.648
-118.801
-110.015
-104.302
-118.512
-121.914
-110.542
-78.5148
-79.3921
-76.2268
-86.051
-77.6305
-86.2575
-79.6424
-89.7659
-78.2793
-92.8329
-90.6834
-94.9758
-97.6629
-95.7314
-93.8001
-102.87
-104.072
-107.497
-105.176
-102.668
-109.694
-107.307
-83.6839
-102.36
-101.342
-126.855
-132.792
-142.484
-142.216
-139.209
-128.518
-124.296
-124.628
-135.6
-136.355
-118.53
-97.29
-103.91
-101.455
-102.879
-97.1643
-97.2702
-91.813
-110.498
-112.991
-95.2883
-99.5579
-97.5709
-91.7174
-84.4276
-99.0829
-100.391
-92.4394
-96.4385
-105.307
-91.86
-113.354
-105.574
-114.426
-98.8032
-112.175
-103.934
-91.7137
-105.148
-95.6519
-86.6467
-87.0735
-85.602
-87.9062
-93.914
-86.687
-81.1373
-89.5277
-88.4886
-84.1818
-95.8215
-81.0129
-93.5804
-100.496
-83.6503
-82.5078
-78.5518
-91.215
-90.7742
-85.0273
-88.3608
-97.2407
-90.9987
-100.32
-108.902
-103.004
-99.7544
-105.92
-89.4693
-97.2322
-93.6721
-82.818
-94.2552
-94.9117
-87.5405
-80.8117
-80.4805
-90.0631
-87.5864
-74.9432
-71.3111
-65.8422
-72.9215
-76.4015
-69.5459
-72.7283
-74.3438
-99.1271
-119.23
-124.999
-128.79
-119.82
-138.606
-141.947
-137.002
-140.975
-133.88
-125.601
-114.045
-114.852
-127.752
-124.289
-125.058
-123.756
-111.359
-112.549
-130.906
-124.798
-134.848
-136.829
-139.781
-141.051
-142.216
-140.807
-142.667
-135.739
-151.367
-129.272
-165.169
-139.964
-146.664
-139.634
-136.33
-142.93
-142.354
-134.523
-131.143
-131.843
-124.275
-117.436
-127.822
-141.117
-132.07
-130.847
-132.099
-125.63
-127.595
-118.194
-122.887
-127.08
-125.262
-113.5
-127.876
-119.782
-104.904
-108.994
-119.482
-113.645
-122.424
-120.092
-120.653
-123.342
-114.118
-101.296
-105.601
-112.722
-107.849
-109.575
-122.251
-140.787
-122.965
-110.736
-108.795
-114.787
-133.01
-121.987
-118.996
-122.195
-122.134
-118.412
-118.617
-122.863
-125.417
-113.05
-118.827
-110.442
-106.846
-122.413
-113.953
-110.446
-118.951
-121.307
-109.941
-100.962
-109.614
-115.118
-117.56
-128.244
-123.165
-121.585
-112.499
-112.672
-119.516
-120.233
-116.539
-117.476
-118.881
-101.931
-107.976
-116.312
-125.48
-111.536
-117.422
-116.664
-117.981
-112.487
-118.952
-101.201
-100.121
-116.853
-111.062
-104.64
-115.411
-125.199
-94.8707
-75.6456
-80.3607
-76.2497
-80.8606
-76.6034
-84.5152
-78.3721
-92.0705
-76.318
-97.2786
-87.8225
-92.5528
-94.5132
-101.498
-97.966
-107.53
-104.029
-108.981
-98.7723
-98.5154
-103.85
-90.5269
-78.8799
-106.577
-113.655
-125.443
-134.351
-141.951
-140.629
-146.843
-131.036
-131.828
-130.269
-134.441
-133.062
-108.735
-95.6206
-109.216
-100.107
-109.28
-102.358
-90.3441
-100.181
-106.299
-117.438
-92.6547
-106.202
-97.3974
-85.1089
-84.5899
-99.0123
-99.9916
-85.2723
-102.264
-109.367
-81.3494
-109.535
-105.486
-107.998
-107.162
-107.887
-103.846
-89.8328
-108.276
-91.7506
-77.6784
-84.8129
-85.8079
-83.1004
-91.5773
-79.7772
-81.5573
-87.4526
-86.344
-78.504
-90.9172
-83.8535
-93.61
-96.6673
-79.4253
-76.436
-78.5202
-87.9931
-86.8514
-81.7388
-86.6121
-94.1016
-87.5098
-96.644
-108.174
-98.1922
-97.5461
-102.263
-87.9883
-94.6146
-93.3144
-78.6324
-94.1351
-90.699
-82.7198
-78.6356
-79.5815
-88.193
-84.6727
-67.7566
-67.3715
-60.4035
-71.1883
-73.8249
-68.0596
-68.8968
-75.5989
-95.4159
-118.072
-123.837
-128.718
-121.818
-140.077
-141.484
-138.238
-138.62
-135.983
-121.464
-112.566
-112.689
-117.47
-130.483
-126.163
-123.31
-108.736
-114.29
-135.124
-121.383
-138.732
-136.955
-142.993
-142.069
-143.153
-145.529
-146.865
-146.382
-150.357
-135.156
-165.045
-138.829
-150.538
-133.287
-134.653
-149.645
-135.916
-132.653
-131.483
-134.079
-124.898
-119.465
-134.319
-138.972
-129.798
-127.089
-131.634
-126.162
-127.431
-118.509
-127.321
-134.228
-127.501
-116.196
-126.128
-116.262
-106.738
-112.586
-121.265
-114.259
-121.371
-125.581
-122.722
-123.407
-111.732
-113.69
-112.8
-108.118
-110.06
-112.245
-129.051
-140.272
-121.036
-115.445
-107.633
-115.053
-133.368
-121.607
-117.116
-119.344
-121.642
-120.425
-115.627
-122.103
-127.428
-114.612
-124.452
-111.268
-101.092
-126.374
-114.851
-114.758
-123.926
-114.772
-111.019
-100.716
-105.984
-122.621
-125.799
-129.443
-132.595
-121.346
-106.889
-114.09
-118.051
-124.911
-121.313
-109.822
-119.822
-102.803
-108.885
-118.16
-112.778
-112.133
-115.406
-111.725
-118.257
-117.984
-119.09
-104.213
-104.756
-106.611
-106.782
-110.238
-115.323
-127.539
-77.9064
-71.2237
-78.5313
-77.8396
-77.3489
-78.9575
-83.4826
-78.9932
-91.7692
-86.8606
-96.8785
-83.1187
-95.9691
-93.7027
-105.667
-104.28
-108.867
-109.076
-106.605
-96.191
-99.2972
-98.4919
-91.738
-85.872
-98.5827
-121.385
-129.415
-137.101
-134.754
-138.516
-146.355
-133.303
-134.617
-136.193
-136.899
-124.461
-96.242
-100.489
-109.442
-99.8655
-104.485
-103.987
-85.7271
-106.772
-102.252
-116.857
-89.0207
-104.36
-95.6729
-78.8335
-88.959
-98.1606
-94.1274
-83.6076
-104.097
-109.045
-92.6665
-108.002
-112.499
-99.0221
-113.933
-100.503
-102.377
-90.356
-104.001
-91.8732
-76.2665
-84.1522
-87.9601
-79.1852
-95.7043
-80.1231
-92.4928
-90.4165
-87.2436
-74.2335
-85.5196
-91.6308
-96.6586
-93.0469
-78.5342
-73.1244
-84.4453
-87.6045
-90.5213
-87.5633
-92.948
-93.8599
-91.2446
-95.654
-105.041
-94.4251
-100.481
-93.7609
-89.9865
-91.8136
-89.8977
-82.3285
-92.9033
-84.978
-78.8567
-78.2124
-78.5728
-86.5612
-81.7212
-63.0501
-60.5874
-59.8332
-68.2298
-74.4403
-68.2882
-68.3845
-79.0575
-97.0789
-112.132
-119.565
-123.355
-123.593
-139.661
-143.16
-137.986
-135.233
-136.915
-120.837
-114.641
-112.061
-116.07
-130.186
-126.906
-122.779
-111.5
-117.073
-136.506
-120.757
-137.989
-134.465
-143.757
-139.325
-143.017
-141.914
-145.415
-151.631
-149.3
-151.171
-161.491
-140.102
-147.055
-130.897
-133.276
-148.139
-129.434
-131.035
-127.474
-125.724
-124.358
-122.325
-132.239
-134.498
-130.145
-122.555
-126.542
-124.259
-120.063
-119.967
-130.887
-133.774
-120.148
-120.212
-119.614
-114.786
-108.494
-116.569
-116.161
-118.994
-115.882
-117.752
-125.855
-120.407
-111.432
-112.074
-114.547
-105.649
-111.173
-113.916
-133.484
-131.852
-115.328
-113.64
-115.673
-116.515
-136.715
-118.575
-125.757
-118.069
-118.141
-123.772
-119.683
-126.61
-122.974
-116.76
-115.859
-111.168
-104.671
-117.02
-112.745
-117.756
-117.235
-105.855
-106.816
-102.121
-101.917
-121.425
-132.213
-129.394
-130.485
-121.144
-110.034
-116.782
-119.216
-121.173
-130.356
-103.957
-112.563
-104.807
-107.972
-123.928
-113.753
-108.709
-113.23
-114.582
-117.725
-121.655
-112.596
-106.197
-115.295
-111.134
-106.435
-116.564
-112.442
-121.975
-78.0217
-77.2289
-78.3857
-81.9907
-77.4501
-85.6744
-78.9301
-82.654
-84.3898
-87.4021
-94.1699
-90.5423
-101.38
-93.779
-98.6165
-108.661
-106.508
-111.537
-106.586
-104.85
-104.885
-106.888
-90.3927
-97.9132
-99.3899
-125.41
-129.611
-138.887
-137.368
-139.553
-136.037
-131.313
-132.376
-139.92
-138.02
-122.132
-93.7639
-99.3722
-107.059
-101.082
-99.3803
-100.731
-94.4348
-106.647
-111.036
-108.602
-88.4576
-98.8061
-92.2158
-83.9595
-96.037
-96.8744
-92.2086
-93.7259
-103.837
-101.918
-105.182
-108.399
-118.94
-96.3577
-116.073
-102.011
-99.4984
-99.6164
-100.437
-89.3279
-81.2212
-86.373
-91.2927
-88.5784
-95.2839
-78.8935
-96.5025
-91.8352
-91.8456
-88.9718
-85.5348
-94.5571
-99.872
-86.7835
-80.4823
-78.1597
-90.1722
-88.0207
-88.6294
-86.492
-99.0824
-93.4185
-101.128
-104.234
-105.236
-100.018
-107.122
-92.7738
-96.3896
-94.0807
-86.6932
-91.5667
-95.4521
-85.8275
-80.4127
-80.6081
-87.3027
-86.3659
-81.7549
-63.1386
-60.7628
-66.0409
-71.4427
-68.3694
-71.4862
-71.8944
-93.5444
-112.509
-121.536
-120.456
-113.621
-126.476
-136.152
-139.162
-138.465
-132.422
-134.849
-118.532
-114.096
-114.325
-115.31
-123.925
-123.893
-113.659
-107.177
-123.018
-130.635
-125.062
-137.459
-134.529
-144.739
-139.273
-138.502
-148.689
