-52.7234
-51.4483
-36.5502
-45.7229
-42.1229
-47.0293
-50.0667
-58.5309
-51.3765
-49.3493
-46.1902
-63.0545
-52.3243
-45.8147
-46.9083
-30.906
-39.8786
-43.8202
-43.1728
-28.3163
-33.3005
-41.3814
-50.8907
-57.0235
-50.5135
-56.3049
-54.9235
-63.1331
-47.1533
-22.3564
-40.7617
-41.7317
-40.043
-41.2646
-44.3451
-34.9876
-37.2645
-34.6106
-46.3219
-41.6283
-41.4763
-54.5396
-42.5873
-40.8494
-43.7014
-37.2957
-40.2608
-33.4948
-50.0137
-35.6
-23.4261
-36.8136
-29.1068
-24.6292
-13.1994
-22.0979
-18.266
-13.2625
-6.72979
-20.1616
-14.6603
-17.539
-21.2202
-21.7542
-32.2975
5.50491
-13.3265
-18.9416
-9.50646
-15.162
-7.01329
-6.77376
-24.0238
-9.35821
-2.47605
-22.0491
-1.91171
-22.3569
-20.2354
-11.0939
-10.3032
-11.3261
-2.98542
-23.9719
-30.216
-18.6973
-21.5387
-15.2913
-13.2399
-21.1094
-12.2067
-20.3284
-20.6993
-4.50574
-21.8847
-9.67971
-32.5715
-19.717
-10.7398
-6.87685
-26.5859
-9.74302
-16.5314
-18.0918
-12.0977
-22.3691
-8.52093
-27.2001
-12.7264
-18.4485
-12.8369
-13.5578
-13.4894
-12.066
-4.70308
-18.7794
-16.4769
-15.7358
-1.13846
-14.7838
-16.1929
-16.6014
-23.3181
-14.9318
-11.702
-11.5547
-33.526
-24.5711
-11.1859
-1.94138
-7.91743
-8.3752
-15.2376
-13.3579
1.17982
3.39399
-39.5843
-47.9768
-44.3551
-40.486
-46.4073
-39.4047
-43.823
-55.0218
-56.4231
-44.5155
-47.129
-47.3837
-62.6608
-50.8855
-44.9766
-48.6377
-36.548
-42.0933
-45.1993
-35.191
-36.6061
-34.1758
-42.9678
-47.3408
-53.9305
-52.8465
-52.1203
-64.6846
-67.4578
-41.2508
-21.3333
-38.3669
-41.585
-34.9754
-41.1607
-42.9947
-30.1925
-25.0798
-37.99
-45.8614
-36.112
-47.4021
-50.7059
-42.3868
-42.7967
-35.4395
-36.2234
-40.9031
-30.9281
-43.4156
-28.5637
-25.7313
-32.5934
-32.0234
-11.8672
-13.649
-27.611
-15.1295
-8.03172
-16.7779
-8.67446
-18.2945
-10.3676
-24.1457
-25.2265
-21.5353
-2.69053
-7.54036
-24.2501
-10.5704
-15.8534
-11.9083
-7.1659
-23.2242
-9.75855
-6.14782
-15.9431
-3.8727
-18.254
-16.2692
-11.0261
-14.6257
-16.3668
-11.7016
-14.6727
-26.0112
-20.7694
-22.9049
-14.1533
-8.72145
-23.7728
-6.69041
-18.4649
-17.4491
-7.68477
-22.4025
-10.1178
-24.3478
-13.9417
-14.5099
-17.497
-24.2638
-9.00773
-17.465
-21.8603
-20.0314
-23.2971
-10.3377
-21.5725
-13.1326
-17.7641
-14.9495
-12.3258
-9.80128
-13.3666
-11.8414
-21.6895
-9.83295
-16.2425
-7.17477
-14.4551
-14.0471
-27.2807
-23.3356
-17.4534
-13.6713
-20.4541
-27.7637
-13.2162
-17.975
-4.45683
-18.6071
-4.28218
-11.697
-11.0076
-6.80121
1.054
-48.6327
-48.7442
-39.4819
-42.5877
-45.7918
-43.1604
-37.384
-55.8954
-57.9592
-53.1882
-44.5363
-54.1148
-60.601
-46.5861
-42.9278
-44.6062
-40.7847
-41.5281
-45.8217
-30.8773
-33.2606
-41.1505
-42.4443
-46.4201
-52.5582
-56.8005
-49.7487
-64.1108
-58.9897
-34.9983
-29.0016
-39.3196
-46.0283
-28.8415
-37.1375
-40.0338
-34.2063
-31.9171
-43.3112
-50.3955
-42.4815
-55.6754
-50.4606
-39.9016
-43.2665
-36.7848
-39.2072
-36.3961
-41.8066
-41.1269
-26.6746
-34.797
-28.702
-37.3147
-12.5803
-16.9527
-23.7059
-12.9709
1.83037
-19.5321
-3.3506
-20.3779
-12.2604
-22.1087
-29.1708
-7.82099
-12.8237
-8.0496
-23.7143
-12.4579
-12.741
-11.7497
-9.18203
-14.7112
-4.69882
-11.5643
-13.2697
-13.4726
-11.4898
-12.8597
-8.54936
-12.9325
-15.5413
-17.6776
-20.5319
-23.8921
-21.4141
-22.1861
-18.9319
-4.65799
-27.6531
-8.87539
-22.1583
-16.063
-14.11
-22.2786
-15.5292
-23.8576
-7.897
-8.85552
-20.829
-19.653
-15.4323
-14.173
-30.2663
-23.0925
-21.6543
-16.3329
-12.9297
-20.0182
-20.9698
-11.9184
-11.4819
-9.82227
-6.61173
-15.1657
-25.1543
-5.70534
-9.93505
-13.2917
-16.3854
-16.0513
