114.098
113.383
114.231
111.251
117.22
127.733
111.803
110.683
114.788
126.794
117.989
111.943
109.49
109.328
105.859
96.6101
105.589
91.9284
115.21
112.616
111.216
122.691
106.378
101.354
119.414
105.298
106.378
117.677
113.496
116.563
122.3
121.372
122.595
121.059
118.119
118.407
119.739
107.964
107.904
108.114
108.913
113.754
104.058
104.858
100.014
102.329
117.473
114.98
111.53
108.324
110.922
101.902
114.896
102.232
106.558
105.458
107.488
108.07
105.147
117.405
110.689
110.444
107.439
103.579
105.486
102.904
104.601
113.464
107.05
110.144
104.459
109.053
108.479
114.893
99.9646
98.8266
105.865
122.614
108.795
103.762
114.326
114.184
104.631
117.597
103.673
104.989
110.502
109.692
102.582
112.071
105.193
104.95
115.111
114.944
107.437
113.035
115.927
118.112
110.263
109.825
102.56
114.995
102.532
97.5976
104.763
115.103
98.625
95.4309
107.797
102.88
103.864
109.191
109.013
106.506
118.692
125.713
94.133
105.039
108.89
107.277
107.528
102.269
102.617
100.637
118.961
113.782
110.367
102.266
118.231
115.855
122.402
112.863
103.389
112.258
107.593
105.185
116.288
118.913
106.873
115.941
113.09
111.082
127.605
103.006
117.488
116.137
128.858
119.522
111.363
109.614
103.296
109.928
96.5946
103.44
98.5685
117.143
116.539
118.598
119.535
106.983
103.601
123.047
105.084
111.61
111.199
116.165
115.986
130.676
119.352
122.575
122.907
116.414
114.086
115.865
110.813
107.397
100.699
108.2
111.743
100.541
104.678
100.592
105.467
114.351
106.65
113.626
105.038
113.394
104.386
110.271
105.936
106.985
114.041
109.432
103.861
107.7
111.637
110.091
107.605
108.517
105.224
109.372
112.731
104.935
114.209
109.303
113.526
103.513
108.011
114.114
112.722
97.3203
106.604
110.02
108.666
111.388
105.723
112.796
115.83
109.33
111.255
104.589
106.194
112.421
108.268
105.681
109.816
106.526
107.92
114.88
115.628
106.876
110.48
110.871
122.193
105.963
107.087
101.689
113.778
98.105
101.036
105.402
112.427
103.037
96.4242
101.096
100.09
99.0947
106.939
111.38
111.341
122.81
118.229
104.733
103.466
109.552
107.205
107.411
103.786
104.536
101.572
117.022
116.795
104.625
103.603
125.798
118.084
116.396
109.255
103.17
113.445
103.71
108.445
114.765
117.758
102.292
113.57
117.806
110.941
117.102
104.461
120.092
122.737
122.017
118.992
110.342
111.227
103.958
109.466
98.2927
92.438
104.964
114.154
113.341
111.315
114.147
107.42
109.071
122.151
103.254
119.295
110.706
115.233
118.945
131.455
122.53
120.619
119.191
116.396
111.472
115.411
114.201
104.98
113.741
109.759
114.676
100.8
103.215
107.386
108.154
112.313
107.6
112.61
108.07
115.926
111.858
102.876
106.425
102.302
112.617
109.556
97.8898
115.616
105.678
114.847
107.117
106.987
97.941
110.787
115.434
108.891
113.236
116.55
118.452
109.175
108.498
113.194
109.33
98.8763
107.728
115.656
100.305
108.133
110.072
110.177
116.528
112.839
103.237
105.009
106.89
107.048
104.725
109.097
113.099
108.764
106.449
116.437
110.398
108.855
110.794
111.154
120.775
106.235
106.625
105.868
113.561
94.3267
105.234
110.268
108.19
105.991
104.906
105.653
98.2567
98.8533
104.686
110.712
112.451
129.364
106.553
108.531
103.975
110.179
107.979
106.116
101.317
106.262
103.167
110.095
110.076
99.6715
101.082
125.829
125.23
110.735
108.662
102.66
108.954
103.454
108.038
116.17
117.228
107.726
113.73
118.258
117.928
115.935
105.551
121.4
123.81
116.437
117.323
110.288
112.876
105.592
97.437
104.742
89.7647
108.805
114.708
119.319
114.341
104.268
107.467
112.591
113.858
100.551
120.23
113.915
114.433
119.797
123.055
122.51
121.913
120.567
118.89
114.426
107.172
109.406
107.216
114.228
112.356
111.469
104.982
104.123
106.636
115.639
117.605
108.159
108.359
111.595
103.752
118.845
103.491
107.369
104.096
109.955
109.823
103.969
119.877
107.466
115.581
109.015
104.789
96.1225
111.851
110.001
109.959
112.129
115.827
111.716
111.384
100.593
107.738
106.498
95.5486
101.774
114.976
