106.915
97.1724
90.021
112.761
110.732
111.148
104.682
98.4461
98.4478
96.2419
114.283
118.194
118.294
116.484
122.815
122.794
120.888
123.454
123.368
130.289
122.206
120.772
116.567
114.688
127.82
112.542
111.791
116.324
113.597
112.977
121.561
120.08
115.766
113.136
118.285
113.656
104.429
122.129
114.705
117.66
121.346
121.363
123.809
118.984
106.34
111.824
104.668
102.352
96.9075
94.6031
106.486
106.512
107.073
106.801
112.296
119.739
126.836
122.498
121.798
116.006
120.971
111.237
112.787
108.887
112.486
117.288
117.956
114.562
120.413
126.821
123.438
127.031
114.542
120.793
111.465
105.573
104.217
104.059
104.841
104.703
110.226
110.802
108.743
106.171
108.694
105.777
108.103
106.291
108.214
112.181
111.898
112.273
108.518
103.879
109.918
107.739
110.046
114.232
117.294
113.412
109.782
111.322
110.637
111.294
119.064
132.618
133.995
128.716
128.689
120.981
119.405
120.907
127.353
124.313
124.197
129.824
121.736
136.96
124.566
120.137
122.076
124.914
128.966
121.608
124.063
130.236
126.487
122.527
129.376
126.997
127.315
122.94
119.796
122.182
119.19
122.171
122.077
122.341
124.874
118.207
125.435
124.33
119.468
118.815
124.221
129.343
126.759
132.738
127.588
129.259
121.987
121.681
128.71
120.366
122.619
121.961
118.134
122.132
122.725
125.477
121.773
118.49
123.425
127.494
130.153
132.65
134.357
131.034
123.023
122.027
125.285
123.833
120.083
123.829
121.776
122.167
114.995
124.92
125.325
121.186
116.253
122.131
115.58
115.939
122.074
123.073
121.486
112.339
116.316
112.818
115.61
123.229
118.031
117.064
117.778
119.058
120.876
116.47
123.206
116.271
113.715
117.415
111.194
104.865
110.051
101.311
104.178
117.786
117.665
108.19
119.3
121.246
119.321
122.71
115.008
101.436
109.134
112.68
116.291
118.992
125.547
120.176
130.339
132.206
123.652
124.402
129.372
127.979
122.714
124.742
128.769
137.521
141.095
144.675
132.194
133.742
125.765
126.187
126.799
123.777
125.69
131.631
141.153
139.474
134.921
128.333
120.135
126.063
119.614
119.787
121.028
120.468
122.676
131.187
132.13
129.383
127.969
127.267
129.032
134.13
125.217
124.903
137.368
122.292
119.733
110.769
107.927
102.21
106.966
115.769
114.636
120.221
119.393
117.221
102.658
93.5231
104.032
109.354
114.806
124.151
118.378
113.094
119.092
115.603
108.51
108.463
119.054
117.098
112.475
113.779
113.246
106.912
107.847
100.799
93.8818
96.5054
88.4708
97.3174
92.3371
99.3885
99.1064
101.862
101.714
100.582
104.337
98.3243
88.8405
87.7702
92.5103
81.4803
91.863
97.1019
92.1139
90.629
98.7874
95.9853
91.7184
102.382
106.698
103.178
102.232
95.3308
91.471
87.2925
88.4997
94.341
86.2189
86.6466
98.5156
92.4821
99.1455
99.4943
109.671
105.5
98.4305
90.8305
89.297
93.3657
91.0707
95.4909
95.3041
88.741
94.4878
92.9162
100.866
110.354
104.277
109.508
104.46
108.452
102.313
96.4067
92.0017
98.478
94.1449
92.8635
101.949
92.2985
90.4138
97.604
92.4828
95.7743
93.5527
90.9364
96.5579
96.8407
92.2944
98.6503
92.1269
94.1015
96.9489
96.2722
86.0153
94.8894
95.352
91.0175
92.8211
91.451
94.5023
93.6836
91.3163
90.6705
92.5129
94.5959
92.6937
90.4297
90.6761
94.6903
87.7453
84.3679
83.2433
85.8661
81.5778
86.9395
113.922
