-20.2315
-5.56501
1.0059
-20.6393
-22.5826
-19.5427
-14.1492
-16.9089
-21.6115
-22.1946
-25.7149
-35.1443
-34.3891
-32.4052
-40.3561
-32.6027
-33.7572
-60.5465
-56.8547
-52.4896
-54.6539
-56.7758
-56.9708
-59.5245
-63.9189
-62.4534
-66.587
-56.9676
-53.9979
-61.8076
-60.3449
-56.8663
-56.917
-55.7171
-59.914
-57.0189
-51.8983
-48.2757
-51.621
-52.8293
-56.0704
-45.9158
-53.3639
-56.2483
-53.0179
-48.0344
-57.9454
-51.5924
-49.2107
-53.0196
-56.3692
-52.8092
-50.8118
-53.0517
-60.4829
-54.1636
-56.8585
-54.6687
-54.5664
-56.6269
-55.7373
-59.1151
-47.4528
-46.4708
-50.1512
-49.8234
-49.2208
-51.4313
-55.6601
-55.3549
-60.0387
-55.0602
-53.6429
-57.2371
-57.0019
-53.078
-54.3883
-53.7925
-51.437
-53.3538
-52.9912
-54.3668
-53.1735
-59.3377
-53.0992
-51.4277
-58.2523
-56.8598
-54.5812
-52.2213
-57.3991
-55.7259
-54.9839
-49.603
-45.9946
-52.8743
-54.1312
-52.2578
-55.1884
-51.8184
-46.9137
-49.0807
-40.7482
-40.76
-41.2554
-43.9089
-33.356
-38.0631
-45.1033
-41.8698
-45.9054
-44.8236
-42.4726
-37.5067
-40.3937
-39.4771
-44.2851
-40.377
-45.1991
-41.4598
-42.3255
-43.0924
-40.2243
-37.4594
-47.0325
-42.5964
-42.6046
-41.804
-40.631
-41.4989
-37.9097
-40.2366
-36.027
-40.2447
-36.6885
-39.3399
-35.2651
-37.2479
-37.9761
-33.2247
-41.9227
-40.5278
-37.7483
-36.813
-33.2873
-34.7471
-35.7466
-36.0339
-37.4887
-29.7683
-33.5713
-33.6395
-33.2056
-33.777
-37.2889
-34.9594
-38.7402
-35.2689
-31.156
-36.5674
-34.297
-37.6312
-34.7448
-49.1467
-40.4794
-41.784
-40.7154
-43.7398
-49.9491
-48.2075
-49.1662
-30.4417
-31.6827
-30.883
-37.4489
-31.5236
-43.9889
-37.7087
-50.4349
-33.5924
-37.9632
-46.3563
-38.5755
-44.4744
-42.6498
-39.4646
-42.848
-54.6074
-49.6733
-46.8743
-47.0553
-46.8014
-47.6042
-40.8112
-51.6895
-48.8757
-50.123
-46.9996
-54.077
-59.16
-58.9844
-51.337
-56.1433
-56.267
-52.639
-51.6409
-51.7835
-54.2621
-57.912
-34.0913
-37.4021
-20.8461
-6.06959
