-28.1375
-23.1507
-31.1343
-28.3693
-29.9068
-30.9527
-34.8819
-39.9269
-35.4947
-47.1858
-37.547
-33.8568
-31.0181
-29.6379
-19.1065
-10.3309
-16.7653
-9.27067
-4.1712
-27.2251
-25.1619
-36.0923
-34.8291
-37.7201
-28.7242
-26.9976
-16.4488
-12.4912
-2.93482
-3.17836
-7.03249
-12.1667
-9.92777
-13.0251
-6.90548
-8.3672
-12.0472
-2.99198
-7.79634
-13.2382
-26.3872
-32.7379
-39.1113
-39.4202
-49.5558
-34.0203
-29.1608
-17.4737
-22.6276
-16.9513
-25.8412
-37.335
-28.7974
-43.9918
-34.4034
-31.5282
-15.8091
-17.9837
-12.8281
-27.2595
-27.5478
-34.3075
-28.5477
-38.0685
-29.0418
-29.4725
-36.5646
-28.191
-40.7118
-37.576
-43.6942
-35.402
-39.7503
-35.8909
-35.9556
-36.5043
-40.6391
-32.8255
-35.2264
-26.9095
-31.8957
-27.8592
-30.3353
-33.8529
-33.8188
-37.9289
-42.7757
-34.3245
-42.4852
-32.0571
-34.3642
-31.9281
-36.8428
-32.7962
-30.8305
-36.4278
-33.0545
-31.8354
-25.966
-24.6963
-27.4351
-22.702
-29.0371
-23.256
-23.5295
-28.3025
-18.4408
-20.2226
-18.1277
-11.5997
-19.0298
-21.4112
-22.7347
-25.2746
-17.5214
-22.5844
-25.668
-24.1071
-23.2205
-25.1124
-28.6486
-20.4853
-19.8063
-31.6565
-29.9131
-26.3911
-33.477
-28.8443
-29.8807
-30.3012
-30.3325
-41.0503
-33.9736
-32.1576
-30.4089
-27.4743
-27.3734
-43.2691
-32.0286
-34.8807
-32.1253
-25.5655
-29.8823
-24.3831
-30.1091
-32.2615
-24.4441
-28.9533
-28.6628
-33.7336
-25.8712
-12.4752
-15.6577
-14.7413
-27.5421
-12.7481
-7.84099
-10.5952
-13.4142
-16.636
-9.55195
-5.57589
-15.6954
-7.12772
-18.4316
-2.28414
-2.28076
-14.5947
-19.9601
-6.43835
-6.85026
-15.5545
0.146376
-7.5227
-9.0727
-27.3204
-21.8088
-12.154
-23.4736
-4.25076
-14.8094
-8.25571
-12.1459
0.0542219
-23.2387
-4.73776
-18.7556
2.54542
-10.722
-8.89405
-9.47651
-8.88444
-1.42443
-1.03488
-11.9556
-8.16804
-8.44757
-9.88911
-12.8994
-10.5322
-1.5734
-29.5358
3.76575
-7.56923
-7.6247
-12.5415
-2.40945
-20.194
-11.6054
-10.0796
-10.483
-0.709518
-11.3807
-13.1667
-8.67319
-9.52238
-11.5596
-2.11622
-10.5037
-6.52709
-13.2427
-9.88735
-12.1348
-5.64918
-13.7227
-17.4068
-11.4272
-16.4198
-16.8633
-14.1774
-8.21455
-13.1394
-2.72645
-17.1245
-12.3566
-12.5004
-8.03509
-5.81869
-11.1372
-16.8345
-25.9474
-21.5265
-35.0405
-34.7571
-33.3045
-28.7568
-34.099
-37.933
-39.8807
-41.966
-35.1796
-33.6123
-32.4478
-27.4658
-16.7819
-18.0887
-14.0076
-4.74086
-11.7268
-21.0358
-26.0317
-34.8298
-33.5794
-37.0808
-27.7727
-27.7368
-13.128
-9.92106
-12.9932
-2.04417
-7.48291
-5.49815
-5.51628
-9.8715
-4.30953
-13.6738
-18.7799
-14.4908
-4.5821
-8.36679
-23.5767
-31.2594
-42.8871
-39.1866
-36.0289
-29.7935
-17.1696
-19.9246
-23.0006
-24.3123
-34.9808
-35.1931
-29.4929
-44.7847
-34.6302
-27.2403
-9.48121
-17.6639
-9.91055
-22.5719
-24.7313
-31.9197
-29.327
-40.5578
-25.2645
-30.8197
-37.8226
-31.9126
-38.4048
-40.1016
-44.851
-41.1232
-38.3744
-37.5602
-35.8702
-34.232
-45.3233
-31.4846
-38.3866
-25.4173
-31.559
-32.9297
-32.7664
-39.8997
-35.4059
-45.0141
-41.1902
-36.5319
-45.5792
-32.4041
-32.9207
-34.215
-37.9069
-37.6626
-33.5435
-37.7121
-34.3761
-32.6104
-28.9128
-23.6696
-30.6576
-24.6535
-29.572
-24.5646
-23.2948
-24.2026
-20.6596
-14.8913
-20.0789
-8.72444
-14.2256
-21.0283
-24.1023
-20.6084
-21.8674
-24.2838
-22.739
-21.0361
-24.4363
-27.4015
-24.4335
-19.414
-28.0469
-26.221
-33.9618
-26.2973
-44.6571
-33.8916
-34.7871
-31.4445
-34.4226
-38.9179
-34.2602
-26.8188
-33.2042
-27.515
-28.2225
-43.1901
-31.5404
-27.2252
-20.844
-33.9388
-22.6763
-26.0377
-34.5209
-30.6502
-15.0451
-36.5638
-35.6828
-31.9995
-26.1856
-14.6326
-18.365
-18.8103
-22.1811
-14.0835
-13.1373
-3.64392
-17.7704
-14.8355
-9.08341
0.657314
-15.0437
-11.3859
-15.3288
-3.14487
-1.41157
-12.5975
-24.7567
-8.1271
-6.65625
-18.0426
-4.86332
-3.04218
-7.86506
-26.8184
-14.9674
-15.1281
-13.5232
-6.67182
-8.5717
-6.41523
-16.9175
-9.83264
-18.1345
-15.232
-12.4786
7.82651
-11.2806
-5.02671
-15.5839
-7.67585
1.16112
3.48328
-14.6655
-12.9336
-7.71787
-6.61719
-19.332
-9.72151
-5.81088
-18.8242
0.640326
-8.33533
-4.92514
-12.3795
-10.5274
-26.23
-11.3723
-12.0018
-7.42648
-7.35806
-14.5094
-4.8645
-9.97031
-6.83266
-11.5748
-6.29874
-16.2157
-6.78645
-16.6378
-10.8881
-5.53009
-15.1805
-12.8976
-12.7063
-11.3766
-20.0037
-15.4621
-13.6023
-5.49469
-12.2605
-7.75718
-9.67804
-12.8034
-8.98786
-4.10552
-7.6218
-7.18786
-26.1003
-22.4996
-24.7435
-31.4009
-35.4204
-41.5115
-32.2666
-35.2231
-35.6576
-38.3377
-32.5757
-34.5709
-28.6452
-26.6896
-24.3389
-13.5246
-18.7519
-16.7843
-5.6887
-18.3279
-11.2447
-28.2396
-36.0307
-30.5197
-38.4666
-30.5017
-23.4236
-10.2929
-4.2797
-18.6616
-6.927
-15.9182
-8.58139
-3.91554
-3.82694
4.9082
-10.9626
-16.6607
-21.3369
-11.6271
-19.6778
-25.1559
-29.6845
-45.4348
-45.3364
-31.7498
-30.1705
-15.839
-20.3251
-21.2136
-26.6286
-37.9075
-37.644
-38.0028
-41.2499
-35.2829
-20.0736
-0.53226
-20.6673
