-25.6105
-24.655
-24.1065
-26.9926
-27.7578
-28.9842
-29.3395
-30.7113
-31.6612
-32.9372
-29.8846
-25.2045
-24.6496
-24.1249
-24.4592
-27.7484
-27.9202
-29.2191
-29.2857
-29.4198
-29.9569
-30.145
-30.5237
-30.7386
-31.69
-31.3314
-32.9921
-32.7582
-33.5196
-33.7396
-33.8004
-35.177
-34.9562
-36.6037
-36.8705
-36.4654
-35.7347
-35.7197
-36.818
-32.0084
-21.6565
-19.7715
-19.3943
-19.2244
-22.1434
-24.733
-24.734
-24.4393
-24.2116
-24.1291
-24.2781
-24.5124
-24.7461
-25.0696
-25.1071
-24.9548
-24.9688
-25.1834
-25.3644
-25.5163
-25.5509
-26.352
-27.3237
-28.5588
-30.1319
-32.1664
-35.6554
-37.1792
-38.8391
-40.9644
-42.1097
-39.0816
-36.5343
-34.8083
-33.6921
-33.2873
-33.0984
-33.1469
-33.3148
-33.5988
-33.9399
-34.1923
-34.3894
-34.5554
-34.623
-34.7039
-34.718
-34.634
-34.6055
-34.5062
-34.4151
-34.3075
-34.2316
-34.0949
-34.0065
-33.9325
-33.8867
-33.8499
-33.8323
-33.8146
-33.7998
-33.7875
-33.8283
-33.7811
-33.8246
-33.7501
-33.7911
-33.709
-33.7003
-33.5756
-33.4632
-33.2674
-33.1722
-32.9114
-32.901
-32.6336
-32.5597
-32.1952
-32.0395
-31.7167
-31.5362
-31.2924
-31.1081
-30.9088
-30.7553
-30.5439
-30.4134
-30.244
-30.1027
-29.9921
-29.8543
-29.7172
-29.5819
-29.3162
-29.1342
-28.7932
-28.5909
-28.5845
-28.3522
-28.5171
-28.4167
-28.6581
-28.9056
-29.3004
-29.2782
-29.2903
-28.8417
-28.4152
-28.0348
-27.8155
-27.5214
-27.4253
-27.3631
-27.3179
-27.3839
-27.4408
-27.6693
-27.9053
-28.1784
-28.5913
-29.1053
-29.7271
-30.9408
-32.3451
-34.7206
-25.0145
-24.3441
-24.2638
-24.1543
-30.6833
-34.7055
-36.5104
-38.3786
-40.6518
-42.8671
-44.2022
-42.9343
-40.9909
-38.1216
-34.7187
-33.8734
-31.6122
-28.6742
-27.383
-26.0027
-25.7018
-25.9497
-26.958
-27.059
-27.1257
-27.2646
-26.3926
-26.3971
-26.5621
-26.5407
-27.548
-27.7698
-28.1364
-27.8461
-27.4929
-27.6404
-27.3131
-27.5887
-27.423
-27.5972
-27.4066
-27.3944
-27.4901
-27.3777
-27.5322
-27.3519
-27.4961
-27.3975
-27.5812
-27.317
-27.4008
-27.332
-27.1808
-27.3309
-27.0721
-27.2833
-26.9398
-26.9881
-26.8449
-26.4852
-26.7052
-26.3523
-26.5464
-26.348
-26.0853
-26.2518
-25.8808
-26.1094
-25.7551
-25.7203
-25.8147
-25.4258
-25.751
-25.3345
-25.4606
-25.2777
-25.0045
-25.2361
-24.9036
-25.1626
-24.8157
-24.8917
-24.7471
-24.5562
-24.808
-24.5638
-24.8233
-24.8343
-25.2073
-25.3188
-25.5234
-25.8653
-26.0454
-26.732
-27.2436
-28.6909
-29.4314
-27.9326
-26.693
-22.8674
-19.2632
-18.9675
-19.1016
-20.4125
-25.9745
-30.0816
-31.5409
-33.0988
-33.9287
-36.7864
-38.3988
-41.3775
-41.1247
-38.0132
-36.5318
-36.3044
-35.6395
-36.7778
-36.6608
-35.811
-36.0245
-35.1016
-35.2213
-34.3397
-35.1014
-36.5631
-38.4354
-45.3777
-42.3629
-38.0424
-34.1057
-31.3979
-29.3675
-27.9139
-27.2153
-26.5881
-25.9074
-26.17
-27.3606
-29.1788
-33.2977
-40.0641
-37.3003
-35.2166
-32.446
-29.4663
-27.3434
-25.6577
-24.3219
-23.6821
-22.9717
-22.7127
-22.8086
-22.7031
-22.8236
-22.6684
-22.5943
-22.9205
-22.702
-22.7084
-22.7561
-22.544
-22.7709
-22.3618
-22.5021
-22.514
-22.4493
-22.8472
-22.7459
-22.6593
-22.7475
-22.6238
-23.0739
-22.787
-22.8553
-23.0391
-22.9711
-23.2538
-22.929
-22.8313
-22.9817
-22.7046
-22.8275
-22.507
-22.2612
-22.4714
-22.1077
-21.9025
-21.5193
-20.9222
-20.9168
-20.3194
-20.0969
-19.8748
-19.431
-19.5967
-19.1148
-18.9264
-18.8285
-18.4675
-18.7127
-18.5127
-18.6765
-18.7504
-18.5644
-18.9085
-18.7499
-18.7905
-18.6874
-18.4228
-18.7276
-18.6032
-18.5144
-18.9043
-18.7661
-19.2409
-19.1465
-19.3318
-19.7221
-19.4908
-19.7049
-19.5443
-19.2982
-19.5704
-19.1889
-19.0062
-18.8252
-18.3106
-18.3316
-17.8223
-17.6723
-17.4
-17.0105
-16.9767
-16.5689
-16.6886
-16.4551
-16.0116
-15.9792
-15.5307
-15.5879
-15.2264
-15.2231
-15.1965
-14.988
-15.1824
-14.9454
-15.1665
-15.1394
-14.975
-15.2954
-15.1014
-15.2878
-15.3257
-15.2495
-15.6644
-15.7054
-16.062
-16.3451
-16.3967
-16.931
-16.9829
-17.0867
-17.2948
-17.1513
-17.6054
-17.4499
-17.4479
-17.4586
-17.1031
-17.3752
-17.1442
-17.1096
-17.1342
-16.7591
-16.968
-16.8695
-17.0129
-17.0752
-16.8026
-17.0172
-16.8742
-17.2592
-17.4742
-17.4953
-17.9733
-18.0481
-18.7406
-18.7936
-19.0121
-19.4237
-19.5268
-20.1161
-20.4949
-20.7527
-20.998
-21.0908
-21.4531
-21.7364
-22.1849
-22.4435
-23.162
-22.9831
-22.5183
-22.6633
-23.3533
-24.2333
-26.514
-26.5241
-26.0548
-25.7415
-25.3221
-25.3624
-25.0718
-25.1829
-24.9079
-25.0163
-25.1164
-25.2448
-25.8064
-25.5785
-25.8045
-25.4836
-25.4612
-25.083
-24.8529
-24.7129
-24.225
-24.2799
-23.8004
-23.8206
-23.9195
-23.7551
-24.3981
-24.1451
-24.365
-24.5254
-24.0475
-24.4108
-23.8334
-23.8291
-23.8604
-23.499
-23.9301
-23.5298
-23.7767
-23.9766
-23.9203
-24.6161
-24.6394
-25.0478
-25.8505
-25.8794
-26.7022
-27.0656
-27.1145
-27.8627
-27.5054
-27.3207
-27.5521
-28.1925
-27.4122
-29.1615
-27.4995
-28.2013
-29.1533
-28.9644
-33.0512
-34.6536
-46.2607
-56.9226
-57.5069
-56.4909
-53.0604
-42.8125
-34.318
-29.5436
-27.9361
-26.172
-25.8658
-25.4182
-25.4017
-25.213
-25.1895
-25.17
-25.169
-25.1304
-25.08
-25.0592
-24.9996
-24.9907
-24.9075
-24.8408
-24.7621
-24.7086
-24.6527
-24.6038
-24.5733
-24.5016
-24.488
-24.4497
-24.4547
-24.4392
-24.4411
-24.4378
-24.4116
-24.4037
-24.3475
-24.3278
-24.2283
-24.2003
-24.0529
-24.0075
-23.8746
-23.8189
-23.6935
-23.604
-23.5336
-23.4585
-23.515
-23.4802
-23.568
-23.4555
-23.4843
-23.3303
-23.3519
-23.2206
-23.2327
-23.1159
-23.1186
-23.0186
-23.0011
-22.8708
-22.8195
-22.6749
-22.6145
-22.5324
-22.4969
-22.4663
-22.5026
-22.4684
-22.5255
-22.4821
-22.5703
-22.5399
-22.6429
-22.5968
-22.6778
-22.6313
-22.6965
-22.7043
-22.7281
-22.7389
-22.7117
-22.6904
-22.6017
-22.5847
-22.4859
-22.4939
-22.4232
-22.4662
-22.3947
-22.5237
-22.4695
-22.6833
-22.6257
-22.8413
-22.7705
-22.9353
-22.8304
-22.9149
-22.8027
-22.8085
-22.7143
-22.6759
-22.6321
-22.6085
-22.6586
-22.7019
-22.7333
-22.8357
-22.8518
-23.0274
-23.053
-23.2507
-23.2861
-23.4875
-23.477
-23.6333
-23.5468
-23.5923
-23.5014
-23.5434
-23.3989
-23.4137
-23.197
-23.228
-23.0906
-23.4068
-23.4007
-23.9491
-23.8563
-24.1284
-24.217
-24.1461
-24.3438
-24.0363
-24.2728
-24.0228
-24.4522
-24.3122
-24.4073
-24.6613
-24.6156
-24.7154
-24.5821
-24.8799
-24.6745
-24.9715
-24.8083
-24.9536
-25.0013
-25.1106
-25.2284
-25.3696
-25.6524
-26.2432
-27.8432
-29.2965
-31.9777
-32.2793
-31.717
-30.9657
-30.3549
-30.2102
-29.9026
-29.71
-29.7314
-29.5665
-29.4595
-29.4766
-29.2984
-29.5617
-29.6901
-29.8568
-30.3532
-30.7865
-31.8488
-29.9167
-28.1162
-27.7725
-27.81
-29.7707
-34.1906
-34.5349
-34.1438
-33.9584
-33.4199
-35.6274
-36.9629
-38.0457
-38.2981
-34.8097
-33.5086
-32.4372
-31.9417
-32.6166
-32.9995
-33.1904
-33.4951
-33.644
-34.2359
-34.2295
-34.0689
-34.2427
-34.3358
-35.4395
-36.7104
-38.4589
-40.6223
-43.2894
-46.5205
-49.3022
-50.7169
-51.8185
-54.3727
-57.3828
-36.9903
-31.936
-30.404
-29.442
-29.4414
-30.2836
-31.6185
-32.2526
-33.4498
-34.7812
-36.7499
-38.9486
-38.0549
-35.5539
-33.5551
-32.0251
-30.2495
-29.0301
-27.7419
-26.7857
-25.7386
-24.9793
-24.8279
-25.0616
-24.9324
-24.7944
-24.6454
-24.6488
-24.5744
-24.0939
-23.8355
-23.8872
-24.3856
-24.5106
-24.3607
-24.3531
-24.3338
-24.4092
-23.9636
-23.5725
-23.5016
-23.7817
-24.1092
-24.038
-23.9777
-24.0283
-24.137
-23.9212
-23.3609
-23.1641
-23.4128
-23.783
-23.7506
-23.6187
-23.6145
-23.7581
-23.6169
-23.1145
-22.8303
-22.8893
-23.2825
-23.5706
-23.5361
-23.5204
-23.7021
-23.8506
-23.7153
-23.2316
-23.088
-23.3438
-23.7388
-23.8595
-23.7387
-23.7776
-23.9863
-24.1293
-23.8916
-23.7778
-24.3317
-25.4709
-26.6036
-28.2791
-29.9989
-32.4639
-35.3922
-36.9924
-37.6531
-38.7375
-40.2614
-41.1248
-42.1001
-43.4739
-44.7068
-46.1962
-46.5443
-47.372
-48.8359
-49.7359
-34.7405
-33.0704
-32.5373
-31.9846
-34
-34.6473
-33.9376
-33.5691
-33.3062
-33.1204
-33.0811
-33.2385
-33.5685
-33.7493
-33.8077
-33.8376
-33.8348
-34.0527
-34.1849
-34.2006
-34.1005
-33.9779
-34.0096
-34.1193
-34.2235
-34.1098
-29.3722
-25.3093
-24.8599
-24.4166
-24.5201
-27.5334
-27.3821
-28.0566
-28.4517
-28.5501
-28.8974
-28.6475
-29.1633
-28.8709
-29.329
-29.5225
-30.2727
-31.6701
-33.3195
-36.4857
-32.0644
-28.5702
-26.7293
-25.5947
-25.459
-25.7452
-25.9555
-25.9208
-26.3365
-26.0598
-26.2803
-26.3008
-26.151
-26.2866
-25.8392
-26.0535
-25.4444
-25.4162
-25.0798
-24.8551
-24.7677
-24.5405
-24.4771
-24.2837
-24.3734
-24.1218
-24.4495
-24.1573
-24.4005
-24.2283
-24.3363
-24.5544
-24.4838
-24.9156
-24.4786
-24.816
-24.7014
-24.608
-25.0452
-24.6682
-25.0183
-24.812
-24.661
-25.0942
-24.6518
-24.9946
-25.1168
-24.8644
-25.3209
-25.0175
-24.9282
-25.3468
-24.9909
-25.2158
-25.1067
-24.8594
-25.0609
-24.4916
-24.6111
-24.2301
-24.5098
-24.8569
-25.0451
-25.3511
-25.0352
-26.0355
-26.8976
-28.5602
-30.7151
-31.1244
-30.8738
-30.6739
-30.5216
-30.7068
-31.4241
-33.1254
-35.6458
-39.9249
-47.6284
