-11.2322
-3.66519
4.10073
-2.50005
-0.887529
2.348
5.76447
3.3061
4.38414
9.887
15.0791
9.63484
17.1116
4.03075
9.38827
-2.56879
0.193756
-7.05413
-11.1468
-12.8387
-14.7357
-12.4148
-15.5068
1.52599
6.9079
2.21528
-7.70291
-22.7866
-12.3966
-17.1757
-6.22035
-12.7659
-15.5471
-16.5354
-16.7809
-23.6397
-16.6625
-16.6083
-10.0953
-21.9646
-30.1312
-34.74
-30.7326
-34.8334
-26.3336
-32.2182
-22.069
-42.6774
-26.8233
-31.8952
-26.9714
-30.332
-32.9681
-37.7265
-33.9462
-23.6113
-16.8138
-8.63676
-12.6147
-17.2384
-14.2404
-18.7215
-15.2369
-26.0656
-15.4397
-22.9244
-22.6611
-20.3266
-14.5222
-18.2491
-12.3863
-13.5038
-16.5934
-21.6814
-18.617
-22.2934
-15.8756
-29.1758
-21.887
-21.174
-26.0344
-29.094
-22.7988
-28.4767
-25.6818
-27.9312
-27.3604
-27.5703
-30.3628
-39.4038
-33.2014
-29.7673
-30.6541
-36.8381
-31.8141
-27.4765
-25.5094
-35.3293
-30.6376
-32.9283
-35.2864
-33.6763
-32.4143
-32.5714
-27.5106
-33.0266
-28.5267
-26.574
-26.7693
-37.5398
-34.2939
-35.2326
-50.7922
-44.5385
-39.9777
-48.9018
-41.8618
-36.3015
-38.0391
-38.9446
-36.3739
-30.2281
-26.423
-30.5712
-36.2195
-33.2917
-37.173
-35.1781
-29.2837
-36.1154
-38.0069
-35.1539
-28.2275
-27.0555
-14.0425
-19.3469
-20.0997
-23.0952
-22.6821
-11.4859
-7.29935
-13.1995
-18.2694
-23.3059
-17.3653
-1.08009
-9.22171
-10.5066
9.88697
0.317712
-0.0880724
-12.1807
-16.5573
-11.1287
-6.52418
-2.40726
-4.82914
-1.21986
-3.20697
-19.4088
-5.07633
-21.719
-16.2061
-9.93226
3.74283
-21.5821
-8.80703
-9.43052
-18.8307
-24.2166
-18.8458
-15.2915
-17.175
-24.3808
-22.9603
-14.1912
-23.2393
-16.1655
-17.6121
-18.1275
-5.41759
2.95382
-17.3221
-10.1653
-15.8415
-11.123
-13.967
-14.8245
-9.67009
-8.00326
-13.9447
-11.8094
-21.8257
-22.9198
-8.07654
-8.40581
-1.03644
-3.99308
-12.6898
-24.4205
-15.4888
-1.69863
0.194265
-14.5442
-6.90606
-12.7805
4.25394
0.61596
2.75784
-2.57586
-8.70847
-21.3526
-11.3944
-8.5354
-1.60374
-14.9096
-15.7714
-15.0494
-8.79957
-23.5132
-12.7866
-7.27834
-14.4739
-20.5425
-6.0363
-15.1713
-11.5726
-19.8587
-19.1514
-15.8379
-17.1615
-17.9836
-15.0143
-10.7807
-1.81408
-5.82756
-3.12557
-6.13908
-8.26057
-9.46015
-9.61585
-1.52941
-0.886803
-0.805468
2.18729
2.54268
5.51801
1.75622
5.45526
8.60685
7.68069
15.0052
12.8579
5.33233
8.10914
-0.771734
-5.00308
-11.0806
-10.2085
-11.5522
-19.7014
-12.9357
-13.4733
6.35643
4.98806
3.46469
-9.5973
-17.5748
-21.1837
-17.9586
-7.82581
-8.50612
-15.223
-17.4678
-21.9111
-22.5185
-16.621
-13.7774
-23.4753
-21.8979
-33.5952
-28.8879
-35.5034
-35.0677
-30.5808
-28.407
-24.5539
-41.6672
-31.9633
-30.5569
-29.1984
-31.327
-28.6861
-30.9671
-44.5513
-22.9075
-10.6507
-15.0856
-17.3669
-11.1825
-15.288
-13.3412
-11.9843
-19.2449
-18.1572
-20.1234
-25.306
-15.8857
-15.4102
-27.458
-14.3572
-11.1936
-17.9922
-17.0876
-15.7199
-20.8726
-16.1964
-30.0604
-19.3696
-19.3228
-26.9564
-30.0051
-24.7042
-32.7001
-26.2489
-31.1347
-23.0964
-32.4245
-29.8516
-41.5797
-30.3614
-29.746
-32.0719
-39.0975
-31.8534
-27.731
-28.5576
-31.8588
-30.3051
-27.2292
-36.3508
-30.2462
-30.9415
-28.7403
-25.106
-29.6831
-26.7775
-23.1524
-27.5687
-36.6696
-35.6304
-35.2352
-49.136
-41.289
-44.0922
-45.7024
-42.5457
-27.3158
-32.8672
-33.2377
-29.5553
-30.0748
-20.1907
-32.3416
-29.9904
-37.2211
-48.7565
-33.7064
-27.3978
-32.3304
-33.7573
-23.0293
-28.829
-24.0086
-16.8824
-22.4877
-20.1673
-23.609
-20.9441
-10.1486
-13.7832
-13.8054
-19.2748
-18.9078
-11.5664
-11.1032
-9.0809
-2.57766
7.40303
-7.95028
-2.44589
-13.7404
-16.4516
-1.31359
-7.11249
-4.55764
-4.39963
-6.05647
-6.49907
-16.9275
-11.4629
-21.8715
-12.3438
-10.3619
-3.17517
-12.7136
-13.0589
-7.08656
-23.8739
-26.2082
-21.8536
-20.7738
-20.8479
-23.8701
-12.0111
-22.2552
-19.3437
-11.3687
-24.641
-20.516
-9.40799
3.87603
-13.8774
-19.4815
-17.3386
-16.8793
-18.0876
-10.3254
-6.48178
-5.51593
-18.361
-14.3221
-14.1571
-25.3561
-8.26767
-6.90005
-5.06525
-4.42493
-5.68173
-24.8606
-8.06607
-13.6812
-7.08816
-21.0394
-4.34303
-5.49749
14.0667
-4.05431
-1.99606
-5.02486
-3.52215
-19.7485
-4.1943
-9.19848
-0.263088
-19.7423
-8.02459
-14.3914
-13.8491
-27.2584
-13.3321
-8.63848
-14.8822
-11.7157
-8.18899
-16.2792
-6.97118
-23.0243
-13.1801
-16.1626
-10.2133
-21.876
-12.8354
-14.0841
-8.27721
-9.55325
-8.46867
1.14352
-12.9992
-10.5632
-6.22543
1.0768
-7.61074
-7.4967
3.80002
1.05094
0.367194
-1.01973
5.59118
2.00751
3.40168
18.6925
5.5297
9.42568
5.21925
-0.168521
-1.11016
-15.0958
-7.58971
-0.452191
-21.7289
-19.7574
-14.2176
4.54498
-3.22784
-1.99084
-12.6408
-12.8683
-26.357
-16.3546
-8.28921
-6.39225
-14.0469
-13.6616
-19.2415
-23.3144
-16.1076
-10.3577
-26.4064
-23.3173
-31.5924
-26.3801
-38.3477
-32.3717
-36.3192
-24.7611
-23.8802
-37.2598
-30.9381
-29.7718
-31.4565
-33.5905
-34.1355
-26.4696
-34.7011
-19.2882
-15.6769
-16.3464
