-49.937
-48.5101
-52.9611
-55.7018
-50.4356
-50.7223
-45.4426
-47.4884
-59.5359
-19.7981
-15.0034
6.9511
-0.332057
-2.0229
-1.1417
-5.47389
-8.51596
-2.01366
0.97189
6.30225
1.09753
5.92665
8.152
8.90401
13.171
18.8068
20.5232
23.1382
23.3748
14.257
10.3173
8.7011
15.4134
16.5015
14.1107
8.99182
13.8496
8.82585
18.6631
17.83
14.0761
12.6595
4.22286
9.85316
-1.47234
11.1889
12.0041
12.2105
5.4163
4.52796
7.7692
8.5988
10.3904
21.4045
23.5703
19.4045
16.2738
16.266
16.5811
16.433
16.6601
7.61574
8.66176
9.90891
12.1342
16.7173
11.9686
7.00346
6.19838
13.374
7.39045
3.825
14.2519
13.6867
-12.9461
-45.2902
-59.6592
-59.3065
-56.2033
-57.6165
-69.1491
-67.7252
-66.9715
-69.4236
-55.783
-57.2403
-50.1267
-44.1119
-43.9748
-39.6522
-37.2852
-33.1014
-38.6588
-37.6288
-37.1574
-39.1775
-36.1987
-40.5862
-38.8363
-41.9753
-39.3585
-56.782
-55.34
-63.0747
-49.1285
-53.775
-23.0837
-27.0525
-33.2091
-31.6382
-27.3033
-27.486
-35.1762
-21.5776
-12.7394
-30.4955
-27.2545
-28.2339
-36.7512
-29.5449
-34.7671
-34.7554
-40.0514
-31.0855
-30.7824
-15.3228
-24.7721
-49.2175
-31.6051
-22.0599
-11.803
-12.6432
-12.367
-15.1237
-7.05344
-8.0621
-8.78192
-9.03683
-6.38831
-8.9744
-12.4318
-8.08917
-7.03568
-6.70057
-5.20247
0.860017
7.53171
4.52319
-1.80537
-0.752051
2.44004
-3.50418
-4.62105
-5.73629
-2.04191
-7.10936
-5.22111
-5.14581
-3.85254
-3.90443
-4.66432
-5.10598
2.22595
-5.17037
-15.0126
-10.8456
-11.5759
-11.1416
-3.18435
-6.76675
-6.09322
-14.6716
-11.5945
-11.105
-11.7776
-17.3086
-16.4855
-10.6302
-16.6938
-13.9737
-20.0136
-16.9676
-15.8858
-22.3053
-27.9613
-18.9372
-19.9498
-23.1745
-22.1284
-17.3538
-17.7737
-21.1732
-17.7681
-16.2562
-24.2028
-14.2383
-14.2528
-14.9969
-11.1268
-15.2094
-19.9155
-25.3804
-17.9962
-20.2803
-12.1589
0.967912
-6.81294
4.17001
-1.94597
-10.8018
-17.8569
-13.669
-13.8144
-9.94726
-12.7091
-13.4613
-9.86562
-12.0988
-21.1544
-6.54395
-12.151
-14.0785
-12.4138
-15.038
-14.7623
-18.4312
-13.0026
-10.5891
-11.8755
-14.2665
-13.7773
-11.5993
-12.5976
-12.1926
-10.5452
-14.3184
-9.99441
-14.5255
-13.0982
-10.5123
-9.91125
-12.5011
-11.7983
-13.1681
-17.1842
-12.1207
-11.685
-12.4704
-14.339
-13.8373
-20.9312
-19.3255
-27.7545
-31.6612
-38.0921
-41.6374
-45.6319
-48.7242
-44.3982
-41.9659
-47.7414
-46.5984
-26.0447
-42.2806
-56.8894
-51.2399
-55.6741
-52.4014
-49.6091
-55.4261
-55.7764
-43.29
-49.1121
-43.9012
-49.7422
-52.4679
-52.1485
-48.7928
-50.9218
-47.2349
-43.7593
-40.6179
-41.6928
-36.9624
-37.0453
-42.3704
-44.027
-50.5163
-48.7448
-55.1658
-66.323
-64.2436
-56.4706
-67.4128
-66.1633
-65.1589
-60.2152
-53.4438
-50.9721
-50.1467
-52.9476
-43.0631
-43.341
-43.0079
-39.9443
-36.2421
-51.2898
-46.7781
-51.5135
-54.044
-62.3164
-61.2945
-60.0977
-54.5081
-55.4235
-55.2174
-45.1205
-42.4248
-44.6202
-43.197
-41.7331
-36.8054
-40.1574
-35.2415
-46.9086
-53.9373
-64.3868
-57.4715
-63.1104
-58.7479
-50.3139
-48.0822
-52.5373
-51.5507
-55.5322
-47.4006
-43.9716
-44.7892
-50.7076
-45.4722
-52.2163
-51.4445
-52.7376
-52.654
-51.0417
-59.484
-55.1663
-54.1664
-48.9716
-49.5116
-43.9381
-55.4087
-56.284
-60.4747
-61.5106
-49.6424
-41.8464
-50.4027
-45.7586
-46.0909
-49.4624
-52.6738
-61.1445
-28.5353
-22.1164
-33.0834
-32.8764
-42.9685
-40.5464
-34.1549
-29.6298
-26.1424
-19.739
-23.3804
-20.6374
-19.5231
-19.8816
-20.4048
-18.8782
-18.3087
-22.1015
-24.402
-29.1371
-22.4874
-24.2174
-29.9735
-34.6169
-34.9105
-32.8456
-33.4954
-33.5311
-28.3468
-24.7475
-25.0215
-26.0552
-24.8382
-25.4893
-28.1342
-42.0484
-32.3951
-22.529
-18.5093
-17.8186
-22.0007
-24.4971
-24.7865
-27.2731
-30.8699
-25.6275
-36.8575
-39.2588
-36.9925
-37.6471
-39.1115
-37.2695
-39.7574
-44.6504
-54.6677
-50.1136
-49.5238
-48.8363
-54.0684
-54.729
-61.1408
-69.5338
-60.5824
-60.7893
-37.547
-26.9415
2.32557
19.265
13.5721
-17.0309
-8.97933
-3.27617
7.37329
-17.0852
-13.8125
-13.5367
-11.5673
-36.0313
-32.5084
-30.9635
-23.2926
-33.3518
-37.1415
-36.3804
-33.8221
-35.845
-47.773
-40.2655
-36.8577
-33.2699
-37.5161
-38.3629
-37.0375
-37.9047
-37.5164
-31.3451
-31.0838
-50.4732
-47.3155
-43.0723
-32.7167
-47.2697
-46.385
-34.1761
-45.9472
-37.7891
-41.5442
-32.4978
-43.6938
-40.6706
-38.7795
-45.8193
-34.8005
-43.3977
-36.4338
-33.5036
-51.4217
-38.9192
-44.4075
-28.6844
-37.718
-44.3464
-37.0069
-36.1403
-43.7734
-39.7259
-43.0818
-36.2404
-38.3585
-33.9846
-43.5605
-34.141
-53.7611
-50.2703
-45.6723
-48.7533
-51.1536
-50.6591
-35.4773
-45.4036
-56.2345
-53.9903
-50.1251
-59.8994
-54.1986
-49.0903
-44.6114
-48.2445
-39.9301
-41.4062
-61.2315
-46.6726
-44.5357
-54.8481
-44.8709
-48.4267
-55.8667
-46.6909
-55.5336
-6.31963
-0.76353
9.7809
9.61428
7.85461
2.80816
3.33242
14.2027
5.0816
9.34312
13.535
1.80882
13.5851
9.77006
10.6935
13.9525
6.30515
8.1623
11.7512
11.2718
15.6673
8.91532
9.73936
11.5316
9.61202
10.6421
7.38214
12.7097
0.895827
3.72781
5.81661
11.493
9.29796
-0.475316
-0.201989
-0.0984394
-1.00798
-1.23214
7.78488
12.5705
16.8717
11.7772
9.14846
7.32815
12.3918
5.46881
10.3067
10.2009
6.4546
7.85668
19.1862
6.01379
13.7932
11.0377
5.4569
6.77029
7.85567
-21.4238
-38.1564
-26.5544
-25.7713
-36.9926
-23.9867
-25.9908
-28.6497
-40.1168
-18.9654
-15.387
-11.4455
-23.2374
-23.5841
-24.7036
-28.698
-32.737
-30.6843
-37.3969
-40.1362
-44.5278
-49.3863
-46.3029
-42.3003
-41.6742
-42.4529
-41.0349
-43.3351
-39.234
-39.386
-37.761
-36.9654
-41.0709
-41.5272
-41.1131
-45.6831
-36.7757
-37.7557
-42.0157
-34.7505
-40.7772
-42.2193
-37.0625
-44.5889
-46.2636
-36.7462
-44.4781
-45.238
-43.1703
-43.4298
-42.432
-41.053
-37.7774
-36.7004
-34.685
-36.2638
-36.0932
-40.5955
-42.6392
-40.2898
-41.1592
-40.0689
-31.2295
-36.2304
-36.9183
-32.5952
-39.9547
-37.7987
-34.8053
-39.5608
-35.5748
-36.7448
-44.2554
-36.0533
-38.1499
-39.1645
-30.3131
-37.1221
-42.3206
-31.1396
-36.2672
-36.7298
-34.0207
-37.6651
-40.683
-30.4175
-35.7432
-36.4729
-28.7733
-34.8768
-36.0463
-34.9751
-41.2917
-37.1584
-36.5775
-36.9035
-40.1261
-38.4926
-39.0438
-35.8822
-35.004
-39.9507
-36.6244
-33.5271
-34.4326
-38.008
-40.1491
-36.8936
-32.6287
-36.1143
-39.7067
-48.6956
-64.1802
-45.962
-41.4915
-50.5181
-44.9354
-50.0047
-49.677
-47.2056
-43.8228
-48.4731
-47.8217
-45.6964
-37.7318
-45.4061
-46.0132
-52.6015
-56.4003
-59.054
-55.9283
-49.8244
-44.9204
-52.4261
-51.4834
-51.3058
-39.4562
-49.0274
-48.7169
-50.661
-50.7064
-41.688
-29.0096
-25.5656
-15.3564
-11.8832
-1.32062
-6.6323
0.112609
-5.1426
-2.58077
6.06526
6.95924
1.63646
6.43035
8.11043
3.32143
10.3304
8.11323
3.77829
-0.672211
-15.9117
-23.072
-23.5873
-12.4274
-9.42299
-8.5765
-5.83799
-12.75
-14.4329
-16.6021
-19.4708
-16.7507
-18.2691
-22.749
-18.5306
-22.6853
-20.3954
-24.6009
-19.5316
-21.0229
-22.3611
-20.9184
-23.813
-28.2428
-26.9443
-27.1631
-30.6899
-28.0586
-32.2806
-30.1553
-33.0764
-31.0979
-29.5843
-30.4982
-30.7978
-29.9934
-25.6513
-32.8102
-30.8689
-31.8317
-29.743
-29.8277
-32.8422
-33.0751
-30.8709
-33.2992
-31.4729
-30.9685
-30.4789
-31.3181
-32.3694
-30.1333
-28.612
-32.0121
-33.6713
-32.9128
-32.0935
-34.6689
-30.0908
-30.4234
-33.1452
-30.3549
-31.7486
-28.6611
-30.5062
-31.9428
-28.4437
-30.2552
-30.1014
-33.1381
-31.0634
-29.2389
-38.7205
-28.8546
-27.3795
-38.6152
-32.3607
-19.9418
-17.2275
-18.4126
-12.5306
-19.1587
-19.5635
-12.7498
-10.0849
-9.28782
-22.6561
-19.3036
-18.2855
-9.19218
-17.0216
-19.7023
-18.9526
-24.0751
-24.8014
-22.8428
-24.7537
-25.9523
-25.1708
-19.2727
-20.2918
-23.1087
-26.0946
-25.2169
-11.5436
-20.9117
-25.9163
-20.5909
-22.5513
-22.0524
-18.5345
-20.9313
-20.175
-21.8164
-20.4113
-20.7296
-17.1837
-14.8705
-26.9788
-23.4989
-24.2767
-28.928
-12.7871
-10.9347
-17.7411
-19.9991
-17.1206
-19.9241
-23.7049
-23.2364
-16.1855
-24.8841
-21.9636
-21.8216
-15.9297
-27.2742
-33.8477
-29.0953
-27.9149
-20.926
-23.8204
-26.3997
-19.991
-31.5131
-32.3228
-29.4205
-28.3783
-24.984
-24.8942
-7.59865
-18.2027
-23.6254
-23.9096
-12.8832
-20.0286
-19.5096
-21.4267
-21.4278
-33.0983
-30.1646
-33.0047
-25.0586
-20.7531
-17.0706
-22.6898
-24.8992
-22.2175
-23.0423
-26.2126
-19.143
-30.6385
-29.5735
-33.4744
-29.6094
-29.7611
-36.6815
-25.5561
-29.0844
-32.0928
-29.234
-28.0737
-30.4407
-30.476
-33.9806
-28.7031
-31.0979
-22.4414
-26.5753
-33.0655
-33.0568
-35.555
-41.4214
-44.8774
-22.1988
-25.3606
-12.2834
-8.69889
-0.276501
3.19999
4.38726
0.378671
-1.86637
-15.702
-25.3122
-60.7051
-57.241
-60.8464
-61.3096
-56.747
-60.4126
-52.8292
-54.7987
-53.4962
-51.7345
-50.5137
-52.1409
-49.8508
-58.4595
-51.1902
-50.8908
-61.0004
-61.0167
-67.1063
-62.951
-61.8892
-65.1873
-58.6535
-63.5087
-52.9128
-55.1495
-47.605
-48.0632
-43.7749
-3.47075
3.36877
-19.5637
-19.2373
-19.091
-21.6262
-16.7459
-15.6809
-14.2166
-20.3228
-20.097
-20.1526
-24.9299
-25.2763
-28.5903
-32.1989
-32.6681
-29.1657
-32.8185
-26.2615
-25.2379
-28.462
-29.877
-29.6557
-29.6887
-24.7757
-29.7142
-27.38
-22.5176
-28.3485
-30.1779
-31.4772
-36.3571
-27.3971
-31.3874
-25.4068
-27.6299
-36.8579
-35.273
-36.059
-34.3938
-36.7528
-36.2309
-32.4129
-34.3204
-33.4201
-34.9185
-32.6557
-37.5385
-35.8184
-35.729
-32.63
-35.115
-31.7415
-38.3977
-34.2626
-32.7476
-31.7576
-42.4395
-39.7126
-33.3415
-34.3293
-27.8251
-34.2219
-33.4819
-29.5588
-27.9219
-31.8657
-23.3282
-29.2209
-29.0406
-5.96614
-1.63395
-7.50405
-13.4778
-8.80328
-11.6917
-10.0085
1.92983
6.56307
16.9211
15.675
22.1728
20.9828
24.6022
22.0681
23.5483
22.0566
24.7663
23.1782
21.2359
20.2966
19.6043
21.3116
18.152
23.5938
14.1018
15.5221
11.8679
11.8234
17.8211
21.7423
23.1149
16.1913
14.4257
16.6991
12.3214
19.5366
20.6142
18.6229
16.4834
20.0996
16.5222
17.5876
13.5587
14.4931
17.4986
12.9335
13.7126
16.3834
13.9417
9.85314
9.84184
12.7174
9.35054
13.3112
-9.87462
