4.83491
1.49907
-0.444252
-2.01315
-2.22825
0.792235
-8.2369
6.46801
4.64735
-9.40433
-6.61526
-9.82795
-17.4723
-14.8478
-16.8589
-32.6775
-26.6179
-24.226
-21.646
-17.5962
-11.2936
-20.6883
-24.7013
-19.0485
-19.7877
-28.9385
-21.6228
-26.6077
-20.8511
-21.442
-25.364
-20.2181
-20.1443
-23.5276
-21.8589
-22.8879
-25.3739
-24.1066
-24.47
-29.3506
-23.628
-27.202
-17.3455
-27.5819
-26.1411
-21.5218
-25.2065
-33.6165
-32.4107
-33.8854
-28.7019
-25.5076
-29.0529
-26.7522
-26.535
-33.653
-27.064
-27.9581
-24.1408
-25.2919
-19.9953
-22.4547
-22.758
-29.9181
-33.1509
-33.8435
-33.5216
-37.8097
-37.1628
-40.6458
-33.644
-31.9045
-18.9093
-15.72
-6.36788
8.0675
9.47139
16.2994
18.6504
22.8663
12.0684
13.6615
16.3845
15.5144
18.2412
18.4787
9.75279
11.6921
19.721
15.868
21.1746
24.2204
17.424
10.6003
19.0424
22.3991
18.4763
14.9439
26.791
4.22399
-4.01398
-2.30527
-3.0447
-4.80901
-19.8991
-9.46415
1.42371
-9.02753
-10.5226
-10.0215
-6.74345
-0.213793
-2.21692
-28.864
-15.3606
-20.5678
-2.40876
-2.87199
3.47876
5.57962
0.664541
-0.385127
-10.7834
-9.13616
14.8843
4.18326
-4.88526
-5.67981
0.728543
-4.16014
12.4276
16.3341
12.3
3.94667
-2.1032
-2.05863
-3.15868
-4.65933
-2.12902
-6.39574
-8.52095
-11.1252
-13.7867
-11.0548
-15.1852
-17.5396
-18.9753
-14.3981
-19.7472
-20.2149
-18.1902
-18.3365
-20.4446
-22.4475
-19.3218
-18.1219
-21.8228
-17.7855
-20.5692
-20.326
-22.1191
-20.603
-28.3356
-21.7046
-29.0713
-20.0982
-21.7355
-17.9218
-25.8386
-24.3122
-20.7779
-22.1901
-24.6877
-22.8863
-27.2826
-22.8435
-25.5382
-20.5592
-25.7185
-21.7801
-25.0476
-24.7819
-25.1495
-20.9692
-30.0772
-26.185
-28.0172
-23.43
-31.3049
-24.9765
-22.3541
-20.3337
-20.5906
-23.7696
-32.7482
-27.1632
-25.0946
-26.1016
-16.9638
-21.7431
-13.2146
-12.837
-16.0384
-14.379
-12.699
-14.3415
-12.9349
-16.8073
-20.5976
-17.9254
-21.2565
-19.7045
-15.901
-9.29623
-11.6573
-13.0748
-15.3227
-15.6499
-18.2936
-20.843
-16.3494
-13.9247
-16.535
-10.0834
-4.90557
-6.38615
-9.2559
-11.956
-11.1897
-9.5935
-14.7211
-12.2386
-15.1286
-15.8547
-14.0615
-14.072
-15.2715
-15.6775
-17.0486
-20.3806
-24.0595
-20.0196
-22.1922
-20.2669
-19.3295
-17.9154
-16.1757
-18.7411
-16.9408
-20.2584
-15.5705
-21.2298
-20.2436
-15.2263
-14.4475
-11.8569
-15.8518
-18.4674
-13.1935
-7.69951
-18.83
-22.6097
-23.3559
-22.2611
-34.9807
-33.7492
-34.4202
-32.0794
-37.4199
-41.6816
-40.2957
-28.6459
-20.4943
-17.6683
-14.8571
-7.22113
-8.47654
-10.0935
-11.5509
-6.96631
-3.33428
0.159311
2.84394
-5.58874
8.01801
1.1403
-1.44376
-1.56146
-9.36937
-16.3076
-21.4706
-25.5984
-18.1847
-27.8197
-21.9646
-24.3061
-20.1913
-16.2566
-16.3842
2.69837
-10.8687
-11.6803
-14.2883
-13.6743
-14.485
-8.62918
-5.0895
-5.56161
-3.02857
-6.44787
-9.5522
-15.2976
-7.94629
-10.6598
-14.5543
-10.99
-9.67201
-1.83759
-1.62204
-9.05461
-11.8252
-13.5749
-14.5788
-7.74813
-4.30294
-14.3142
-16.2174
-8.65528
-6.66631
-13.0878
-12.1678
-8.18716
-6.00541
-8.43001
-12.2569
-14.8619
-11.9605
-17.9031
-15.1738
-16.6548
-19.6093
-15.9699
-16.2789
-18.2267
-18.4311
-21.8131
-12.2089
-16.3689
-14.9229
-15.8648
-11.8457
-11.8573
-11.505
-11.7039
-16.5622
-3.84853
-4.07573
-8.68333
-10.0175
-12.6824
-9.26674
-4.87467
-0.129461
14.7535
5.73642
3.37817
4.81611
4.8004
4.04487
5.78373
3.9207
7.27553
12.0604
0.0641386
-5.87126
1.58548
-0.571272
1.92814
1.62369
2.01104
1.06698
6.34894
5.97019
7.66886
2.613
5.14677
6.01992
10.2047
12.7051
7.70437
7.32025
8.63206
9.07376
9.17534
5.56932
5.97544
9.77086
3.87894
-27.4158
-33.1913
-29.451
-24.7322
-25.5618
-28.3468
-28.5158
-28.3151
-23.8941
-25.4184
-27.619
-25.635
-21.9956
-20.0157
-15.1237
-21.7678
-19.8931
-24.8849
-34.7761
-35.2119
-35.5889
-37.8053
-34.1775
-39.8362
-38.4738
-37.0096
-36.4518
-33.5107
-33.1618
-25.0563
-19.3267
-22.4433
-12.0411
-16.0532
-32.4244
-24.8692
-7.07733
-27.8628
-21.6673
-14.7108
-14.678
-13.3616
-16.3315
-21.727
-16.2896
-13.5358
-6.17379
-5.45234
-7.28552
-10.4472
-19.0564
-6.88075
-16.4394
-6.69935
-10.0594
-9.16355
-7.98221
-9.67498
-4.69607
-9.91355
-4.35843
-15.3991
-14.9346
-12.5963
-11.9906
-3.53302
-14.2561
-20.4326
-15.5389
-11.467
-16.1281
-9.82506
-17.223
-16.2142
0.0741334
-13.1771
-2.18354
-4.8301
-15.7333
0.49915
-9.31391
-6.65896
-9.76984
-11.4584
-14.4247
-9.54915
4.32185
-4.64063
-3.17175
-4.91332
-0.0573017
-2.31701
-2.47501
0.456396
-10.1402
-2.08841
-2.95617
-0.243545
-5.10432
3.18276
2.60661
-11.7238
-2.12924
-1.45487
-0.649082
2.33828
-7.69942
-18.5393
-8.82627
0.243448
-5.70344
-17.7274
5.53533
2.54143
0.174618
-2.50469
-3.49717
-3.83018
-6.57658
3.89287
-6.14352
-1.73276
13.2821
1.23302
-23.6785
-38.0422
-41.3023
-29.8552
-24.5952
-30.0204
-28.1197
-29.5914
-31.8237
-37.1183
-35.6456
-37.9185
-29.7388
-27.0689
-29.1117
-33.6221
-33.287
-36.7033
-37.4928
-30.8728
-33.4861
-30.0878
-33.0157
-34.1108
-38.9069
-38.3768
-34.4051
-34.5973
-36.336
-43.1075
-34.6988
-28.8659
-30.2938
-25.0443
-34.1777
-34.2135
-34.5495
-40.437
-35.7265
-29.7552
-33.4246
-39.6524
-43.2003
-47.9054
-47.9485
-39.8607
-41.4813
-44.9569
-49.9417
-46.2021
-48.5738
-40.4768
-40.053
-41.9003
-49.6142
-41.8402
-29.7517
-15.9631
-17.1944
-25.4915
-32.6102
-24.0052
-35.9801
-40.1906
-25.7193
-29.9809
-34.0445
-39.5235
-32.0899
-17.3775
-14.1871
-12.6271
-7.9615
-2.53992
-8.73842
-7.49985
-7.77577
-7.85408
2.55935
-4.94952
-9.26771
-0.361815
-7.10576
-2.11795
-3.37897
-9.24621
-2.29707
-3.81819
-7.84734
-3.04255
-2.02254
-3.20428
-4.74382
-2.67658
-0.694149
-0.121604
-6.1481
-4.20912
0.149202
-5.25308
1.54857
-2.35952
-4.04415
-8.73096
-9.19529
-12.0414
-3.30321
-7.56366
-8.50422
-5.05516
-7.27906
-7.20466
-1.80529
-6.71588
-6.80742
-7.13889
-7.98443
-5.26443
-7.1588
-7.63985
-4.05731
-5.52164
-9.68643
-3.10969
-6.11879
-4.57641
-2.81229
-3.33925
-7.11296
-3.70469
-2.40957
-5.3839
-2.89266
-3.60435
-3.84032
0.0542838
-5.35965
-0.620194
-1.63072
-0.125008
-0.22389
-2.61535
-5.53283
1.46555
-4.12525
-3.69227
-2.97979
-2.00874
-3.32679
0.492343
-4.74597
-5.62539
-2.74845
-3.83092
-1.46337
0.34553
1.42706
-0.399334
-1.08568
-1.49322
-1.88526
-1.4541
-5.57381
0.188837
-7.47562
-12.1926
-5.26904
-6.85928
-3.86557
-0.774721
-9.35625
-3.0226
-5.43403
-1.10872
-7.31582
-9.22848
-9.58082
-10.8086
-11.3068
-14.5082
-4.3706
-10.8277
-21.027
-16.6012
-14.1586
-12.8323
-10.418
-5.67457
-6.57775
-18.4661
-23.1885
-13.9793
-8.25662
-5.97893
-10.07
-10.8511
-16.98
-21.0247
-25.6808
-31.6945
-20.9934
-16.5999
-9.37109
-7.42938
-10.7849
-13.4877
-15.9065
-18.0571
-23.5983
-18.2634
-24.6148
-22.183
-18.2527
-13.6304
-13.4623
-19.3061
-17.0168
-19.9135
-15.2754
-11.5003
-21.0834
-20.4738
-22.8916
-21.4757
-21.236
-23.3143
-22.1965
-28.6395
-27.5223
-13.1271
-8.76686
-11.8129
-8.49124
-7.18788
-7.32261
-9.40381
-4.95502
-4.34607
-6.13539
-3.68126
-2.36097
-10.3154
-8.95371
-7.1602
-6.81015
-8.37983
-6.76518
-4.14368
-6.92077
-8.14417
-9.60675
-8.82231
-10.846
-8.9959
-8.19978
-6.95332
-4.67277
-6.71635
-6.76459
-5.53197
-8.75315
-11.3179
-3.28258
-8.35847
-5.43971
-7.3032
-7.75673
-8.78751
-10.7812
-11.3934
-6.86976
-6.47816
-6.87396
-3.31787
-1.27188
-4.02652
-7.14509
-6.55168
-6.69837
-8.30214
-10.2724
-8.09343
-8.63256
-12.2694
-9.80371
-12.0874
-10.5359
-10.2825
-11.8325
-7.1093
2.89216
2.79851
-20.7356
-12.2672
-6.74925
-2.33188
-2.59149
-4.67431
-8.05198
-7.89521
-3.43325
-11.0297
-6.50313
-3.54254
-5.39057
-5.50629
-9.8882
-2.17996
-1.19769
-7.86984
-12.0306
-14.6422
-14.7908
-13.7458
-14.7067
-13.06
-14.8436
-11.7224
-8.37783
-4.33534
-3.30667
-6.54093
-8.76426
-8.04335
-12.7522
-11.1055
-12.2003
-16.9844
-14.5019
-16.6438
-20.8992
-17.6905
-19.7603
-18.9928
-17.7448
-9.09281
-10.8831
-7.32029
-11.3494
-8.59991
-18.6834
-8.14392
-15.0566
-13.9677
-17.5793
-18.6791
-14.945
-17.5758
-15.3853
-12.3655
-7.98712
-0.691087
-9.0515
-8.01683
-11.8597
-9.42623
-11.5909
-14.1006
-13.778
-18.4793
-24.0707
-21.6234
-19.4511
-24.3119
-23.7659
-26.0448
-22.4106
-19.0392
-7.12457
-15.7133
-10.2398
-19.3155
-14.936
-12.6811
-17.0174
-23.8996
-27.149
-26.5545
-29.9388
-22.9777
-20.3728
-19.1961
-8.85848
-10.0315
-16.4289
-20.2867
-18.3282
-18.8235
-20.8744
-26.2791
-33.0503
-37.7089
-30.3393
-31.9651
-32.0397
-32.7988
-33.8758
-24.2727
-20.4278
-19.9892
-24.6202
-24.5037
-26.2409
-19.0988
-17.38
-18.0848
-17.9813
-18.8068
-22.4201
-19.5618
-22.2713
-7.30847
-20.0098
-25.5229
-29.9949
-31.9641
-35.741
-35.3083
-43.0642
-39.3709
-44.8497
-21.9603
-5.80079
-1.98685
-8.9411
-10.3228
-14.5407
-21.0437
-19.5013
-19.5458
-12.2474
-12.9739
-6.98914
-18.0711
-10.8457
-14.5184
-6.51225
-0.746851
-3.03109
1.73307
0.324012
5.87104
8.9512
7.69936
10.4371
9.48256
9.50824
9.83668
8.45907
6.11557
-2.04934
-19.3948
-19.3383
-11.4303
-15.1092
-1.23012
-15.2419
-14.0776
-22.2588
-21.7882
-10.1793
-10.4797
-4.84932
-6.93393
-5.68291
2.01736
-5.1631
3.13647
-3.11169
-4.00599
-3.97618
-4.69509
-0.436022
-8.54082
-1.24763
-8.39869
1.20544
-3.50416
-6.51217
-5.70771
-4.32678
-8.05123
-14.9054
-8.46466
-14.0975
-6.55236
-9.64564
-9.00055
-10.9333
-9.27962
-11.2683
-13.9927
-7.69881
-15.3668
-4.99795
-12.6727
-6.98297
-11.5048
-14.79
-13.3858
-11.4031
-2.86339
-14.7074
-9.8967
-10.0787
-8.79839
-11.1154
-9.06664
-10.6246
-12.7063
-8.50603
-3.8226
-7.53353
-7.20786
-8.4356
-10.0883
-18.6529
-10.464
-16.4897
-14.9765
-11.3804
-7.22233
23.6832
8.75339
15.609
9.19117
-9.08742
-2.56801
5.12441
-2.3124
-13.3566
-2.1685
-7.49647
-12.3048
-6.55353
-6.41774
-6.52742
-5.53398
-6.02519
-8.33048
-13.6394
-5.00264
-5.85806
-5.89954
-10.7029
-8.89086
-7.49502
-14.544
-15.6685
-12.2044
-8.44791
-9.37826
-7.46456
-7.71594
-6.56502
-9.66378
-4.57102
-4.7086
-8.55095
-9.91465
-5.73399
-12.7671
-11.0155
-5.94665
-8.75327
-2.00578
-2.13974
-11.2675
-14
-21.1081
-19.2253
-11.5132
-20.8178
-16.5198
-17.6113
-19.7495
-16.4658
-11.1507
