25.9318
11.3263
12.3618
17.8222
15.0317
8.04557
8.73774
8.50744
29.1124
21.1777
17.0826
13.2503
8.93707
11.5951
9.74415
-1.38773
0.0267171
2.48891
-0.671725
-2.35707
-3.86174
-3.75653
-3.36013
3.78112
0.828304
-0.876014
4.60458
-0.392776
3.01652
2.79039
-1.36807
-1.71922
-2.82457
-4.52634
-9.68711
2.16214
-11.2464
-8.29798
-0.131454
-9.09403
6.38033
10.6086
11.9089
16.1379
24.562
17.5876
21.3508
25.7256
27.0232
20.9504
17.834
8.0724
4.11375
-4.3303
-14.7483
-8.43321
-2.17285
-5.62841
-2.03565
-0.481279
0.771533
8.9631
2.69967
9.49828
15.9851
16.7279
16.8543
25.1903
25.931
24.8936
23.7846
17.7595
14.8601
5.38751
22.3702
46.4119
43.2465
35.6129
41.1594
38.9725
42.5456
41.5376
47.6893
48.9112
40.9543
39.2785
39.2649
28.6509
27.3211
30.2623
37.4159
30.351
28.2607
28.5185
34.4944
32.6843
33.0908
31.9135
30.9238
29.4361
25.1289
18.0915
14.5846
22.6344
17.9289
22.6702
27.9487
16.2715
19.029
8.56973
12.1412
6.53873
6.28848
19.1688
20.9972
19.7105
37.3427
39.3151
33.7858
31.0883
39.26
38.1959
32.6803
25.5881
30.5283
37.9111
35.8802
35.7913
43.436
39.7394
42.7478
47.8075
42.0958
33.8901
34.7046
39.9277
47.1426
55.8545
52.1293
50.2857
51.6922
52.1027
50.7579
52.9415
54.3855
54.6239
54.0523
55.9834
50.2476
51.5129
56.3403
49.3872
46.9769
49.1111
49.4038
49.8385
48.1824
51.257
49.5598
51.0153
45.9026
48.3031
47.6628
45.9502
46.3956
46.3839
45.9807
47.1368
45.4008
46.3652
50.8996
44.32
49.5764
43.1714
47.0368
46.7878
44.5149
44.5282
46.9717
43.5787
45.2073
47.0117
47.5225
45.6457
40.6076
48.8075
45.2201
47.4012
47.7284
46.798
48.868
45.3503
48.7037
48.2032
44.4786
51.7223
47.8656
44.8428
48.8647
48.8155
42.1515
39.5063
30.4617
27.9564
27.4721
28.4765
27.257
26.1322
29.3476
28.4868
32.2166
34.6195
36.671
34.4798
38.9217
36.8105
39.2468
38.5689
42.6153
44.7516
45.6274
45.3297
43.5083
42.3472
44.0359
43.589
46.3672
46.4645
45.1264
46.0886
45.7837
43.7154
43.4065
41.1428
40.0166
37.7703
39.2223
43.5918
44.371
46.7827
48.3838
46.2497
46.657
36.4905
44.2966
45.1148
42.1958
38.8355
44.4828
41.3282
43.4714
40.1726
38.4382
32.6362
32.4297
40.9845
40.1914
44.5105
40.0923
39.7687
25.9053
30.5687
23.3137
19.895
9.91189
12.6996
8.52384
5.57819
3.72698
2.5296
6.55253
13.1383
9.07011
17.6656
18.958
15.2912
12.067
12.0525
18.1582
20.1238
12.3941
10.5669
16.2803
15.5347
12.6819
14.6997
14.8679
18.9114
24.7462
22.0396
32.4849
32.8398
31.0759
27.2051
30.6628
28.0602
27.8736
26.8879
25.1512
21.2092
28.8763
19.8551
16.8494
22.7468
24.1925
28.7439
28.771
24.7294
14.1299
19.5152
27.0468
37.3145
30.731
25.1213
27.0293
24.6223
26.8105
24.8335
23.6249
27.3749
29.192
29.3222
28.2857
26.5108
28.7295
23.3078
23.7875
29.4325
30.51
33.3086
25.1922
23.6429
27.9447
29.8031
26.4651
31.3745
31.7058
27.8096
29.8312
31.4544
26.1917
28.2031
35.9005
40.445
40.8377
41.0198
33.9028
34.4473
40.0253
42.2435
37.5561
29.235
33.8198
38.3593
29.3144
24.1598
49.8526
48.275
47.9278
51.5355
52.7684
50.1253
37.1368
36.5421
46.2697
49.3195
46.8827
45.8195
47.678
48.7172
47.9483
42.6944
36.096
37.9803
39.5558
44.3253
43.0536
42.9975
41.0909
40.1442
33.4509
38.821
45.3575
47.4594
47.467
41.6009
36.8903
42.4175
37.7601
38.0436
39.8198
38.8973
41.4716
40.3692
40.6627
41.1073
39.6648
49.0696
28.4944
34.2122
40.8447
42.3718
41.8697
39.6645
31.9641
37.3829
37.7289
27.8166
39.3648
36.9479
37.7587
36.5543
44.3535
37.1319
39.2168
39.8387
36.9582
37.6184
29.7424
31.3902
32.7959
29.1024
38.0404
34.9455
33.1831
31.5897
38.6111
36.4645
23.3768
22.0456
1.30201
-6.34786
10.303
26.5426
27.123
22.5833
20.3166
23.6596
28.7899
26.5523
31.0821
25.987
29.2316
40.282
38.0067
34.2835
38.0989
31.8527
25.1036
18.8438
17.6791
15.1679
20.4101
17.2371
22.9482
11.5217
9.2621
29.6942
11.6299
4.72621
11.4645
16.6861
11.3162
15.3543
16.0219
10.5279
12.3749
20.1735
16.0272
16.7201
16.5333
15.2508
11.4915
15.0143
24.826
25.1077
17.1342
26.2319
18.3156
23.991
8.50192
23.8637
19.6701
12.1289
10.1135
16.2449
22.6724
16.203
20.3136
24.4586
20.2546
23.9751
34.4955
34.1804
26.9618
22.709
30.0146
19.2029
14.3184
14.5267
2.03533
5.25244
2.75721
18.21
4.47116
-4.99257
19.0897
8.399
23.9563
22.6686
32.6176
32.0164
40.2973
34.5578
38.6116
18.0703
38.3916
32.3248
30.0594
36.5648
31.5941
33.021
32.4562
24.5325
29.1865
41.1032
36.9094
32.0736
38.085
37.8125
33.3392
31.0294
29.4913
26.4769
36.8946
43.1608
38.453
40.0165
34.6009
31.8566
30.1718
29.9881
28.6036
28.8183
29.9363
25.708
30.8482
31.3965
33.4348
31.7898
32.3477
27.7703
39.7062
43.3128
37.091
37.6235
36.9255
37.0009
38.2728
39.2288
34.8984
38.413
40.5468
40.1652
39.169
49.044
41.3641
36.174
41.5315
40.0691
38.8053
47.7076
48.317
44.6106
42.8661
42.974
43.652
46.523
37.6911
24.1328
21.5209
21.0958
24.9343
24.7471
8.85681
8.805
20.9229
18.3486
12.2972
10.2768
4.16757
18.6954
14.9041
10.0329
17.6958
9.91057
11.7085
13.6047
13.466
9.81099
10.3962
12.8094
10.3889
12.4347
14.5417
16.2533
17.0961
14.1613
21.7097
17.5728
13.0957
12.2723
13.967
17.4992
15.5955
14.8288
9.03775
14.1451
15.7113
11.1606
12.4364
9.22093
10.4311
14.5438
7.29094
4.54497
9.63575
4.62689
7.63511
7.01072
11.028
6.03599
6.00977
7.72218
10.1636
6.62753
8.25618
9.38703
2.40167
6.37858
12.0338
9.46342
11.1521
10.6288
5.89506
9.0099
7.24598
3.39228
2.22942
5.2944
12.1436
5.43778
8.06238
5.65873
10.9086
8.23674
0.519277
8.69142
4.38023
8.50412
8.31025
3.08703
6.7967
8.39525
3.22511
4.94909
6.24927
2.7438
6.28528
6.4218
9.84807
3.5843
6.97901
0.446723
10.6438
6.64165
6.99778
10.4461
8.41123
7.52692
6.89438
6.72544
8.14584
11.0804
10.6229
9.00222
17.083
7.8344
6.94919
12.043
15.5981
25.9643
40.3069
33.2519
36.1866
33.7226
35.6565
40.3148
38.9243
34.7548
34.6066
36.3889
27.883
12.4903
2.94381
3.80727
10.8157
26.268
30.2609
23.5247
36.6433
38.3362
37.357
36.0113
32.6734
31.3381
29.1549
33.7469
33.5893
31.3281
35.4723
36.4938
36.3758
26.0269
22.378
22.1139
19.8153
25.1764
24.3235
22.773
21.7833
21.0627
20.3909
18.9466
20.2572
24.0815
23.4984
23.3323
21.5401
25.1022
29.889
30.0267
24.4843
15.7891
15.242
16.1092
12.5998
15.0629
18.7743
19.9252
17.2606
22.1603
29.5839
27.2938
26.0238
27.7341
29.7904
27.9027
29.4801
31.7071
33.6883
34.2916
35.5961
41.6953
37.4612
33.9872
37.849
34.1369
39.3606
35.9359
32.3595
35.7793
38.3179
33.5868
27.771
31.6216
31.0124
32.4005
35.9964
34.5488
36.2111
37.735
34.2919
35.9872
35.0921
32.32
30.3387
34.414
31.0032
29.9392
31.617
28.9255
29.4102
28.9106
32.4235
31.7764
31.1712
31.6653
36.8236
33.3833
35.1367
32.0599
29.4115
27.4305
27.5607
26.9584
27.0561
23.6346
26.3478
25.7303
28.8761
26.7974
21.1851
23.9212
17.2672
11.2362
5.9044
8.49635
-1.1077
-0.864056
-6.29142
2.82399
-0.804161
-17.657
-7.48788
-9.82194
-5.55931
-5.28416
-6.28735
-11.9647
-8.96806
-9.359
-2.99284
1.0199
8.17796
5.12133
6.04597
12.1472
11.3021
6.59548
-5.22594
-3.41075
-1.52909
-7.77829
-17.338
-10.6818
-3.75014
0.00744643
4.12771
2.05001
5.60241
8.35356
13.4365
14.7075
12.6063
-1.42969
-10.4837
-7.06157
-13.2669
-3.38715
-8.44514
1.04
-7.03054
-9.58429
-10.2361
-0.833227
8.16187
12.6457
12.0703
4.28364
3.69589
-4.71449
-7.15357
-13.603
-9.3907
-4.20307
-3.23057
-5.95969
-9.71987
-11.5415
-2.62429
6.75841
8.83695
10.014
8.96501
9.074
9.09126
-0.988474
-5.78097
-17.449
-24.4246
-24.1599
-18.7298
-25.4067
-11.8522
-4.13846
-0.415022
4.70678
4.25783
6.25563
2.92134
1.71251
-8.53976
-24.6009
-21.1905
-14.495
-11.0016
-11.5382
-12.4462
-23.3053
-18.9267
-3.62241
0.702657
5.11724
7.81819
5.54947
3.08566
2.88569
-1.8839
-1.03996
-6.31604
-6.03283
-8.14017
2.91928
-0.0143213
3.41778
0.319348
-7.05871
11.6457
24.0765
14.9249
17.1438
10.5681
8.40828
4.21885
4.09955
0.584112
5.86228
7.22147
11.7817
9.55887
9.01501
14.9027
31.7914
15.6838
12.8044
17.829
19.2708
15.7984
15.2331
10.9477
11.4154
12.5567
7.56312
10.2002
10.4391
15.5883
12.5286
13.4928
13.5487
10.068
10.7417
7.1698
9.63695
8.45457
8.27831
8.29319
13.653
19.8608
24.9456
26.3274
18.5696
21.7751
24.0316
19.6113
18.4381
13.744
11.1317
3.27471
10.353
5.71756
-1.39535
-0.997677
3.77944
1.54509
3.95388
3.3553
2.94603
0.325132
-6.5649
1.68411
-1.73009
0.762206
-0.293316
-0.00186169
-1.00234
-1.5725
-0.923828
-3.02685
-2.41344
-4.51558
-1.00285
-3.10313
-1.9597
-5.75568
-1.8004
2.27541
0.973084
1.41521
-0.549609
1.2088
0.589635
-1.64086
-1.48751
-1.45398
-5.91542
-7.98336
-3.36271
-0.84122
-2.64418
-2.18788
-1.99199
1.41533
-2.00421
0.7067
3.2281
3.746
2.25935
-0.706904
0.840398
1.88962
0.889635
1.6125
4.39882
3.86849
7.28788
7.77092
2.41644
4.76132
7.60537
4.64359
7.62165
2.29131
9.19502
31.0563
33.9277
33.3807
21.8038
25.4346
17.9084
11.362
19.1258
27.0684
25.214
28.4403
30.4636
19.7292
26.4065
28.9051
24.4272
25.1788
30.0016
22.2942
20.9288
21.7713
27.347
17.6341
17.6908
24.7019
26.442
22.3894
21.1662
32.1978
24.5908
19.5853
22.5483
19.9636
19.8746
19.0815
14.4722
22.7469
22.8459
17.5305
23.5441
18.1385
14.7136
19.9136
18.3319
14.3196
23.4702
16.6016
15.7623
16.5233
17.1095
14.2723
13.7903
17.5794
16.0534
16.715
21.4796
