23.3994
19.0186
13.1381
7.46542
-0.0782046
3.46984
-3.83174
-0.957659
0.471553
-3.51432
-2.80496
-2.4328
2.16262
5.35388
-5.18394
16.2488
20.7117
53.3289
47.034
55.7848
56.6892
53.0729
52.6733
49.478
52.3483
53.994
45.8206
52.564
51.2741
55.3766
52.8661
53.0038
52.401
51.6433
47.9141
48.5934
52.3066
54.559
50.1551
50.9237
48.4162
48.0234
49.0155
55.6448
45.4595
46.5306
48.2701
48.5422
50.6358
45.7653
47.4485
43.3971
45.0089
46.411
48.8982
47.141
44.8925
47.0256
47.822
46.4944
44.2721
51.1922
45.0806
46.6922
47.2994
46.2219
51.4645
45.0767
44.6401
45.1273
40.1529
48.2546
49.2881
46.6079
44.6414
46.7206
49.2757
41.3949
46.6155
46.817
43.7883
48.2809
44.6559
47.2662
46.1203
49.7011
45.2836
49.122
48.7912
45.5754
44.5814
46.313
50.2496
47.7564
47.8338
47.9393
42.7179
41.7777
41.9407
41.3491
43.2221
43.9876
51.0535
56.8429
46.9542
55.0947
49.8662
45.9793
57.2805
69.3568
64.3157
61.0283
62.1658
59.5738
61.9649
55.6585
51.4047
49.0642
58.9658
50.7029
53.297
54.6627
62.1357
57.26
71.8784
63.7013
60.5014
64.3519
65.5619
60.5366
59.1512
68.2416
63.3627
61.4168
57.8867
61.2299
58.5503
62.6604
64.3094
68.5497
64.0964
70.3439
66.8479
60.7146
63.8006
60.9052
67.5308
65.2887
62.5773
67.5122
58.4765
66.6661
70.3781
65.6059
70.1207
63.643
58.0343
64.0634
65.3374
63.6135
66.807
65.3696
65.7695
72.2488
63.1204
65.6372
65.3403
63.5842
61.7806
50.4193
47.1589
49.7186
24.7263
25.6647
23.5124
41.4324
51.33
54.312
57.6471
45.9006
48.5825
52.6153
45.7743
49.5295
50.2213
53.1408
48.1983
48.2081
55.2724
52.2129
47.4605
55.851
46.679
45.1463
51.4189
54.887
48.0031
62.2518
49.5113
49.2787
55.0626
54.5792
53.6373
47.6023
46.5895
41.7882
42.0731
37.9118
45.8843
37.576
12.1628
28.0186
33.8832
