-18.903
-46.6572
-46.7682
-39.4275
-45.0035
-30.2164
-53.5371
-54.8975
-50.5265
-46.7794
-37.0967
-35.5772
-44.4766
-28.0041
-38.1604
-34.3762
-30.4084
-25.3199
-22.5963
-27.3776
-27.0831
-28.3245
-39.1422
-39.845
-35.3383
-34.8859
-37.4087
-41.365
-49.3045
-57.7146
-62.8286
-62.5034
-65.2056
-63.2275
-32.4522
-38.5734
-47.1106
-48.7989
-66.8835
-58.3329
-50.8467
-45.3738
-53.3819
-53.4826
-54.8259
-49.1346
-18.1789
-35.1772
-21.3789
-11.011
-13.1712
-34.0467
-45.5068
-29.8888
-19.9327
-14.7745
-27.2694
-21.4482
-22.2482
-27.3814
-33.1941
-29.941
-22.1628
-15.8734
-6.8526
-3.61817
-9.80745
-10.3172
-12.5899
-17.9547
-26.0957
-26.5591
-29.7674
-26.2699
-31.7971
-35.6527
-23.6378
-28.4009
-37.1785
-37.8799
-42.0839
-35.8133
-32.4444
-38.3693
-41.7348
-36.0531
-47.8758
-22.6362
-12.8607
-10.6535
-16.2441
-50.4722
-63.8776
-56.7516
-55.1915
-62.5461
-60.9256
-60.9805
-65.1632
-21.8865
-30.5124
-31.848
-18.0911
-32.5602
-35.9062
-40.5069
-38.0579
-36.8582
-41.4923
-33.6659
-30.2335
-38.8001
-40.3764
-40.2854
-44.2362
-38.2908
-36.8766
-34.4056
-33.3863
-39.2901
-31.988
-36.314
-33.0272
-30.951
-31.8242
-33.9684
-30.2374
-33.3485
-33.1816
-33.5834
-28.8487
-28.2073
-33.5636
-27.5851
-29.5127
-31.3344
-37.4023
-37.9651
-33.9954
-27.2026
-34.4286
-32.3563
-29.5242
-36.1459
-37.3339
-37.1365
-46.4212
-35.6409
-39.3015
-38.1756
-33.6144
-43.0808
-39.9894
-44.1883
-40.8692
-44.7997
-41.1416
-34.1109
-35.3021
-34.3802
-33.8582
-34.4364
-36.3648
-40.2038
-43.3363
-39.9448
-45.3843
-40.2179
-39.9227
-37.4586
-43.8897
-45.0961
-50.6394
-50.5621
-52.8515
-49.3751
-52.634
-51.3798
-57.8099
-49.293
-52.1748
-51.3819
-54.299
-51.7153
-45.6515
-47.6255
-42.259
-50.9171
-39.9252
-54.4087
-47.5944
-57.1925
-45.3004
-46.1899
-40.2393
-42.2334
-50.4231
-44.5259
-40.2007
-49.1762
-40.2356
-40.0905
-41.4067
-38.0255
-33.0187
-42.188
-37.143
-29.1912
-33.6889
-28.9148
-39.2127
-32.3069
-29.1872
-29.0902
-35.7932
-6.36792
-2.46664
-17.5609
-15.1217
-11.8475
-12.993
-14.5075
-14.654
-2.04579
-16.7337
-12.7856
-12.3546
-6.11036
-13.7171
-12.9793
-11.0002
-11.9641
-9.50335
-8.04132
-18.0726
-21.0581
-20.0838
-16.8918
-12.0942
-14.804
-18.2498
-10.1104
-4.82402
-13.2276
-18.2592
-16.3018
-18.6768
-17.2544
-13.4495
-17.0511
-18.5647
-20.7917
-13.02
-22.3173
-21.8737
-20.3822
-16.8061
-13.1935
-11.1048
-11.749
-11.0732
-8.38591
-4.70537
-9.18614
-9.14482
-16.5822
-15.2684
-10.5913
-0.0889231
-5.22126
-13.4521
-13.2656
-2.61649
-10.1331
-17.944
-42.1174
-42.5488
-37.5324
-40.0492
-34.377
-26.9934
-29.7908
-26.9918
-17.7259
-21.9942
-18.2336
-16.9165
-15.2238
-11.1224
-15.5305
-11.4703
-8.69414
-13.9026
-9.36891
-9.11187
-11.6032
-13.8036
-7.9515
-4.07141
-2.64232
0.336365
-0.597179
-10.6856
-4.17786
-4.16814
-0.15916
-11.848
-8.41638
-10.6466
-13.9257
-16.3495
-15.1576
-10.996
-0.137439
-0.331026
0.365058
1.68256
3.94424
-4.32076
4.65744
-2.82545
-2.28505
-4.60865
-10.3561
-4.06448
-10.4963
-7.11858
-4.82487
-3.89603
1.18576
-1.33857
-0.147915
2.69335
-0.587411
-0.224787
0.792698
-8.03135
-6.1789
-1.43247
-6.71687
-2.27038
-5.38624
-2.37925
-4.17864
5.13923
2.74424
-2.48017
0.992102
-1.91892
-1.53334
-5.43486
-5.05594
-8.48553
-7.93087
-1.3911
-10.106
-20.7001
-6.15829
-12.7579
-5.60301
-13.0388
-3.05403
-10.716
-6.28787
-7.89265
-1.10001
-4.22616
-10.9601
-4.02026
-2.57402
-13.24
-14.0377
-10.4909
-5.12208
-11.8331
-0.219197
-1.76105
-5.22558
-4.39654
-5.70471
-4.37408
-2.93812
-3.1593
-5.98293
-7.22682
-4.19002
-2.25568
-3.29437
-6.33282
-8.26551
-0.177267
3.96524
3.05582
11.7947
7.02983
