-21.9676
-16.1377
-17.9914
-13.9615
-10.1511
-21.1598
-14.4715
-10.2563
-4.76721
-4.52417
-20.129
-20.7753
-24.458
-28.1875
-36.4624
-32.6922
-30.306
-30.464
-25.305
-33.0912
-34.5004
-31.9665
-18.6268
-25.2439
-19.3762
-23.196
-18.5065
-12.0868
-15.826
-20.4574
-19.4068
-12.9749
-24.3874
-24.8732
-42.1321
-36.0053
-32.9993
-30.7481
-19.8839
-23.4133
-26.3326
-25.8248
-20.4398
-26.6373
-24.8666
-22.2674
-23.9834
-23.6459
-20.7779
-21.7732
-16.0179
-17.0646
-16.4926
-13.8957
-20.6843
-18.6918
-27.68
-16.0945
-18.3303
-14.2207
-23.7106
-27.5739
-15.5942
-21.1003
-25.7333
-28.7218
-19.2519
-21.146
-24.2662
-23.0145
-14.9706
-20.838
-19.7547
-21.4329
-18.9713
-17.3754
-21.7585
-18.2639
-19.0276
-19.555
-25.3086
-18.3918
-25.973
-21.8308
-22.7855
-18.4646
-16.6954
-20.1611
-17.4004
-22.9907
-23.6178
-10.548
-19.1035
-19.4434
-19.3572
-22.8251
-23.991
-16.1594
-22.2503
-18.4063
-19.8784
-18.8779
-13.5715
-18.3566
-10.8399
-10.1899
-18.5164
-18.2327
-16.0093
-25.0127
-11.0631
-18.3683
-21.0594
-22.4314
-14.3413
-12.7869
-19.9728
-15.3676
-16.204
-13.9587
-12.4973
-21.1885
-20.1228
-19.3833
-16.7824
-18.3029
-18.6081
-19.7368
-17.2388
-21.9296
-23.8671
-23.0943
-19.9061
-19.3854
-13.2761
-10.9269
-20.2696
-16.4167
-18.3261
-11.8362
-16.8668
-17.2882
-21.1088
-9.79753
-3.07007
-4.198
-5.65836
-20.6675
-17.2209
-18.4018
-34.8853
-18.8701
-29.0077
-18.2274
-8.88286
-5.28086
-7.47599
-6.42856
-4.63385
-4.22607
-9.4935
-3.76034
-5.79623
-7.1866
-8.68951
-6.89339
-4.64942
-5.24917
-5.69762
-14.9362
-13.5504
-17.7833
-16.9505
-18.1809
-20.8944
-22.4701
-29.5859
-16.3099
-27.4891
-27.856
-23.1614
-14.6788
-13.1848
-19.0395
-12.9701
-14.3323
-16.0997
-11.6334
-10.1881
-12.0937
-18.1384
-14.1394
-12.3939
-10.87
-10.7344
-8.977
-6.13162
-14.2856
-9.5361
-14.3021
-11.9174
-19.6038
-17.4952
-10.308
-14.4311
-18.8596
-28.206
-35.0833
-20.2218
-27.2031
-38.3933
-30.3119
-35.6515
-33.7802
-29.6518
-33.2188
-36.8559
-36.5341
-30.6959
-37.7259
-31.2109
-26.02
-29.9469
-25.9497
-25.3401
-26.6368
-19.3019
-19.7513
-22.5614
-20.3266
-18.2511
-18.6566
-15.3461
-18.7093
-33.307
-29.3963
-30.0558
-33.3155
-29.9662
-27.5184
-20.5305
-23.4976
-24.4327
-19.3021
-19.2852
-20.9759
-24.2342
-27.2896
-26.217
-27.1233
-23.3093
-25.2128
-26.9511
-26.4272
-23.8917
-27.288
-25.3911
-29.4249
-27.9411
-25.1916
-27.9525
-28.2202
-27.3635
-28.7541
-25.2252
-22.7519
-25.1277
-19.2027
-14.4745
-21.8228
-16.5651
-21.6828
-19.7503
-20.489
-9.50418
-8.91139
-9.82682
-1.44298
-6.8762
-3.09938
0.466089
-8.58963
-3.63953
-8.55654
-3.08358
-8.73904
-19.9388
-13.0306
-6.3543
-4.53807
-25.6684
-13.558
-21.8547
-23.4578
-20.8181
-17.3785
-26.157
-24.133
-23.3972
-24.0456
-27.3828
-29.8384
-30.0467
-29.3396
-22.4057
-27.5224
-36.4635
-30.1176
-23.5527
-28.1546
-28.9317
-31.9013
-31.0911
-18.8289
-28.6161
-32.9058
-31.6859
-24.0636
-18.3697
-21.4694
-16.5659
-8.1569
-13.8338
-22.437
-29.3203
-24.8439
-18.5378
-18.4393
-23.5581
-19.1461
-12.2507
-10.9469
-11.9337
-12.3348
-22.1798
-22.7711
-23.5118
-14.1576
-18.0189
-13.1371
-18.8913
-18.8042
-18.8275
-23.8731
-22.7362
-24.7177
-25.2107
-24.539
-23.8998
-18.6736
-18.2014
-7.43823
-16.9681
-15.6617
-14.3247
-15.6417
-8.09184
-7.63057
-13.3608
-10.7725
-8.76324
-8.56745
-14.2958
-2.41111
-13.2631
-11.0466
-8.32016
-17.475
-18.4339
-20.8194
-18.9355
-21.411
-21.7215
-21.1475
-24.7642
-22.7749
-20.5855
-35.3021
-31.9889
-31.1433
-37.2449
-23.4977
-11.2047
-18.6832
-16.5417
-14.5631
-24.0488
-19.8576
-8.24618
-7.94865
-8.38722
-6.86663
-7.67349
-0.710132
-6.59307
-6.67359
-1.89396
1.29821
1.62423
-4.22824
-7.73875
-18.4497
-12.4455
-21.918
-12.2923
-22.8966
-33.5332
-51.8144
-44.8079
-44.5116
-52.9445
-49.9078
-54.6162
-52.9605
-55.3879
-53.8415
-52.7331
-55.9569
-55.633
-53.8726
-51.4782
-53.9745
-47.6905
-38.8425
-35.8217
-55.1817
-58.5242
-56.2653
-51.2539
-45.2142
-52.7257
-57.9029
-58.3877
-54.5724
-58.0046
-61.724
-61.1042
-56.5488
-51.1059
-53.9667
-54.5399
-55.1754
-52.0324
-56.2596
-59.934
-60.1854
-62.3562
-65.6833
-63.2096
-66.8407
-63.5632
-69.7916
-69.6215
-72.6504
-72.7464
-69.1004
-64.8694
-62.254
-64.0421
-60.7618
-68.4785
-64.2218
-64.8429
-63.8715
-65.6255
-73.492
-67.6575
-73.1246
-72.6599
-69.5909
-75.1008
-78.2039
-78.7871
-66.5474
-50.6425
-38.8082
-30.8068
-37.5838
-36.5645
-42.4691
-43.1142
-32.8211
-39.374
-37.6076
-45.2943
-52.7739
-59.8966
-26.9159
-13.7624
-21.2473
-22.4242
-13.6794
-21.6779
-31.6324
-27.3475
-32.1362
-27.6882
-31.0532
-33.3337
-34.1579
-31.4976
-22.4871
-20.6881
-24.4702
-33.6554
-36.8572
-38.8213
-42.3619
-32.819
-37.0624
-38.449
-38.4119
-36.7779
-37.8406
-30.7317
-35.6439
-36.8933
-24.9427
-29.0835
-26.2935
-21.0912
-27.8388
-28.748
-23.769
-25.8586
-21.4752
-26.6852
-24.9819
-19.4565
-23.7831
-23.4077
-18.292
-16.8212
-11.7237
-14.7594
-17.0991
-12.4603
-19.725
