7.43037
3.34625
-9.0219
-8.73105
2.1722
3.96119
6.79859
1.15795
6.83565
5.17648
7.7082
4.0208
1.44561
7.00906
11.1763
3.43502
0.75555
23.5852
23.1204
13.2999
10.1182
12.121
17.8658
15.267
14.3858
14.0332
10.5298
14.1123
20.4229
19.3339
17.287
18.1506
17.4534
20.4402
19.7289
18.1429
21.3233
16.8398
11.572
10.5254
11.4632
13.1994
23.131
21.4177
20.5679
15.5922
16.2385
12.8303
15.1814
14.7129
13.1333
14.9111
12.0139
15.1556
10.0524
13.9492
13.1259
25.6698
12.9354
12.7077
7.21899
7.8679
8.58939
11.025
12.0298
14.1313
6.42425
11.6183
14.7355
12.5443
14.331
9.50761
8.70924
4.92551
11.1524
12.2403
13.4073
16.4073
12.7854
10.7066
9.41522
16.9596
14.2394
15.3487
15.546
15.6218
16.6529
14.211
8.63906
11.7733
12.76
19.1197
13.7322
13.0778
19.0641
8.6966
14.3316
18.1027
20.4446
13.3213
23.4602
12.505
15.7153
13.4994
11.2213
10.8555
8.94623
9.31339
14.0269
24.7014
8.44987
16.2138
6.28465
10.1906
15.6822
9.99914
12.7143
9.48037
10.8025
10.066
11.5864
10.7187
8.9763
7.48826
13.4102
5.03744
15.9282
10.914
10.2291
6.30703
15.1004
20.4484
11.6707
11.0163
11.5687
12.9444
8.10175
5.51755
9.7342
4.45766
7.21678
5.39041
7.98047
6.71702
8.9214
10.2163
7.90835
6.09594
4.80639
15.0571
9.13196
12.3923
10.9911
11.7307
9.70641
13.4595
14.1452
20.0093
17.6495
13.0288
20.0485
25.4222
33.6353
27.9805
35.7315
35.6135
36.2916
39.248
37.6869
28.9822
28.2275
16.6358
2.30034
-2.11269
-2.48174
15.4028
10.2847
7.49001
6.53285
11.4664
14.4174
19.8689
20.4203
22.6878
25.2416
23.5145
28.0746
23.3811
24.6443
32.6684
30.1961
35.9646
33.3704
35.318
28.7571
36.0689
36.7057
43.0562
35.1609
35.8895
35.3477
36.8186
35.0894
33.9686
31.7628
38.8523
31.7688
26.295
14.975
6.27517
1.89922
-9.44188
-13.5897
