61.634
80.3349
75.1903
69.0879
68.0519
67.8232
63.0993
61.2266
54.9816
55.6074
59.0644
51.9247
49.3851
68.8979
67.6159
66.7154
73.1391
80.5639
69.0501
69.1713
71.4845
58.2531
68.7641
63.4177
72.6114
57.3239
69.7172
68.1301
70.0701
67.8562
55.8377
58.3912
53.1734
64.8244
79.015
89.0764
72.5975
70.0081
56.9849
62.3279
49.6124
52.5051
53.5986
43.2753
51.436
47.4448
43.3839
38.4935
43.4033
43.3306
39.7351
45.3291
47.0321
46.6155
44.2128
48.9992
46.0078
43.4049
45.3465
43.0408
53.4143
49.0436
50.1679
52.1181
60.7967
55.3065
54.5253
53.538
49.6809
51.194
56.361
46.6609
50.9434
44.9445
52.1754
49.4209
53.1749
49.1606
49.7937
47.544
45.6915
37.9795
34.9479
48.6152
46.6745
37.1843
52.5623
53.1745
53.124
54.2297
60.7639
54.9392
58.881
53.6906
50.121
51.1385
45.2007
44.4086
54.678
52.4524
49.469
52.708
53.4753
53.0232
52.5431
52.6517
58.343
66.4005
58.8504
62.1181
62.2163
60.9877
65.1481
66.8839
65.7557
67.0645
58.6919
61.5702
54.588
40.3907
43.0104
39.768
40.6267
46.8723
52.4851
48.0026
49.4901
47.513
37.7462
39.2218
52.7439
49.062
44.834
49.2478
52.2576
56.4232
60.1032
53.9672
59.4096
57.9662
54.1585
53.1188
51.7529
47.8501
47.9133
45.1533
64.0662
81.2398
79.5724
77.5612
69.708
72.8216
72.9242
83.6332
72.8001
80.7904
79.7585
80.2454
80.8017
78.5365
81.1293
77.4485
79.7453
82.2287
77.8564
80.9789
89.0019
86.2005
84.3783
77.9663
81.3218
87.7045
81.8546
72.686
76.4039
73.0848
64.3311
70.2135
66.2599
60.4245
57.375
69.2648
69.414
69.5399
72.1048
75.3575
75.1229
73.7641
72.8653
72.6452
66.6612
71.4467
69.5137
70.2538
63.2538
62.3729
65.4577
76.7947
75.1758
85.6096
81.0017
80.1463
73.931
62.8612
63.5925
68.8734
70.78
73.7777
62.2388
68.4551
65.4437
66.344
72.8775
68.2537
65.8692
63.3069
67.3153
64.862
57.7395
54.9576
53.9013
54.6629
50.9498
54.3726
54.365
46.3778
59.9618
58.1688
62.7727
58.0809
53.7701
54.3879
52.1111
60.9898
59.6431
51.4187
52.5547
50.5594
56.001
63.2471
58.6766
45.3263
51.1202
52.8642
48.2872
52.8257
53.9529
52.6931
50.4983
55.9585
54.1022
53.038
55.1859
58.0915
51.3643
48.4592
55.6404
57.5623
58.3204
53.7741
51.8623
50.0902
59.3971
57.0484
55.3137
68.5291
62.9423
61.8196
55.0258
55.0125
53.8564
58.3438
64.1812
67.6282
69.0337
64.9597
68.5964
66.0415
66.3945
65.3667
61.105
63.294
62.0508
56.0487
58.0111
58.2389
54.9528
48.6343
46.9153
45.1848
50.1699
50.4475
50.249
56.746
46.2798
61.6289
62.7083
76.4271
77.6464
74.311
73.383
79.6847
73.7255
68.3989
72.8605
65.1223
77.9863
72.8668
77.9376
67.8429
74.8454
68.9895
72.5026
72.8054
69.5801
68.8839
67.7066
66.6931
66.0833
66.3237
61.5463
59.081
63.6177
61.6773
63.871
60.3232
65.4
58.4296
69.1719
70.0498
72.0385
66.4503
73.0637
70.6843
77.8296
70.2441
63.1083
67.931
77.4413
71.1587
79.3084
76.4905
69.6751
65.3216
65.8732
58.6863
56.7397
60.9093
60.3777
70.7105
62.0288
62.3675
60.9089
58.1522
57.6116
60.0793
60.7506
64.9426
70.586
55.1038
66.3617
59.6737
62.7799
57.6475
53.4777
53.8648
54.1379
53.0144
57.36
67.2539
67.2734
70.1983
64.0131
61.6252
77.2307
60.704
60.7316
64.0282
53.4769
39.747
69.8257
74.7946
72.373
77.5381
66.0657
67.963
62.9962
65.6001
68.9173
64.3406
69.5731
70.145
72.6774
71.5087
68.9368
67.1243
68.7039
59.7951
66.4654
69.047
61.2567
66.9825
67.7357
54.9226
47.5943
62.9738
62.1572
45.0238
59.6507
73.6666
80.896
75.1701
71.3828
76.9531
80.5245
72.4879
71.9423
75.1087
72.3172
72.6996
69.8081
68.8362
68.1701
70.2331
76.2389
75.4492
74.7989
70.973
73.3366
72.617
70.085
69.6351
66.5372
69.8854
75.0218
73.0598
74.1279
76.0676
74.0274
74.9215
77.292
75.0347
70.6944
73.6951
76.8777
78.8586
78.05
77.0334
84.3935
81.0792
75.5068
77.0726
79.0157
75.2344
78.7996
82.743
80.2032
77.0088
74.3706
77.2209
71.1663
74.4775
76.3193
77.4523
78.4764
74.0282
79.8444
76.9836
78.6193
79.3185
81.1388
80.8177
74.7358
75.2876
72.7613
63.965
64.9884
75.4248
81.4461
83.9454
81.9019
82.2061
90.1468
86.6351
88.4761
82.8521
83.9133
61.2197
58.4432
55.9142
69.9216
70.9505
63.8935
63.529
53.8259
58.9369
61.6703
63.3752
70.6098
61.7671
59.7839
71.0349
61.1801
34.2869
46.3879
46.5511
50.4927
49.643
43.7585
44.2787
49.7546
44.7113
48.0121
48.6216
46.5009
54.5862
50.3449
48.5864
57.0863
58.1804
54.409
59.3051
58.0884
56.3338
58.7645
56.7845
56.8459
60.6359
58.2512
62.6639
60.4023
57.7687
62.2722
60.2452
61.2917
63.504
57.4728
63.5399
