17.9444
22.2608
18.708
16.5886
17.8304
14.8875
18.3906
19.0121
9.26962
12.5568
45.7305
26.9931
34.7512
26.249
28.2405
27.7417
20.2014
11.6808
16.5611
4.93714
9.8579
6.79645
1.81019
-2.42985
-1.84312
0.331579
-2.98407
2.95266
0.577075
8.73873
15.0794
8.98128
19.2867
11.0205
16.0214
18.9807
17.2154
21.1647
19.6901
14.8025
15.6094
17.4833
28.6055
30.9164
33.2544
31.6726
27.546
27.5943
31.733
36.4743
29.4383
29.5601
27.7496
24.7282
21.132
28.8777
25.0905
26.997
28.5934
25.4186
30.2299
31.8835
25.447
30.2598
28.5911
38.2448
45.2294
42.2724
42.7304
44.4727
39.3174
34.2045
33.1677
30.1896
24.8684
36.0337
24.1167
25.6601
22.6054
16.8234
23.5768
18.8247
15.477
12.9686
19.4538
22.378
29.2154
45.337
50.1143
48.0285
47.0636
42.7969
40.4701
40.6683
46.9628
42.4912
41.6528
44.5846
44.4155
33.7147
15.3377
23.8604
17.9889
22.1666
27.8276
8.30441
13.9275
13.2546
13.8585
19.8644
23.9858
19.2491
13.5504
25.2893
11.6582
5.92743
6.9811
4.64207
2.93888
19.8088
12.3797
10.9051
12.2868
18.5919
21.2284
20.09
19.2888
8.80509
-3.97157
-2.93026
4.95266
3.80074
-2.05772
7.26494
6.82264
9.12934
5.55418
5.30787
4.19064
6.67493
7.11379
0.340065
5.13097
4.70213
7.56882
7.79898
7.27318
12.6809
10.1277
6.60428
9.38159
8.47266
8.71037
11.0456
9.18546
12.4631
11.9605
16.9332
14.2782
17.0824
16.5413
15.7113
13.2406
14.6692
11.4098
13.0182
7.39796
15.8394
17.7275
15.5132
17.3868
12.0658
16.6098
13.9074
20.238
7.6846
12.5066
8.63934
13.7682
13.6694
12.2565
15.523
11.2934
8.04101
11.0323
14.5356
15.2312
15.287
14.7344
13.4508
18.9771
13.8407
18.2408
15.8081
14.5261
16.8564
16.4203
17.7405
20.1572
12.409
13.5164
13.3457
11.9104
9.66043
12.3122
17.8009
12.9599
12.9868
10.3194
9.37537
5.62995
8.96214
8.36654
4.12082
4.73102
3.61011
4.71104
4.85609
5.2885
5.88852
8.76634
9.82722
6.79135
9.9857
9.37695
7.5506
10.0662
8.78386
8.98488
7.84474
7.92284
9.27719
9.84843
9.97635
6.56647
5.68766
7.55346
7.10356
2.86024
5.96298
11.7361
3.85146
4.14033
5.86483
6.67686
7.23032
7.20863
8.76148
13.32
12.1702
11.139
14.5744
14.2144
5.39988
3.73839
10.7898
11.5115
15.4281
14.3705
20.1976
15.7588
17.3573
11.1579
22.1097
13.8498
24.1908
21.9555
18.7798
22.8092
20.2183
26.1161
25.9711
22.0487
18.508
25.2349
17.9944
17.8837
14.1835
12.0754
16.2884
11.154
14.5259
11.0595
16.0419
15.7058
13.0509
6.2049
11.8275
12.7407
9.75636
10.7255
9.95312
6.7823
13.339
7.89885
10.7675
8.46026
12.6459
16.2784
17.7799
19.6204
16.009
10.5504
17.6192
20.1127
14.0892
13.0293
18.3693
2.09032
14.8211
9.80841
5.17488
9.93417
9.87921
9.3054
13.1206
18.9575
18.1744
21.2692
21.9797
19.2621
18.7896
18.0665
21.9494
15.0022
13.7011
15.5269
11.1821
4.42974
7.37511
7.73835
12.2247
14.3482
18.3476
13.2739
18.6626
17.6279
14.8061
18.4933
13.5699
18.0956
19.057
17.0291
12.2798
8.55233
8.65993
13.3873
20.9508
21.8462
16.7779
16.4057
15.1447
16.1583
22.3711
10.8382
17.0832
15.1968
12.8609
16.7613
15.2813
13.3019
10.8796
13.825
19.01
22.6375
16.8107
20.8072
22.4224
17.8117
14.1182
20.1657
25.9853
23.8135
26.5713
27.6986
25.5957
22.6719
23.8744
21.7418
25.152
22.7653
22.9888
20.4074
19.5995
16.7422
17.7823
12.9876
16.9807
14.7405
16.7399
14.7132
12.4223
14.0215
15.7275
20.0273
19.5548
18.8731
26.4782
23.9024
36.2806
31.7384
24.4651
16.8419
16.5118
15.2301
11.9927
13.1972
8.27574
8.15092
13.8021
12.6798
11.4147
16.3292
21.0066
24.5048
29.8743
35.5119
34.133
29.5439
22.9177
25.9187
20.5094
21.3505
25.5327
18.1116
20.9551
10.5233
12.566
25.9609
29.9204
34.8083
31.2885
26.2195
15.5792
0.695276
-6.82566
-11.3995
-0.0500087
-16.7355
-10.6831
-11.6631
-12.4589
8.44449
7.8979
6.96725
11.0145
10.0547
18.6843
6.64367
11.9747
27.5061
31.9629
18.1616
20.7641
13.3162
13.2828
12.5589
22.0487
19.4311
29.2437
15.6078
26.9323
24.4723
32.3819
30.2834
17.4813
34.4754
30.2917
35.3279
29.2606
22.4039
21.5998
21.1936
24.2517
19.0632
25.0814
24.0767
31.934
23.9594
34.4774
36.5916
25.1942
25.483
28.297
17.186
31.0294
28.3666
8.86114
21.2596
18.0555
16.9644
11.2594
6.64469
18.0454
12.3621
15.1302
15.6503
6.79525
15.6819
9.83376
17.3881
18.0618
27.2263
22.0507
28.6404
23.6821
15.7013
7.39401
12.9331
19.6514
9.03549
12.4689
9.58968
8.2876
19.2349
15.4994
14.6723
15.2284
11.3316
12.7579
20.2391
18.889
20.0037
25.2016
22.197
21.662
18.8763
15.704
19.8447
22.4217
27.8021
30.8976
26.0496
23.5858
24.8917
30.0209
29.2383
27.471
25.5123
30.15
29.8908
32.6838
27.1735
28.1766
29.6676
29.0231
31.2634
26.2148
30.0273
24.0221
23.3122
22.264
18.0518
25.3777
20.4129
16.5433
18.2567
19.6052
19.2462
21.4539
31.1817
29.2413
26.9112
29.0584
32.1396
33.9673
30.4656
27.0434
28.4501
24.4571
33.0732
36.2991
40.6833
29.805
38.1633
32.262
31.3248
25.4555
24.713
21.0427
11.5219
1.36111
1.9884
13.8778
14.8756
11.209
10.1646
21.6162
17.8667
17.2052
11.1765
12.0157
6.33085
3.49872
6.12882
2.84765
9.84271
13.3357
17.3518
20.0999
24.6998
26.9006
30.8777
29.3985
23.4878
29.2992
25.4448
22.0128
25.0771
25.1551
22.3775
19.9443
16.778
16.8416
13.6178
14.1323
17.0314
16.47
15.6659
13.9023
15.2593
15.1372
12.9066
12.1037
8.70074
9.24461
7.4762
8.56559
11.7043
9.79233
9.44117
9.57458
7.85082
7.89177
13.148
9.08648
13.7288
10.4978
3.19257
8.2827
12.1212
8.69421
15.1694
8.1772
6.48273
8.73626
9.37278
9.81577
11.4273
9.0654
9.64894
9.1006
13.9734
12.9367
15.8502
13.8274
8.68635
11.1187
11.4993
15.0342
11.83
6.88039
11.8831
12.6785
12.9536
15.579
11.0196
10.2268
15.0332
12.3528
11.0235
7.77346
5.79609
9.10433
12.4293
5.12523
5.93944
8.41261
6.17024
8.01617
5.30352
4.86104
5.22114
10.9525
8.9685
6.4179
12.7405
3.67781
5.44417
5.32616
6.31158
18.8898
23.7773
17.6667
21.2535
20.3067
23.4034
25.6888
24.1126
21.9092
21.5522
25.997
23.3138
28.5841
28.3489
35.757
39.942
33.814
34.9184
15.0657
19.4059
20.5496
29.3734
28.2608
29.6903
24.1255
28.6926
32.2713
29.7801
24.9361
34.7141
39.4471
38.3273
37.0534
29.6296
25.4847
27.0263
27.9702
25.0996
23.0947
22.6221
28.7333
23.4397
27.6394
26.5903
29.8076
33.143
27.8074
29.2271
25.796
27.9144
25.6433
30.7138
14.114
17.4628
19.094
19.3649
21.6212
15.7789
15.0162
15.7824
4.91459
17.3904
18.333
23.8407
16.8317
17.8267
13.6335
15.7915
16.1028
15.6933
16.7104
16.0165
16.0015
15.189
13.495
14.1518
17.2644
16.2339
14.4507
11.7048
14.6012
16.9064
14.6256
10.0967
13.8754
15.6491
11.811
15.9645
16.1262
14.9384
17.4575
19.8535
21.2176
16.6887
14.2388
15.1015
13.8458
14.1886
11.7373
9.30901
9.64304
12.5636
9.85253
9.96851
11.4054
13.3311
12.8684
16.5134
17.4311
14.9975
12.023
10.9837
7.02924
7.89882
6.14289
7.23012
8.4955
8.9132
6.63471
8.88721
13.9191
20.2327
24.8551
27.5684
23.1029
15.8234
18.5002
13.2961
15.4278
14.8375
16.6351
23.2456
29.7201
25.6474
30.723
25.0333
24.4168
23.3352
22.9466
24.5784
24.9086
23.0132
25.594
25.2782
25.1738
24.2018
23.7995
27.7364
27.6936
27.58
24.5002
22.7089
20.5139
16.3395
19.1619
12.7002
13.9272
16.1747
12.4569
21.5821
17.7297
25.1821
22.4284
21.8956
18.4597
22.3756
19.6648
12.9433
20.5894
14.0126
15.6945
16.5772
12.5509
16.5154
16.025
16.9696
18.0446
16.5536
15.2976
20.3519
16.2703
21.0068
19.6958
20.6761
18.9356
17.7339
19.175
20.705
29.2963
24.1686
26.4864
27.9767
25.8435
29.3754
29.3158
30.4727
26.1579
26.8683
32.1305
28.3784
20.7758
30.7336
29.8206
25.0019
29.8486
27.4404
29.6028
29.1488
27.6123
29.803
29.0376
26.7818
30.6317
23.6432
27.0273
29.4702
30.8117
32.622
30.6241
30.7005
29.1273
33.4313
37.0149
36.4189
36.3386
36.9621
38.0672
32.9035
40.8506
36.3732
35.6704
34.4952
43.059
44.5333
41.7984
48.2185
37.5409
20.5355
17.0971
20.1904
10.3985
18.9864
10.8977
14.3508
17.2653
28.2199
29.6498
26.8005
25.945
31.9075
15.7677
12.2717
19.7034
17.1071
7.71118
8.57299
8.29795
10.4429
11.6144
17.5583
15.5477
15.9278
17.4189
15.6166
18.4435
21.7674
15.7108
19.7513
22.9015
18.7817
21.1782
16.3089
14.1767
13.676
13.0122
14.3111
15.524
20.4107
21.0284
21.7577
15.7618
14.8443
31.4564
25.1891
27.9977
31.4306
23.8114
24.9052
36.5947
36.382
50.275
49.0146
44.1371
51.4602
46.6774
44.9751
47.8719
46.5905
53.1927
48.4657
45.8875
46.595
48.4793
48.6555
46.3778
50.1123
42.4907
50.6226
46.3564
41.1644
44.6902
43.6193
41.335
35.6621
40.3766
39.1528
36.2372
37.0122
35.148
32.7274
36.3014
40.9771
42.5547
43.7828
37.6733
43.5472
38.8374
36.9837
38.4569
42.3655
41.066
38.4252
42.0884
38.5521
35.8543
36.1809
34.139
36.6306
40.2653
37.2726
25.1904
27.4995
31.8005
28.3762
30.4825
33.7795
31.6353
35.3132
30.032
32.0553
44.6384
32.6192
41.7306
26.9876
5.63272
22.5531
14.8425
14.4031
18.8671
17.4437
20.6465
22.4646
21.0233
14.4521
20.4593
15.6025
21.075
18.5528
22.7313
20.9981
21.5583
20.2983
16.2071
12.4755
8.35472
15.2133
15.6345
20.072
16.6719
15.9234
14.3535
20.8786
23.2877
18.7907
19.5813
20.3736
15.995
12.991
17.1905
17.9114
22.2774
23.6011
18.0796
20.0004
22.1159
20.2336
16.7368
14.9847
21.1648
21.1927
18.6151
24.6282
22.7861
20.159
19.6511
17.8995
18.7006
22.7093
16.4274
