-22.1206
-26.9279
-22.6976
-20.0809
-15.3475
-15.2552
-12.4375
-29.9374
-22.8884
-26.9545
-12.4127
-9.14385
-21.163
-32.3414
-9.63889
-8.82944
-4.09403
-20.1091
-20.5492
-24.3639
-12.9701
-21.1977
-27.3944
-19.5325
-36.9625
-34.2103
-35.0483
-34.2204
-30.8045
-26.4476
-39.4673
-43.3959
-22.4362
-19.1555
-15.8561
-5.81078
3.33315
9.33621
7.32256
3.77551
11.3741
12.5738
-6.7515
-5.81521
6.94704
-1.1988
-3.38558
-3.46194
-2.32159
0.248394
6.79707
1.36485
-8.00762
-4.52315
-3.07504
-6.13624
4.98594
-5.75748
4.802
0.823639
5.19769
2.48035
14.6983
5.5187
5.39714
1.37768
1.9817
6.49639
9.13209
11.6806
10.5497
7.34474
-4.25812
8.67415
16.0982
15.6436
6.13203
4.40134
2.37567
3.02815
10.1738
1.60048
-9.14489
-18.8754
-44.7755
-30.5381
-33.5915
-13.3994
-6.71901
-19.8944
-19.6691
-16.6617
-32.2575
-15.3437
-1.74281
-20.8309
-11.5258
-11.629
-6.61907
-5.70279
-22.3758
-17.4615
-11.1616
-16.728
-18.1366
-15.3305
-16.6806
-18.2623
-15.6373
-13.5497
-10.7434
-17.8219
-23.7568
-16.9142
-13.0515
-22.557
-18.915
-8.58229
-17.4801
-13.8807
-16.6885
-24.8673
-17.0092
-18.8415
-14.9419
-10.4963
-24.14
-20.4829
-24.4038
-25.7167
-14.7908
-24.8805
-13.5977
-12.5693
-5.35954
-2.4665
2.96797
1.26723
0.0216489
-17.1015
-15.1093
-15.9693
-11.5839
-19.3612
-9.40328
-3.96086
-6.45509
-16.7618
-11.2603
-26.5746
-30.0041
-21.742
-15.2846
-32.3181
-19.5704
-14.6505
-17.8472
-20.6329
-21.1455
-20.9047
-18.4197
-15.4402
-14.4657
-10.0816
-16.409
-12.1475
-28.9176
-7.88121
-20.218
-15.6333
-22.951
-29.5075
-17.8528
-15.7614
-14.7155
-10.848
-15.9754
-22.4712
-15.6229
-13.563
-19.8529
-14.6713
-18.8033
-25.2478
-21.3605
-20.3335
-23.3501
-16.0493
-23.4833
-16.1996
-22.7165
-23.865
-21.5752
-24.3289
-24.1023
-12.7221
-16.8235
-14.679
-24.2036
-20.3356
-16.52
-19.5669
-24.1325
-20.0678
-31.93
-28.9813
-26.1536
-32.3885
-23.2405
-32.0036
-28.8738
-23.3355
-24.9685
-24.4299
-23.9939
-33.4006
-22.5895
-20.3356
-20.3289
-27.94
-23.4835
-21.2326
-15.1727
-30.3126
-17.4806
-22.0165
-11.5055
-16.5136
-26.8195
-10.5894
-25.1435
-21.7579
-13.5855
-11.8031
-10.9552
3.97384
-5.39692
-6.61297
-6.51753
-16.781
-17.2089
-24.2445
-23.1627
-26.051
-31.9825
-20.4255
-33.2355
-28.2358
-31.341
-26.0436
-31.0187
-32.762
-33.423
-32.8878
-32.271
-27.7285
-21.1605
-20.6384
-18.9782
-15.2363
-17.2157
-21.5356
-39.0512
-7.02897
-16.5703
-18.8582
-8.71581
9.2996
6.66891
-0.726648
-10.4121
-11.9268
-20.1735
-23.9391
-23.4813
-29.5235
-27.6997
-27.5758
-21.1327
-26.3212
-26.4331
-31.6211
-32.066
-36.9661
-32.4275
-34.1646
-39.9018
-35.427
-36.542
-40.5546
-37.2752
-32.3259
-28.8576
-32.8239
-31.1094
-30.504
-29.8771
-34.0418
-36.273
-30.3589
-35.0526
-32.7166
-33.4857
-38.8735
-40.1534
-39.4684
-39.8425
-38.6487
-36.4957
-39.3637
-37.4083
-33.7194
-35.311
-38.8093
-39.7202
-41.2912
-37.3851
-37.2636
-37.2243
-36.7596
-35.4346
-32.0919
-33.2561
-33.0604
-29.108
-35.3003
-29.6804
-26.7124
-29.5301
-29.0564
-28.1948
-33.7937
-23.5722
-23.7935
-21.0683
-25.7227
-21.4638
-26.9277
-31.2585
-18.493
-23.1921
-25.6838
-27.632
-20.346
-32.989
-37.0471
-14.4464
-8.95811
-5.9133
-0.370808
-7.47638
-11.757
-5.97699
-3.8818
-3.14176
6.89256
12.5325
-2.38783
-0.337943
-18.1632
-23.823
-15.4201
-24.766
-23.7538
-23.5197
-18.8636
-20.3792
-20.7019
-34.0463
-35.6972
-8.56398
-29.5142
-16.8994
-12.8374
-24.6012
-17.5807
-7.17348
-22.2744
-39.2958
-40.3177
-36.2451
-39.2858
-16.2772
-18.039
-11.2937
-16.3351
-21.9271
-17.9748
-20.6947
-14.1001
-17.0157
-23.912
-25.1435
-26.7321
-29.5094
-29.6315
-28.507
-34.9816
-30.2045
-37.3124
-34.9021
-36.2413
-33.593
-33.1058
-31.0679
-36.4123
-31.4348
-26.0363
-24.9055
-26.7187
-31.7569
-30.4519
-23.0047
-20.4932
-24.186
-30.3888
-23.3376
-26.5923
-22.5989
-22.4631
-19.2741
-19.9789
-17.1558
-16.887
-18.6855
-22.459
-14.3086
-19.2917
-11.4981
-17.227
-16.6458
-10.7378
-5.40252
-8.68544
-13.5954
-11.9251
-8.32728
-14.7201
7.34854
0.366383
5.27035
0.622058
-4.71006
-7.80679
-5.48596
-9.92649
0.551423
-6.35367
-15.3057
-18.3068
-23.4839
-26.8958
-28.2296
-26.7491
-28.7096
-22.7274
-19.2746
-16.792
-17.9423
-24.7548
-25.88
-16.5858
-26.8923
-30.5699
-34.1219
-28.6626
-29.5313
-26.4362
-33.0801
-34.128
-33.7022
-39.0051
-38.8431
-39.1349
-38.2467
-28.3666
-32.9413
-36.9266
-33.4067
-22.0377
1.231
-2.02055
-4.88878
4.92727
-3.61045
1.29866
-7.5164
-13.9988
