-26.0451
-23.1595
-21.3573
-21.313
-21.7693
-23.0778
-25.2204
-26.3619
-26.4927
-26.8649
-27.0252
-27.0549
-27.7459
-28.3595
-29.4974
-30.4157
-30.6049
-30.7339
-30.4426
-30.094
-30.2649
-30.3454
-30.4556
-30.6451
-30.4066
-30.3412
-30.1219
-29.9517
-29.8369
-29.9183
-29.5491
-29.68
-29.6543
-29.3767
-29.509
-29.1981
-29.1511
-28.9587
-29.1398
-28.8756
-28.8706
-29.1593
-28.9701
-29.1764
-28.9675
-29.1012
-28.9079
-28.5387
-28.6343
-28.2638
-28.2289
-27.9629
-28.0284
-27.8411
-27.5611
-27.8242
-27.5793
-27.8949
-27.9764
-28.4514
-28.5333
-28.7433
-29.0072
-28.8234
-29.0524
-28.795
-29.1702
-30.308
-32.0829
-35.7502
-46.6358
-45.8407
-44.152
-35.4538
-27.1489
-22.9363
-21.2291
-20.0675
-19.6844
-20.0453
-20.1618
-20.4983
-20.8186
-20.9368
-20.7968
-20.5452
-20.1628
-19.3286
-18.9514
-18.7825
-18.3574
-17.692
-18.5242
-19.729
-21.5947
-31.1508
-35.9512
-40.503
-43.7555
-41.0288
-40.0951
-31.9737
-26.9036
-25.5892
-24.4621
-23.6153
-23.437
-22.5802
-21.8721
-21.6414
-21.4412
-21.3774
-21.0539
-21.5781
-21.4979
-21.6005
-21.9175
-21.697
-21.1506
-20.9814
-20.4659
-20.0336
-19.663
-19.6054
-19.2637
-19.0821
-18.8189
-18.3827
-18.2304
-18.1921
-18.0107
-18.2551
-18.4606
-18.6581
-19.076
-19.5604
-20.1581
-20.5652
-21.0061
-21.4408
-21.8284
-22.1619
-22.3957
-22.6606
-22.8038
-22.9989
-23.2272
-23.5472
-23.9758
-24.5294
-25.1957
-25.8359
-26.4337
-27.0363
-27.7556
-28.2594
-28.2685
-28.0457
-28.0768
-28.3883
-28.5788
-28.5797
-28.5912
-28.7371
-28.7777
-28.7906
-28.8538
-29.1149
-29.3548
-29.2316
-28.7482
-28.6724
-28.948
-29.2509
-29.3108
-29.3888
-29.5422
-29.8509
-30.4609
-30.7369
-31.2453
-31.5495
-32.553
-34.1171
-35.2748
-35.3964
-36.0531
-36.3823
-36.3622
-35.8486
-35.6555
-35.9135
-35.8756
-35.7089
-35.3344
-34.9808
-35.0917
-34.8675
-34.3993
-33.8292
-33.3031
-33.5407
-34.54
-35.8477
-36.6873
-35.62
-34.5047
-33.4514
-33.3435
-34.1007
-34.792
-35.2369
-35.0018
-34.5401
-34.326
-34.2911
-34.3816
-34.4407
-34.4206
-34.2957
-34.1096
-33.8336
-33.6263
-33.4269
-33.1973
-32.963
-32.7004
-32.4275
-32.1582
-31.8996
-31.695
-31.4663
-31.2641
-31.0488
-30.8393
-30.6358
-30.5187
-30.4051
-30.3294
-30.2425
-30.1629
-30.121
-30.0246
-29.9231
-29.8387
-29.7488
-29.5943
-29.4974
-29.3748
-29.2518
-29.1427
-29.0334
-28.8892
-28.7867
-28.7211
-28.7074
-28.7494
-28.7789
-28.7994
-28.8197
-28.7725
-28.7282
-28.6597
-28.6327
-28.6139
-28.7134
-28.7777
-28.8505
-28.9091
-28.9305
-28.8931
-28.8391
-28.7938
-28.7522
-28.7128
-28.6904
-28.6517
-28.6373
-28.6659
-28.7387
-28.8011
-28.8118
-28.7184
-28.5653
-28.5476
-28.5301
-28.5922
-28.5713
-28.4368
-28.2884
-28.1304
-28.0033
-27.92
-27.8718
-27.8512
-27.8859
-27.968
-28.1058
-28.2097
-28.2354
-28.1433
-28.0845
-28.1527
-28.3378
-28.5322
-28.5881
-28.5938
-28.562
-28.5744
-28.666
-28.7426
-28.8981
-29.0524
-29.1444
-29.0908
-28.8306
-28.6455
-28.5409
-28.4654
-28.4532
-28.3889
-28.3028
-28.2248
-28.1648
-28.164
-28.1953
-28.2058
-28.239
-28.2339
-28.2376
-28.2447
-28.306
-28.371
-28.4154
-28.4555
-28.4775
-28.5316
-28.6205
-28.8287
-29.1029
-29.4269
-29.6488
-29.837
-30.0037
-30.1836
-30.4023
-30.6803
-31.0336
-31.4515
-31.8379
-32.0732
-32.2827
-32.5384
-32.9391
-33.3415
-33.6822
-33.8201
-33.8797
-33.949
-33.9591
-34.0249
-34.0248
-34.0376
-34.0115
-33.987
-33.8817
-33.7814
-33.7406
-33.8011
-33.9903
-34.3665
-34.8391
-35.3901
-35.9922
-36.4994
-37.0734
-37.6145
-38.2053
-38.8519
-39.6581
-40.3868
-41.2405
-42.1976
-43.022
-43.8679
-44.6607
-45.0737
-45.4596
-45.8563
-45.7816
-45.9952
-46.0868
-45.9507
-46.0901
-46.1284
-46.1232
-46.0645
-45.9963
-45.8025
-45.5747
-45.452
-45.1861
-45.3893
-45.4471
-46.0713
-46.4513
-47.0235
-47.2977
-47.4779
-47.606
-47.1532
-46.7883
-45.9685
-45.1919
-45.0517
-45.3919
-46.0309
-46.8629
-47.2563
-47.149
-46.5788
-46.1168
-45.7802
-45.859
-46.0269
-46.3426
-46.9363
-47.5042
-45.3364
-36.5337
-34.2638
-33.6481
-33.1978
-34.3271
-34.6728
-34.2626
-34.3503
-34.5163
-35.2318
-35.196
-34.3587
-33.6333
-33.1527
-32.9466
-32.7835
-32.5088
-32.067
-31.569
-31.1752
-30.9344
-30.7936
-30.7307
-30.7387
-30.7518
-30.8299
-30.9409
-31.0667
-31.1365
-31.1261
-30.9927
-30.7362
-30.3758
-29.962
-29.5556
-29.2197
-28.9522
-28.7927
-28.6988
-28.6492
-28.6099
-28.5203
-28.4016
-28.2499
-28.108
-27.9611
-27.7489
-27.4753
-27.1613
-26.8213
-26.4694
-26.0966
-25.7249
-25.3713
-25.0546
-24.7706
-24.5044
-24.2352
-23.9847
-23.7535
-23.5471
-23.4035
-23.3071
-23.2865
-23.3709
-23.516
-23.6848
-23.8697
-24.0022
-24.1008
-24.2121
-24.3237
-24.3906
-24.3873
-24.315
-24.1623
-23.9559
-23.6598
-23.2308
-22.7902
-22.4107
-22.1584
-22.1097
-22.2108
-22.409
-22.6698
-22.8914
-23.0568
-23.1926
-23.3393
-23.5344
-23.7422
-23.9072
-24.0051
-24.1197
-24.325
-24.6471
-25.139
-25.8732
-26.827
-27.9683
-29.1968
-30.3594
-31.6458
-33.0226
-34.6927
-36.8254
-38.3196
-38.9317
-38.4379
-37.5953
-37.1097
-37.0248
-37.2429
-37.6609
-38.1453
-38.7684
-39.8392
-41.4353
-42.7372
-43.487
-42.7809
-40.1856
-37.7963
-35.9738
-34.6665
-33.8751
-33.5228
-33.3638
-33.235
-33.144
-33.1509
-33.1872
-33.1973
-33.1395
-33.207
-33.4102
-33.6932
-33.964
-34.1325
-34.242
-34.264
-34.2643
-34.3062
-34.4213
-34.4026
-34.2335
-33.9298
-33.6969
-33.6436
-33.6848
-33.7756
-33.8103
-33.8393
-33.8273
-33.8951
-34.1522
-34.5979
-34.9732
-35.3158
-35.6167
-36.0673
-36.5983
-36.8499
-36.9763
-37.1872
-37.2976
-37.2324
-36.9365
-36.6077
-36.4295
-36.2106
-35.9079
-35.5432
-35.3283
-35.2936
-35.2513
-35.1027
-34.8098
-34.6571
-34.7419
-34.7853
-34.7172
-34.7746
-35.0488
-35.1623
-35.216
-35.0652
-34.9846
-34.9777
-34.7958
-34.8361
-34.9695
-34.9002
-34.6904
-34.3354
-34.0962
-33.9384
-33.6192
-33.2794
-32.9904
-32.8668
-32.7813
-32.4881
-32.1077
-31.7733
-31.6169
-31.452
-31.1957
-30.8927
-30.6766
-30.6952
-30.8243
-30.8772
-30.8757
-30.8794
-31.0722
-31.354
-31.4865
-31.6612
-31.9401
-32.0245
-31.9737
-31.7345
-31.655
-31.6349
-31.4289
-31.2742
-31.3174
-31.3398
-31.2013
-30.9211
-30.7081
-30.5881
-30.4591
-30.2694
-30.0732
-30.1421
-30.2839
-30.289
-30.2839
-30.1815
-30.2722
-30.3562
-30.2976
-30.3541
-30.4793
-30.4858
-30.4459
-30.2464
-30.2195
-30.184
-30.0277
-30.1659
-30.3804
-30.4195
-30.4154
-30.2736
-30.2003
-30.1593
-29.9241
-29.7261
-29.6853
-29.7247
-29.6099
-29.3692
-29.0514
-28.9494
-28.9646
-28.8981
-28.7855
-28.7874
-28.9631
-29.1055
-29.1879
-29.1249
-29.0863
-29.1674
-29.0151
-29.0049
-29.165
-29.0947
-29.0676
-28.8937
-28.7907
-28.6963
-28.5829
-28.7376
-28.7377
-28.7944
-28.6566
-28.5311
-28.5755
-28.4028
-28.4434
-28.6647
-28.6423
-28.607
-28.4084
-28.2833
-28.22
-27.9986
-28.031
-28.1296
-28.118
-28.0493
-27.8718
-27.8466
-27.6925
-27.6116
-27.7434
-27.6652
-27.6529
-27.456
-27.3677
-27.2716
-27.2641
-27.4448
-27.5358
-27.5652
-27.4679
-27.4816
-27.3745
-27.455
-27.6216
-27.7284
-27.7102
-27.5265
-27.5465
-27.4051
-27.4232
-27.6249
-27.6601
-27.6244
-27.4869
-27.5063
-27.4171
-27.4489
-27.6757
-27.6978
-27.6954
-27.5277
-27.4931
-27.4417
-27.5325
-27.6404
-27.7244
-27.6907
-27.4971
-27.5007
-27.529
-27.4484
-27.454
-27.3239
-27.1148
-27.2666
-27.2952
-27.5733
-28.2143
-29.605
