-46.4144
-63.2673
-57.8066
-47.4245
-55.8452
-44.8393
-25.0347
-41.5693
-47.2961
-37.3126
-37.2571
-27.8854
-53.0269
-46.2929
-51.6798
-46.5464
-46.0413
-53.2264
-63.9589
-70.6621
-43.1337
-46.1251
-46.1709
-41.9787
-47.8968
-39.6044
-47.7925
-54.8993
-51.1412
-50.3575
-65.3317
-57.8067
-46.2112
-60.9792
-55.328
-31.9676
-35.998
-26.7949
-22.2516
-23.1718
-11.5625
-6.87888
-7.93496
-11.246
-14.3328
-11.6759
-6.97931
-8.44398
-5.49287
-7.12848
-4.52515
-4.84914
-5.0737
-6.82345
-4.98922
-3.86639
0.135061
3.16607
-0.970487
0.623161
1.26643
0.233249
8.03494
10.4978
10.6294
-2.68878
-0.529967
-1.75843
-1.54528
-5.36771
-5.88331
-3.82329
-11.7394
-19.3643
-13.4119
-12.1557
-14.2927
-17.1991
-11.3367
-16.1706
-12.4761
-12.2295
-8.51571
-45.4908
-51.1683
-38.0615
-34.4017
-37.4947
-41.9054
-48.2715
-45.3064
-41.782
-44.3192
-52.7217
-40.9377
-24.4324
-21.1432
-6.54371
-9.46062
-13.384
-10.5931
-12.2831
-15.4976
-21.6125
-11.4119
-8.73275
-11.7414
-12.9915
-9.68585
-16.4442
-15.9282
-20.2797
-19.0134
-26.9407
-26.2632
-22.7693
-21.4791
-22.9051
-28.4686
-24.7273
-20.8576
-23.7781
-26.2118
-23.7763
-30.1283
-24.2873
-32.7785
-26.7437
-20.1188
-27.1982
-40.4358
-44.3171
-52.8599
-53.0984
-40.373
-35.7643
-43.7286
-45.9921
-43.5636
-37.7825
-25.4174
-31.084
-27.9229
-21.8051
-35.7817
-45.8177
-25.78
-32.7367
-30.9128
-45.9904
-49.6514
-42.2789
-39.6969
-41.0992
-34.4141
-29.7559
-31.8653
-31.9513
-31.6844
-36.6192
-31.3494
-36.391
-34.6974
-36.8918
-43.7773
-29.7011
-32.6332
-30.7467
-35.8413
-31.0772
-34.0006
-35.9686
-29.446
-26.9813
-30.0767
-25.2777
-41.7584
-31.281
-33.4733
-26.8621
-23.5779
-19.6864
-23.0288
-27.0042
-23.9045
-25.4097
-26.0812
-22.5542
-20.7502
-18.6207
-18.5624
-22.4464
-19.5592
-20.6001
-17.4065
-20.6946
-19.383
-23.5951
-25.5055
-29.3006
-11.6532
-16.6446
-20.1964
-23.6477
-30.2209
-21.7733
-24.4456
-28.1741
-26.4066
-26.7098
-25.5218
-22.5178
-28.6762
-16.0311
-20.8345
-22.3372
-16.4051
-21.2098
-19.3157
-28.2483
-25.1875
-18.302
-11.1096
-21.8899
-17.6581
-12.2351
-20.9458
-19.3102
-20.2663
-23.6074
-26.8379
-28.7851
-44.59
-37.2352
-41.8154
-28.5154
-27.5139
-14.0007
-15.8522
-6.7979
1.14567
7.34626
14.1037
5.42609
2.8524
1.94358
-2.4401
2.01133
-0.338655
-8.60642
-13.8325
-2.56255
-3.80032
-7.84281
-18.8801
-15.619
-14.4263
-13.6442
-17.7708
-16.9208
-18.3453
-13.573
-12.6318
-41.1017
-47.5848
-44.1104
-54.9715
-46.0632
-34.7077
-37.9502
-41.6755
-42.8953
-31.6899
-21.3311
-13.3671
-6.47579
-7.43196
-4.14191
-5.01603
-1.55387
-11.0298
-10.9623
-2.93624
-5.20652
-9.89937
-9.88247
-17.0866
-9.24085
-7.20982
-9.61963
-15.8027
-10.7085
-17.37
-19.8241
-14.7779
-19.1727
-12.9018
-16.0602
-10.064
-13.4161
-14.4282
-16.9202
-14.4498
-17.5565
-17.5164
-20.8862
-17.128
-8.52969
-10.7253
-9.67619
-8.35721
-12.9431
-9.57357
-13.0308
-14.6118
-8.71096
-14.3725
-9.12888
1.12376
-13.4531
-13.0761
-7.01572
-7.65521
-18.4449
-14.641
-11.5017
-9.73065
-14.1121
-11.4658
-9.0048
-19.4232
-21.1655
-18.1437
-18.1281
-19.6602
-15.3
-14.0604
-14.6271
-16.7735
-16.2724
-14.5192
-18.3054
-7.75172
-2.79704
-0.0435438
-2.04761
-22.5829
-28.948
-53.9383
-52.1421
-50.3692
-50.7212
-46.2605
-50.0335
-47.7949
-54.4154
-59.2099
-36.809
-53.239
-38.9576
-46.8321
-38.8247
-42.0122
-35.7016
-53.7021
-53.2038
-47.4462
-38.3139
-45.7361
-60.5396
-53.226
-50.166
-44.7565
-48.1537
-41.4688
-33.9369
-35.4241
-47.8191
-29.4644
-44.3558
-45.5542
-29.2278
-47.3848
-57.9856
-56.3563
-50.579
-61.248
-54.996
-63.7685
-63.2745
-65.8256
-63.3559
-62.6569
-54.9188
-59.894
-66.3326
-67.2446
-68.8338
-60.9885
-62.9528
-62.9182
-60.9331
-59.1388
-62.2887
-60.9176
-64.7449
-61.9334
-66.4289
-64.7314
-58.2192
-60.1728
-58.0349
-60.3257
-58.1526
-62.0725
-56.9184
-67.2033
-46.5487
-38.2333
-40.2406
-39.2973
-34.2501
-24.0341
-38.6885
-40.0042
-42.446
-50.9783
-41.3652
-48.1491
-51.3015
-50.0419
-47.7391
-49.7893
-54.0606
-59.3754
-51.1894
-51.0539
-55.9933
-51.5334
-39.1869
-36.0568
-26.5301
-17.465
-27.0106
-16.2927
-19.421
-26.9607
-21.85
-32.5589
-46.2458
-19.0195
-19.0652
-19.637
-21.4364
-12.8276
-23.8844
-21.1645
-15.9394
-16.5821
-23.8304
-22.2806
-22.5075
-26.1569
-23.9741
-22.8408
-19.4666
-24.2597
-24.6386
-21.46
-23.986
-21.3375
-24.8813
-30.7291
-28.9707
-25.1289
-22.4386
-23.6219
-17.2277
-23.3618
-22.7308
-17.4004
-24.1432
-26.9368
-27.6955
-29.3497
-40.495
-41.1363
-37.1377
