-29.5818
-1.21793
-4.18052
-3.07814
-8.23549
-4.46224
3.89375
-0.555348
-24.9864
-9.14816
-17.109
-17.1625
-17.0748
-23.6096
-9.07966
-15.8001
-12.6912
-19.2697
-15.6514
-11.6432
-14.6685
-9.61291
-11.0401
-12.2219
-20.1789
-14.6686
-14.2797
-9.09697
-10.2912
-16.6823
-16.6457
-13.7794
-16.0955
-12.211
-7.87972
-2.67926
2.40617
-0.736426
-2.48854
1.13358
-2.12403
-12.9075
-12.6885
-6.98385
-13.7455
-18.4366
-17.8685
-24.4947
-25.7359
-19.0743
-18.2882
-18.6501
-12.9121
-5.25636
4.02154
-4.01669
0.89437
-3.89059
-6.90589
-4.58551
-7.61423
-4.73146
-21.9803
-18.4064
-16.2539
-17.8097
-23.8208
-22.8576
-25.7844
-18.0733
-16.3463
-17.0774
-10.1499
-5.25334
-13.8589
-29.7684
-33.2137
-36.277
-35.9974
-32.3311
-30.5792
-31.8561
-28.151
-28.2984
-30.9136
-32.4171
-31.9186
-37.2748
-33.8013
-34.686
-33.867
-46.4358
-40.7459
-37.3681
-34.6196
-35.7733
-34.0841
-39.0175
-34.0309
-37.9294
-29.2999
-28.2428
-34.9145
-36.5847
-37.4169
-37.6161
-23.0022
-19.1837
-24.8278
-6.91627
-19.3405
-9.49591
-18.2818
-21.4607
-18.2963
-23.9678
-17.7641
-20.7903
-37.0556
-36.7448
-37.1705
-34.6837
-27.1017
-27.4322
-42.5498
-31.5225
-37.1754
-30.8628
-36.3969
-33.3681
-39.7762
-40.9836
-42.3267
-40.3299
-39.19
-36.7863
-38.7771
-34.085
-35.8268
-38.4233
-37.1341
-42.377
-46.8539
-45.8982
-42.9363
-43.3582
-45.4742
-44.5846
-49.6216
-49.7893
-44.773
-49.4708
-50.694
-47.4405
-47.4701
-45.4807
-49.1185
-46.8722
-46.7438
-47.9202
-47.9643
-44.1394
-45.5938
-46.8954
-52.3595
-51.8259
-51.148
-47.3205
-47.8404
-54.4424
-47.3049
-52.1998
-47.3109
-51.5744
-53.5837
-53.6154
-53.3912
-48.1615
-48.1817
-49.3588
-48.3746
-47.4433
-43.7955
-46.1576
-52.7093
-47.901
-46.0972
-45.6675
-50.1286
-43.5942
-44.6724
-48.9558
-46.5119
-48.9064
-50.9101
-46.6225
-46.6726
-50.9733
-43.1695
-41.8363
-42.457
-47.6357
-43.0488
-46.4718
-44.412
-38.7244
-43.8923
-40.4883
-37.7987
-37.2862
-35.0866
-34.0907
-35.4781
-34.3876
-35.4035
-35.9828
-35.6932
-37.372
-34.401
-35.2604
-35.5733
-37.8636
-33.2083
-34.1002
-33.8349
-39.0676
-40.0903
-38.7931
-38.4972
-38.829
-36.8862
-36.6644
-34.0861
-35.2859
-37.5896
-37.9782
-35.4963
-33.7809
-37.8001
-36.0298
-32.0258
-34.0175
-37.1189
-35.1804
-34.5445
-36.5787
-33.012
-32.9339
-32.718
-32.6785
-32.9918
-34.9953
-33.679
-32.7732
-36.9425
-32.2724
-30.1542
-28.0527
-26.6554
-28.5518
-31.3339
-40.0524
-40.2449
-20.5319
-22.5745
-22.3262
-18.4986
-22.8506
-24.75
-27.4495
-32.9701
-28.7538
-28.7148
-36.3546
-39.9581
-40.8293
-45.9833
-33.264
-25.9215
-23.031
-27.5753
-35.3589
-31.635
-34.9595
-25.5711
-39.4222
-36.3971
-27.7872
-25.8675
-22.9335
-23.0402
-21.1498
-18.4412
-21.8999
-20.6456
-26.133
-29.0516
-18.1479
-19.3461
-29.3103
-37.1247
-38.2196
-41.1658
-38.4214
-37.5632
-41.6362
-35.2687
-28.0757
-34.4994
-32.6952
-26.7029
-19.9572
-23.587
-25.253
-31.88
-27.9589
-30.1514
-31.9781
-40.6662
-35.9201
-41.4753
-45.0727
-40.772
-33.9716
-31.3491
-28.2759
-28.1419
-23.0738
-21.6313
-22.4062
-26.3157
-24.656
-29.3067
-31.6869
-38.0043
-35.2069
-33.305
-36.6229
-34.377
-26.0751
-37.0865
-25.4068
-22.3173
-27.6896
-24.3493
-23.359
-22.9793
-28.8436
-20.1759
-23.9698
-29.0824
-30.4922
-24.6671
-24.7117
-16.6111
-29.9169
-35.0024
-29.8624
-26.8506
-31.0601
-31.5291
-30.4856
-36.3851
-45.8872
-45.3079
-41.4498
-41.9425
-44.377
-43.9959
-42.8092
-44.2707
-45.0806
-46.0448
-47.234
-53.8897
-53.8707
-49.5758
-50.032
-48.1834
-46.9552
-40.9537
-40.1141
-41.6078
-41.4347
-39.0395
-37.6604
-39.8913
-35.2479
-36.0903
-35.6684
-31.891
-34.5916
-38.2916
-38.6855
-36.6138
-40.5215
-39.4763
-34.4796
-27.9244
-34.51
-31.7403
-30.2428
-25.3438
-23.6193
-23.0778
-25.3112
-26.6032
-32.0252
-21.8615
-27.1197
-27.7156
-33.2906
-34.486
-28.9304
-31.2103
-28.8056
-24.7864
-30.511
-32.0103
-30.9299
-33.4008
-34.588
-29.7297
-30.7055
-36.7956
-28.2574
-30.0633
-24.4901
-24.1268
-30.1083
-11.6223
-3.74139
-19.7084
-30.1013
-51.15
-15.9888
-25.7429
-37.4393
-33.3891
-24.8402
-29.6241
-34.0209
-42.6404
-33.763
-29.6419
-22.6467
-15.688
-7.19525
-26.2053
-15.7876
-27.0304
-15.9857
-21.9808
-20.587
-25.3595
-22.0551
-19.7245
-23.0269
-25.7173
-19.2705
-22.561
-23.913
-17.8713
-22.5513
-20.031
-17.7945
-16.4966
-26.268
-23.1963
-12.371
-23.0294
-37.296
-18.8015
-18.6269
-26.4007
-30.2492
-19.4493
-26.744
-24.0322
-24.8885
-28.2108
-23.1509
-19.6035
-27.7614
-20.9474
-27.4702
-21.5345
-15.3851
-16.5126
-5.55342
-12.7948
-13.6574
-25.4266
-19.9389
-31.1211
-16.5867
-18.04
-10.0468
-5.00928
-22.1244
-11.9313
-19.7727
-14.5114
-13.2763
-13.8106
-14.4604
-17.827
-15.5587
-23.2798
-26.2255
-19.7176
-26.3039
-31.5825
-25.1485
-32.0794
-21.4998
-18.3187
-30.277
-27.6585
-26.1498
-32.0705
-12.9087
-30.1194
-14.6942
-6.23443
-12.1474
-8.43281
-8.89685
-4.1768
-2.04858
-5.12107
-5.53
-2.24791
-9.31451
-6.18295
-5.35205
-6.16524
-1.21413
-5.16046
-5.70395
-4.93748
-4.0792
-2.98567
-2.05401
-3.16961
-6.23524
-3.46528
-4.69614
-5.58813
-3.34071
-8.39736
-1.4217
-1.76211
-1.50737
-9.44112
-17.9118
-23.4831
-16.5978
-18.6202
-13.7787
-6.32332
-11.9937
-9.60534
-16.3848
-23.1794
-23.0365
-27.6267
-25.1604
-21.2274
-24.3855
-29.4596
-27.4253
-25.9907
-20.6379
-17.7997
-14.3163
-21.0204
-13.9602
-14.9101
-16.6548
-22.6661
-22.6202
-18.909
-22.2187
-16.1276
-11.5205
-4.66766
-18.1777
-15.391
-20.3305
-20.3506
-20.6023
-23.9071
-25.4666
-22.5406
-31.4175
-24.4536
-32.2127
-29.8113
-33.7129
-31.5207
-34.8404
-24.1315
-20.5803
-26.2951
-23.3828
-24.6192
-18.9216
-21.9709
-25.0704
-21.4318
-22.1586
-18.8912
-12.9122
-20.5987
-17.582
-20.2288
-18.5459
-14.0186
-23.5364
-25.1613
-20.6677
-24.7919
-25.3545
-23.2713
-28.482
-30.3981
-26.4168
-25.5397
-29.0985
-24.2869
-26.2603
-29.5352
-27.8233
-25.7666
-26.1803
-28.0378
-31.888
-32.006
-32.0165
-31.4032
-26.0574
-26.0251
-30.385
-24.1749
-29.7718
-32.1316
-31.2744
-36.5117
-31.9465
-26.6989
-34.7168
-27.3397
-27.2741
-28.2594
-26.2642
-33.7886
-29.5073
-31.7506
-26.0263
-31.3016
-28.1038
-29.9605
-30.7772
-26.6409
-28.3976
-31.3834
-26.545
-27.0835
-29.1049
-18.3166
-28.2038
-31.7365
-30.7533
-28.3583
-28.9542
-25.5185
-26.9284
-27.7581
-25.1059
-31.7287
-31.0134
-27.6759
-28.4567
-25.1314
-21.0134
-16.8796
-14.1505
-11.4025
-10.7583
-26.0934
-32.8553
-38.3451
-34.4233
-32.7443
-34.1717
-36.3251
-35.9075
-34.2359
-34.1742
-35.9758
-38.0411
-33.5848
-17.2424
-6.34772
-9.82573
-17.152
-20.736
-30.0236
-40.6019
-48.5021
-46.6228
-42.2692
-41.0065
-37.1872
-34.1958
-41.2353
-37.5774
-39.0729
-42.4074
-31.7669
-30.4841
-22.0881
-32.0332
-37.6923
-37.2752
-36.3129
-33.1975
-33.4019
-31.648
-27.302
-25.0509
-25.9938
-24.5509
-21.4194
-21.3999
-20.1354
-25.7599
-27.4535
-30.4321
-41.4526
-29.28
-43.4347
-48.8013
-40.8576
-44.8724
-47.5437
-46.1649
-45.1432
-53.8984
-55.6065
-30.5807
-23.7809
-24.1024
-23.6172
-23.0608
-24.8869
-27.3283
-24.4759
-26.7935
-25.3851
-22.974
-22.9729
-23.6794
-27.9936
-27.331
-25.5588
-26.5505
-25.2682
-27.9114
-28.6807
-27.9933
-26.0675
-29.1601
-29.0586
-25.8051
-26.0521
-29.5007
-25.8206
-24.8157
-25.0513
-23.688
-25.6213
-27.2593
-26.3015
-29.6779
-27.492
-28.775
-29.0812
-29.4855
-30.0561
-29.5757
-27.0381
-28.9395
-27.6611
-29.0475
-26.7484
-27.1295
-27.5765
-28.2688
-29.9785
-24.3628
-26.8266
-28.0461
-29.4875
-31.4231
-28.6777
-31.487
-29.5588
-33.3938
-30.7616
-30.4234
-23.1295
-23.8321
-6.86479
2.49993
-6.09895
0.507105
-3.25399
8.25349
12.3507
6.30616
7.10481
14.3109
-3.83095
4.47174
1.72074
-0.0971175
-4.10788
11.7445
9.88517
1.46154
0.0637525
-2.17594
-3.39016
-6.61556
-4.48912
-4.93527
0.831378
8.42287
12.844
11.2357
8.89317
5.53666
9.49509
6.60455
0.877631
-3.00033
-1.52387
-6.41255
-2.23569
-9.13872
-7.91897
-16.9206
-8.52227
-3.17078
0.381625
0.377178
-3.0284
-1.47699
-6.30189
-4.8652
0.518328
0.749598
9.54473
-3.04268
-2.14374
-5.09396
-4.98751
-2.82601
0.11631
-3.2281
2.39331
5.20858
-0.178087
-8.86761
-13.042
-7.51491
-1.96719
2.26971
-4.04602
-4.43015
-12.2905
-13.8783
-12.5467
-15.9528
-12.1575
-8.03006
-5.66121
3.2753
4.71213
2.01606
6.73862
2.11235
-2.69327
-4.29081
-10.6246
-10.4871
-10.0994
-13.6159
-10.8961
-10.6444
-10.1159
-1.72173
-3.52036
-3.16508
-5.30637
-3.5213
-3.01242
7.31435
3.26265
-6.95762
-11.5108
-12.1288
-10.1827
-9.24326
-7.17701
-13.0079
-11.5548
-4.29731
1.27542
-0.103753
-7.02015
-11.998
-8.14943
-17.78
-12.5271
-2.23173
-17.2584
-20.9356
-16.0164
-30.427
-45.3248
-38.3476
-34.6196
-40.2465
-43.5202
-32.9184
-28.2441
-31.939
-32.4492
-28.6702
-17.7316
-27.4219
-30.2009
-27.4503
-31.9696
-32.8695
-29.4409
-25.1459
-20.6069
-21.5154
-22.2689
-24.5002
-21.9798
-28.0671
-25.6171
-28.8783
-26.7033
-27.2833
-35.0762
-33.2644
-27.7629
-25.8911
-24.4319
-24.2958
-21.7836
-28.739
-26.4644
-29.7279
-33.1957
-37.2242
-29.5963
-23.1336
-16.0266
-17.449
-20.3029
-15.3825
-20.2259
-22.1006
-24.6129
-27.8562
-22.2613
-31.2726
-34.0661
-27.5951
-25.8388
-25.5017
-27.7772
-21.9716
-23.3889
-29.2768
-24.6079
-27.6294
-24.0407
-26.9444
-25.5024
-27.4571
-20.1609
-22.5622
-21.4688
-23.0087
-24.4988
-26.9897
-31.1146
-30.0421
-31.5847
-30.8995
-31.0118
-28.9524
-32.2862
-30.3817
-31.0378
-32.4708
-33.1833
-36.4254
-31.5221
-34.5479
-30.3852
-31.4357
-34.4629
-33.0273
-35.1824
-35.2358
-34.1666
-34.2742
-33.7239
-35.4732
-35.8167
-32.0024
-31.8866
-38.8408
-34.2899
-30.0239
-32.5465
-32.4589
-32.6531
-32.3869
-34.9943
-33.6679
-36.3799
-39.1061
-40.6581
-38.5079
-36.4697
-55.5247
-40.1719
-34.4883
-20.9885
-21.4167
-18.5803
-27.206
-38.9982
-47.9995
-50.2071
-45.2591
-47.0461
-43.4394
-44.6384
-43.7671
-49.1851
-47.0569
-39.8563
-43.4632
-44.9339
-49.7913
-46.4466
-47.2338
-45.7739
-46.4921
-43.3648
-49.4495
-50.6645
-52.3777
-56.6222
-57.6038
-56.7218
-56.3655
-54.5557
-54.1527
-49.0038
-53.5748
-54.5618
-51.693
-54.6808
-53.5367
-49.0657
-55.1821
-58.628
-51.1751
-52.5372
-46.1245
-50.8847
-50.453
-46.8413
-50.149
-49.0253
-50.9985
-49.1836
-27.5656
