-10.1349
-18.2095
-8.87666
0.988298
6.82047
5.31856
8.00158
4.79329
7.00574
6.73702
6.67175
1.81367
4.87912
4.33705
0.0747882
-6.0996
-0.946782
24.4495
20.6336
19.2985
11.2634
20.5849
23.0207
23.2559
24.05
26.1671
18.9229
24.0993
25.5591
26.7484
27.2297
24.1798
18.5226
22.5157
23.9795
25.4734
29.3526
29.059
29.5945
24.2116
27.1321
24.8762
28.6058
36.8982
25.2958
23.8493
26.1486
23.2005
22.6273
24.5061
28.9268
29.2747
21.3545
17.4248
24.6149
22.5821
18.3442
24.3377
28.69
24.476
17.7272
30.6994
18.094
17.9519
25.3372
21.7271
26.5657
21.8917
17.1377
20.9025
21.3478
23.4485
26.028
22.2151
24.1518
23.8791
19.6858
26.5677
30.3333
22.344
18.4896
27.0088
24.8226
23.7927
20.0283
24.2565
28.781
26.054
27.067
29.7845
22.7233
29.1919
28.4972
29.6961
27.6201
30.0896
23.0915
28.1445
28.0348
23.9504
29.9079
21.9094
18.3299
20.6749
10.9109
20.7831
6.28949
9.25772
6.66298
10.8206
3.06862
2.39396
3.32022
5.71943
9.47619
11.5023
8.35146
8.67992
13.0376
11.4395
8.78699
11.1147
7.03064
7.72975
9.35252
0.90334
3.73888
4.6782
-0.412068
-2.13565
2.48374
-1.86367
0.998389
1.14981
2.8325
2.9501
2.95378
5.56431
-3.0606
-3.18344
5.58574
-1.11946
1.03443
4.29551
2.36494
2.75775
5.80761
2.83322
7.84048
5.70326
6.70957
5.82503
3.29735
4.67864
6.78737
0.843524
3.87599
6.2948
5.38009
3.34595
1.10843
4.6269
4.53327
10.8943
-0.544793
6.67134
5.90895
10.5702
21.8822
5.29033
7.54706
2.3896
-9.54317
-23.8756
-7.06165
-20.1333
-10.8841
-9.33324
-2.99027
-13.6731
-12.4376
-9.17887
-18.6046
-12.2282
-12.9975
-10.8219
-10.0112
-6.97973
-12.5078
-9.77272
-12.5547
-13.3158
-10.1314
-11.0189
-7.07956
-13.1259
-12.3815
-9.87736
-6.291
-0.164243
3.79827
8.31094
5.25251
1.12173
0.844422
9.7088
3.82088
6.87262
1.24333
-1.533
-15.793
-16.9538
-22.5859
