-31.4916
-23.2161
-25.6064
-29.5084
-40.436
-35.1733
-42.2923
-45.7891
-54.359
-59.6359
-49.0346
-44.3616
-43.4234
-24.127
-31.4549
-24.7755
-22.2229
-17.8131
-17.7877
-0.61344
-31.0747
-18.8331
-19.4491
-22.5158
-23.2749
-29.2511
-32.2126
-34.5192
-17.7053
-22.8817
-26.5067
-22.1905
-22.9403
-27.0541
-36.3113
-33.5955
-28.1749
-31.5218
-31.8016
-41.8136
-40.2696
-22.643
-28.9628
-27.0895
-29.3349
-22.9421
-13.3995
-22.6921
-14.9604
-20.2774
-0.330372
-20.7267
-27.1644
-14.4535
-20.0613
-40.8402
-38.1148
-38.6062
-33.0093
-31.6973
-23.3786
-32.8931
-32.9223
-32.026
-22.1082
-23.1356
-31.9271
-27.9798
-35.6114
-40.93
-35.482
-35.903
-33.6602
-39.345
-27.4877
-39.0938
-36.9639
-40.7912
-35.381
-38.4844
-40.4714
-44.2063
-44.6659
-52.5413
-41.8022
-42.4395
-45.1397
-53.5074
-60.7633
-55.2619
-52.4263
-48.5125
-46.6365
-41.1392
-50.0977
-48.1342
-46.1454
-51.4968
-47.2704
-42.884
-47.7385
-48.3443
-53.0897
-44.9922
-49.1481
-55.0704
-49.8692
-59.8856
-67.106
-66.1964
-75.6807
-70.9613
-57.5996
-58.2186
-57.8183
-62.3063
-56.1102
-59.7403
-69.3227
-56.56
-48.8813
-50.1717
-47.8458
-49.6994
-46.6962
-48.4821
-48.4862
-47.3505
-33.477
-42.6178
-45.5289
-40.3119
-38.5018
-38.3961
-38.8204
-35.832
-29.0565
-35.9102
-40.4839
-26.8523
-31.6171
-18.305
-22.4482
-2.43636
-6.26747
-13.0112
-6.71394
-14.8189
-18.0655
-3.36965
3.39072
-2.2881
1.60018
-5.16122
-2.71416
-6.29601
-0.947689
2.86906
-2.56245
-4.44434
-3.07698
-4.47901
9.15457
2.83315
1.74596
4.4669
-12.0913
-8.30875
0.181602
4.74156
-5.43421
-10.0734
-2.19616
0.306051
1.45845
-13.7929
-10.0832
4.19618
-7.28178
-3.89994
-13.6414
-2.43305
-9.91529
-5.36693
7.9842
12.1588
5.1593
-10.9746
0.28961
0.48454
2.40296
7.54269
-0.783536
0.688582
-3.61103
-0.826586
-4.84813
3.72451
-24.2694
-11.8965
-13.0408
6.7668
-14.7037
-2.64378
-15.8524
11.234
-6.11942
-5.98995
4.20925
-4.72641
-9.9211
-3.28703
7.28732
-2.61639
-11.1338
-0.0667172
2.85157
-12.5019
2.79451
-5.65166
-2.03657
-6.22535
-10.9339
-8.67627
2.65684
-0.371633
-7.06388
-16.509
-4.77456
1.01805
4.15958
-16.002
-14.3817
-14.4194
-10.8976
-12.8278
-4.21153
-8.1113
-12.1996
-10.5005
-28.6483
-23.9353
-25.9217
-32.5402
-37.3649
-35.3907
-42.2117
-41.7132
-52.0019
-63.8688
-50.0936
-42.6853
-40.7381
-19.6099
-21.8598
-27.449
-19.6413
-17.2838
-14.1689
-0.22844
-28.4544
-17.2685
-22.7073
-18.5565
-28.3019
-32.2511
-33.2073
-35.4669
-21.31
-32.8987
-27.9091
-13.9621
-26.3211
-27.8346
-33.0153
-34.018
-34.4227
-23.3076
-25.589
-37.2918
-33.2325
-29.1285
-32.2075
-29.9887
-22.4497
-18.6357
-9.49609
-22.6647
-11.7243
-21.4919
-8.03179
-19.5227
-14.1463
-18.1764
-21.5694
-38.1202
-42.2791
-48.5159
-33.3049
-28.3834
-21.2873
-27.8365
-21.8001
-23.5564
-23.226
-27.1245
-43.7085
-30.4075
-36.3707
-45.2494
-35.5269
-35.4338
-38.465
-36.4151
-24.987
-45.1501
-43.5781
-46.4553
-37.0875
-42.3192
-43.5456
-47.0364
-47.3804
-53.8618
-43.2638
-47.6872
-47.4857
-54.7524
-62.4803
-56.5067
-48.181
-48.0962
-47.1878
-41.704
-50.4133
-50.5233
-49.2258
-56.4599
-49.3905
-44.645
-56.6608
-55.1329
-57.3399
-47.5259
-54.4879
-56.6314
-54.978
-66.1442
-66.0907
-66.3239
-72.3739
-72.0271
-54.8844
-62.6408
-56.0744
-63.6568
-55.0252
-55.719
-61.8164
-48.4366
-46.7494
-54.5932
-46.3908
-51.7436
-41.1288
-47.2147
-55.0419
-39.6586
-35.8385
-43.4589
-45.4051
-43.5412
-37.0077
-41.649
-37.7207
-34.6735
-25.0264
-43.0508
-40.1384
-27.6661
-29.2978
-24.4067
-14.5506
-6.71458
-7.44229
-12.7232
-10.7007
-14.0012
-15.9402
-1.46042
-3.40999
2.70715
1.81376
-6.39037
-1.39257
-14.3515
0.97585
2.27738
-2.5055
-1.96636
-8.86454
-4.89225
9.94364
-4.94571
2.67333
7.25301
-16.9271
-8.66251
0.671073
3.90206
-10.3015
-12.094
1.43978
-2.95832
-0.209941
-18.1573
-8.86686
-5.38309
-2.49334
-15.3246
-13.7385
-2.77341
-7.63284
-3.28295
13.6715
16.8856
-2.17653
-15.0871
3.45127
2.1202
1.59904
-1.14014
-1.39584
5.53571
-7.57056
-3.97309
-4.1562
0.958647
-23.9502
-10.184
-12.1083
12.4319
-9.41802
-12.3016
-13.4882
15.0083
-12.9831
-9.08479
5.7295
-2.77057
-13.6341
1.51791
5.98716
-6.48035
-15.8188
0.826744
5.42971
-5.27076
-7.00104
-4.92144
-1.84464
-12.4804
-7.45707
-6.1093
2.20653
-1.50298
-5.4352
-11.2234
-3.68027
3.24498
-1.56714
-9.40639
-10.4491
-16.3998
-13.4706
-10.8414
-4.57259
-8.29955
-17.7931
-19.8965
-29.526
-24.1251
-30.2082
-34.2454
-40.2813
-37.4791
-46.053
-43.0835
-51.3894
-58.2618
-55.5755
-48.414
-38.0409
-20.725
-16.9707
-25.6161
-13.36
-17.3675
-11.8111
-16.4223
-23.8079
-12.7053
-29.0635
-25.4801
-29.1371
-34.5762
-35.3755
-36.3718
-28.3646
-33.8114
-26.7758
-13.9132
-16.468
-27.8794
-29.7475
-29.2843
-35.3164
-22.192
-33.6812
-33.7806
-27.4064
-28.3543
-44.2538
-33.7007
-23.2833
-15.3327
-8.89031
-22.8542
-10.8171
-16.7457
-18.9566
-17.2592
-12.2687
-21.1477
-23.9221
-36.7328
-48.7788
-43.3846
-39.0409
-28.9523
-23.5372
-33.1006
-20.9632
-17.9527
-22.7282
-24.9583
-42.8401
-31.2057
-39.5103
-41.6338
-38.3332
-41.2718
-46.9478
-41.3971
-31.8307
-48.3935
-46.3472
-44.7158
-38.6749
-43.4687
-44.5282
-43.89
-48.8488
-50.7049
-41.2736
-47.8981
-48.5043
-55.9146
-59.8677
-56.4669
-47.6967
-46.6957
-44.4618
-43.7
-48.6758
-48.3046
-48.9778
-56.8899
-49.6387
-43.566
-54.7072
-56.6452
-58.0024
-51.4117
-55.5812
-54.3158
-56.5606
-71.3963
-68.751
-71.0841
-74.0035
-73.6565
-55.0334
-63.2905
-60.401
-64.4939
-59.4728
-59.717
-62.9911
-52.2966
-48.7182
-55.7635
-51.3658
-53.2857
-39.7447
-47.0976
-45.3882
-38.1191
-38.4036
-46.4792
-47.7604
-45.1513
-35.7586
-41.0781
-38.3568
-33.7872
-23.2555
-43.0178
-37.4235
-29.4757
-25.5317
-28.7289
-12.88
-15.2057
-9.80589
-8.70831
-14.9057
-16.1445
-15.2818
0.0847004
-8.27986
2.38589
-0.911087
-9.17548
-0.150124
-12.9122
0.78579
0.712192
0.969082
-1.79149
-6.37524
-4.92335
12.3087
-6.06707
-3.67606
6.11949
-9.01364
-9.17918
1.50317
8.22436
-10.5524
-11.3226
3.72729
-2.17248
-6.18777
-15.7148
0.216029
-5.56065
-4.51632
-11.7966
-12.9596
-1.48343
-4.49609
1.71188
21.1962
18.5278
-3.5526
-7.28327
5.85568
5.62408
10.1211
1.91499
1.13491
5.20722
-3.968
-5.39659
2.4045
0.256531
-17.5425
-8.56248
-2.42309
1.62352
-5.25132
-12.236
-4.2085
7.70423
-11.1191
-7.78182
3.65287
-6.04994
-11.9964
2.1386
3.49424
-11.0821
-11.7794
-1.93743
0.516727
9.23049
-16.0622
-5.1009
-0.462433
-14.088
-8.18836
2.30058
3.89126
-4.91984
-5.78147
-10.2055
-1.13882
4.83531
-12.4398
-8.34957
-10.2241
-13.4253
-9.83121
-9.13426
-9.22838
-5.66308
-17.798
-28.3264
-24.5539
-26.0716
-31.123
-37.2592
-40.398
-40.9785
-48.7654
-49.568
-56.598
-48.7879
-50.8657
-49.6317
-33.3741
-31.5462
-24.3643
-21.374
-13.4657
-15.6768
-9.45158
-28.4467
-21.6982
-12.9502
-21.1833
-27.2416
-32.9553
-33.3909
-31.0447
-23.6671
-27.6374
-30.9801
-26.9897
-17.2049
-22.8707
-35.8254
-32.2836
-27.0453
-35.9894
-28.1908
-38.8335
-38.0814
-27.2657
-25.7995
-37.9932
-31.8443
-22.8156
-16.1419
-14.868
-21.7937
-12.4065
-7.34592
-22.0515
-25.5935
-11.9982
-22.3575
-34.946
-35.2653
-41.9838
-33.468
-32.0258
-31.0808
-31.5855
-41.2083
-26.9016
-25.3293
-22.3045
-22.3801
-36.7863
-32.0266
-44.4289
-39.1525
-36.9488
-38.6793
-43.8391
-33.6979
-38.722
-44.7598
-44.0186
-41.3216
-38.6915
-44.1967
-45.1727
-41.3688
-48.8871
-46.2806
-39.988
-47.5138
-47.5686
-54.7771
-53.4734
-53.9713
-45.875
-46.4342
-41.0871
-45.4447
-46.8472
-45.4986
-49.5735
-51.7975
-47.3327
-42.1731
-50.6655
-54.1878
-51.3691
-50.9493
-53.877
-53.3521
-55.4902
-69.3551
-68.1637
-76.4581
-77.231
-70.3442
-54.5836
-64.0994
-64.4051
-63.4147
-61.2875
-66.2406
-61.4698
-54.3418
-50.0981
-54.7236
-53.7184
-53.3256
-41.6641
-47.5053
-44.8232
-33.4858
-38.8323
-47.3821
-47.6525
-42.1995
-29.791
-41.3777
-39.2615
-36.0287
-25.9089
-42.9978
-33.4839
-27.6396
-20.0688
-29.2049
-10.4296
-14.1867
-9.13817
-6.18607
-15.8355
-17.799
-9.89495
10.6917
-7.74639
1.9496
-6.69875
-9.37656
3.63051
-6.09713
1.90595
-1.93336
-4.30683
0.38534
-5.91235
1.58342
9.74332
-3.43904
1.32872
-2.79826
-5.08342
-1.99845
-0.249033
3.14256
-9.59837
-3.15582
-0.100889
0.0245881
-11.6809
-15.5825
6.73413
-3.10634
-5.72286
-12.3251
-8.55859
-6.04844
-4.28732
6.33106
10.2331
10.1373
-6.97367
-3.62933
3.33897
4.84027
12.0313
4.73073
-4.43984
1.49556
0.822373
-1.30942
3.33119
-10.2757
-15.0247
-6.9382
4.32156
-8.58623
-4.64026
-10.3275
-1.93607
1.72222
-8.18301
-1.97214
-5.90141
-8.66266
-8.53818
6.0452
3.24616
-9.94492
-5.82463
-0.310122
-14.0209
6.6955
-12.3596
-4.01254
-1.14582
-13.1551
-5.07663
4.32718
6.13932
-4.80468
-8.52374
-4.43306
2.86769
6.37104
-18.5941
-13.0421
-7.05082
-10.7594
-9.38166
-7.98418
-10.6329
-5.27226
-15.2514
-30.1387
-23.2161
-25.6064
-29.5084
-40.436
-35.1733
-42.2923
-45.7891
-54.359
-59.6359
-49.0346
-44.3616
-43.4234
-25.6578
