-36.9471
-34.7682
-41.0783
-36.2479
-41.2975
-39.4015
-34.3353
-34.3553
-35.1027
-33.2718
-38.1598
-39.6141
-38.6019
-34.5322
-41.9153
-37.9541
-16.0991
-10.0693
-18.8651
-28.1778
-28.4468
-26.7547
-23.4442
-23.0379
-21.313
-20.1679
-21.5638
-21.9267
-21.4501
-16.9427
-19.065
-20.0537
-22.3324
-20.4594
-21.3465
-24.2523
-23.2702
-26.0695
-27.9438
-31.196
-22.1672
-25.3918
-17.8142
-15.8198
-18.8229
-24.8391
-18.6013
-24.1654
-21.6696
-19.4068
-14.6295
-19.0291
-24.0641
-21.9552
-12.9173
-20.4806
-17.4914
-11.9801
-16.3505
-15.9997
-23.9494
-13.258
-26.5422
-25.1266
-21.1131
-21.5854
-19.5697
-16.4287
-17.1089
-17.1055
-16.6765
-16.4539
-12.7654
-18.5271
-18.3061
-20.899
-21.8507
-17.2084
-17.5355
-19.8516
-21.3004
-12.4668
-17.21
-17.0522
-19.4105
-19.9484
-18.0088
-17.9708
-17.6946
-14.1532
-17.7939
-10.3553
-10.3393
-15.5692
-13.8585
-15.2189
-18.865
-13.7326
-11.7975
-22.798
-24.535
-29.5764
-35.0248
-37.1603
-39.1011
-49.1689
-56.3458
-55.7262
-54.724
-59.0625
-63.8168
-51.8784
-61.298
-58.1337
-56.1717
-54.3346
-51.1477
-49.5608
-56.2937
-53.1775
-51.1927
-51.0536
-53.4477
-51.9511
-60.164
-58.231
-59.1936
-65.3496
-62.6857
-59.6962
-58.3817
-64.4115
-61.6742
-58.0167
-58.8137
-56.1877
-55.7551
-57.0273
-60.9441
-61.954
-55.7549
-57.6969
-56.4618
-56.6289
-53.1992
-55.7504
-53.4898
-54.6908
-57.9696
-55.6432
-54.0507
-55.2407
-59.1253
-55.5213
-55.1657
-59.8212
-59.4258
-54.2367
-54.0537
-51.0913
-51.1498
-49.4988
-48.293
-50.8557
-48.1191
-41.1953
-44.7567
-39.0006
-36.6487
-40.1171
-30.2064
-31.1683
-32.0736
-36.6717
-31.3479
-39.7455
-46.2708
-44.5932
-40.8198
-52.2216
-50.8115
-49.7072
-55.2881
-54.5261
-50.5048
-46.9263
-46.5808
-50.3099
-53.0845
-44.1163
-42.9492
-44.4305
-43.9413
-46.067
-46.4232
-50.4033
-54.1939
-55.5236
-56.3827
-52.2168
-47.1193
-39.4524
-43.5155
-49.6995
-50.8046
-50.5527
-49.9301
-51.597
-42.0043
-41.2397
-27.519
-48.0971
-54.0117
