-22.5638
-25.1425
-39.2346
-42.5192
-31.8975
-22.9907
-24.66
-20.4795
-24.4656
-28.1798
-25.2922
-31.0489
-32.9308
-36.1331
-32.2509
-31.7573
-31.0991
-31.4975
-21.7222
-22.4764
-24.6649
-28.7743
-32.6915
-41.3908
-23.3664
-34.8634
-35.2295
-36.2281
-35.0866
-48.1359
-34.5303
-35.1509
-36.7371
-29.8414
-21.4003
-6.76662
-12.825
-27.4649
-9.72077
-14.5727
-9.42718
-13.9697
-19.7046
-8.9579
-12.3535
-6.68971
-28.2379
-50.9188
-42.3156
-41.7684
-27.8909
-26.6859
-33.2803
-9.11992
-8.12715
-14.0844
-17.3026
-15.0204
-22.021
-25.308
-21.4585
-19.746
-21.0353
-20.5906
-19.5587
-19.4348
-28.2002
-26.0647
-24.3138
-22.2016
-15.6542
-17.4812
-22.3818
-30.205
-33.2644
-33.9035
-35.9803
-30.9654
-41.2063
-40.326
-26.8672
-28.2224
-30.586
-35.2785
-37.5207
-30.6179
-38.6609
-42.0158
-46.7573
-44.0144
-36.0706
-35.5555
-38.5802
-40.6321
-33.7923
-36.1476
-31.4597
-35.6825
-33.2272
-42.8591
-29.6342
-18.6707
-38.4175
-38.6111
-8.35163
3.80244
-16.9012
-6.69663
-9.23064
-6.02922
-10.9679
-11.38
-12.1709
-13.079
-9.74138
-8.41244
-11.4542
-2.1775
-4.67788
-13.9499
-18.7513
-20.8141
-17.3741
-16.788
-15.2039
-16.9396
-6.2055
-12.4498
-15.4628
-10.5568
-15.3272
-8.30711
-10.7914
-8.80347
-12.9206
-11.0375
-11.199
-10.9016
-14.0363
-16.5565
-16.8211
-12.6102
-13.3695
-14.0243
-17.5106
-11.7156
-11.3549
-9.97075
-15.9633
-15.7001
-18.485
-18.4418
-13.658
-15.7913
-11.2015
-16.7025
-9.18152
-17.1179
-14.7788
-15.8309
-13.8283
-16.1024
-20.7695
-13.5598
-9.88298
-4.49565
-8.46053
-14.7396
-11.1863
-18.0307
-18.8699
-24.3268
-22.6936
-10.3687
-17.5262
-16.016
-14.1263
-12.3349
-21.2682
-11.6883
-14.7598
-15.8344
-19.1593
-15.5597
-9.02447
-17.341
-24.3512
-22.3996
-22.6805
-33.2659
-23.0608
-30.4727
-25.0806
-15.4679
-14.9306
-24.323
-30.81
-22.2596
-22.5792
-28.4944
-31.7389
-16.3338
-21.4603
-19.2811
-29.3485
-32.0609
-19.7338
-14.2613
-13.9471
-14.8694
-18.1815
-15.0838
-9.77275
-13.1104
-17.8982
-28.1425
-14.3928
-14.0104
-11.2027
-4.45145
-12.3175
0.397391
9.38529
7.92745
6.93234
0.912709
7.0404
5.69811
-6.36238
-1.1684
-0.211878
16.3522
7.81842
9.19609
8.22753
6.68873
4.65546
-0.38314
-2.45966
-2.13448
1.58818
7.24814
10.2152
11.8357
8.13829
7.94006
-7.63342
1.86317
-6.16401
-10.2717
-11.1924
-10.9808
-11.8801
-6.2
1.06354
-5.64765
-0.737106
-3.65649
-3.68489
-4.87374
-10.0369
-8.55964
-11.7638
-6.86012
-7.25632
-8.3112
-16.7522
-19.9728
-17.8579
-13.3488
-3.02842
0.0411113
2.84733
-7.41193
-30.8812
-40.5629
-27.1811
-13.0847
-15.7947
-8.68959
-6.67512
-8.85021
-5.25709
-6.0662
-8.85976
-10.5751
-9.91143
-14.1998
-20.2307
-21.6639
-20.2857
-24.8851
-15.1956
-19.5539
-20.7786
-15.6587
-12.3087
-10.9292
-14.4338
-12.947
-14.7941
-14.8128
-15.9342
-15.8585
-13.3691
-15.1676
-7.13784
-16.8674
-16.9666
-20.0031
-20.7164
-14.7982
-21.8751
-12.5483
-20.483
-19.4369
-13.2607
-16.5425
-16.5553
-19.4432
-16.7453
-11.5953
-14.313
-11.5247
-7.20858
-8.94315
-10.2353
-12.4599
-8.19251
-8.90781
-12.1589
-10.7052
-10.5645
-12.0017
-16.3983
-11.342
-13.4648
-9.75982
-10.9239
-13.3552
-10.9617
-13.975
-11.7384
-13.8934
-9.39141
-16.4467
-15.4804
-10.9771
-10.9799
-9.69425
-6.18989
-3.7857
-10.8182
-7.15458
-5.53317
-8.47832
-4.60056
-11.5707
-19.6216
-18.3573
-12.2101
-6.96959
-0.15858
-4.99783
-6.63081
-3.31276
-7.74874
-4.87869
-6.81354
-9.74531
-11.7417
-12.3693
-14.8697
-18.329
-12.1514
-19.1869
-14.5323
-14.0988
-15.4317
-12.1748
-12.9685
-11.7642
-9.55408
-15.7456
-14.5507
-15.5994
-14.446
-21.8821
-21.2829
-24.7496
-25.4658
-29.3383
-40.5677
-38.0062
-33.2394
