-124.735
-122.769
-110.483
-126.157
-117.062
-125.034
-107.811
-118.569
-115.999
-116.326
-116.992
-121.638
-122.21
-130.331
-119.564
-132.605
-132.179
-109.163
-128.634
-132.354
-128.473
-126.901
-111.847
-111.478
-112.514
-107.806
-120.736
-113.389
-119.675
-112.233
-121.485
-108.937
-113.87
-104.538
-111.54
-111.665
-108.355
-111.109
-114.059
-115.212
-119.41
-119.705
-122.553
-110.29
-113.658
-116.77
-113.518
-119.879
-114.812
-123.11
-115.273
-119.597
-102.463
-118.518
-118.492
-110.326
-126.426
-117.524
-119.276
-118.148
-115.648
-121.697
-112.036
-105.195
-112.092
-114.714
-120.238
-109.737
-117.906
-113.466
-139.807
-98.9211
-60.9546
-45.345
-47.8177
-45.2332
-37.1037
-42.2453
-45.1099
-45.2676
-53.3944
-52.0333
-50.422
-51.2019
-51.3513
-47.8781
-45.9235
-45.3319
-35.3206
-39.0677
-42.1341
-38.5381
-36.1641
-34.9185
-34.4691
-41.8214
-40.5758
-43.5013
-49.0713
-50.5015
-49.2523
-49.4555
-44.1343
-44.8332
-44.1309
-45.8762
-44.4937
-41.0368
-45.3602
-49.7277
-56.6607
-56.714
-64.1522
-51.8597
-46.9171
-47.3341
-44.3169
-40.3298
-40.7481
-37.5915
-39.4591
-41.1119
-37.4449
-37.321
-36.8256
-39.6873
-38.663
-36.1295
-35.0431
-37.6865
-36.4139
-53.0963
-41.9078
-41.2161
-39.3811
-37.9941
-37.9881
-36.2137
-42.7378
-41.6497
-48.5745
-42.7244
-48.862
-50.3481
-53.1094
-57.1187
-54.216
-50.9263
-44.6264
-44.1335
-40.5567
-38.6732
-50.9993
-83.9073
-64.166
-63.3109
-46.4229
-57.8953
-102.954
-68.8826
-104.624
-105.229
-107.864
-112.537
-109.932
-123.547
-124.392
-117.142
-118.189
-119.707
-121.238
-122.83
-115.869
-109.73
-109.795
-115.984
-116.443
-105.987
-106.959
-111.883
-110.203
-111.556
-111.101
-114.516
-107.613
-109.283
-114.543
-112.017
-114.305
-106.27
-100.516
-98.6238
-102.005
-105.405
-104.763
-105.692
-105.188
-100.401
-95.8586
-99.6466
-98.2116
-103.079
-101.677
-98.881
-94.6223
-91.0537
-97.2401
-92.0787
-102.966
-108.292
-104.548
-97.0237
-104.225
-72.9578
-92.9899
-96.3161
-83.4173
-80.2253
-94.3349
-90.5636
-115.06
-140.09
-140.313
-146.128
-152.417
-148.378
-144.452
-149.495
-151.445
-158.853
-178.226
-169.693
-175.275
-172.219
-162.561
-136.322
-143.432
-153.98
-153.034
-145
-151.843
-150.631
-151.766
-145.913
-151.716
-140.3
-143.634
-142.997
-145.716
-145.598
-147.171
-145.433
-146.65
-143.073
-142.512
-140.399
-137.999
-145.422
-138.4
-140.461
-147.944
-151.959
-141.284
-142.412
-140.83
-145.698
-152.773
-154.557
-144.872
-147.144
-146.714
-146.369
-141.027
-139.48
-140.647
-139.067
-141.914
-133.468
-120.294
-65.0633
-79.068
-68.432
-71.5455
-59.3585
-36.2663
-39.9464
-49.734
-54.4255
-74.5268
-78.2667
-84.3327
-87.8696
-95.3203
-93.7365
-87.4416
-86.919
-85.4078
-87.4837
-91.852
-99.1375
-105.515
-99.6466
-93.2784
-95.6044
-90.0015
-104.113
-80.5336
-95.7456
-89.3364
-94.7397
-74.3964
-54.9404
-46.9301
-43.4774
-36.2589
-37.7763
-34.1605
-29.5483
-29.9584
-39.3413
-38.6604
-38.3982
-32.4857
-57.6728
-64.4547
-66.4027
-73.7396
-63.5495
-58.3184
-60.7115
-63.9043
-58.5642
-59.1788
-47.5533
-42.0939
-38.2594
-35.4785
-36.8519
-34.8875
-38.2048
-43.5154
-44.4891
-52.0909
-40.7
-47.5857
-45.5888
-53.881
-47.9391
-54.7171
-61.4918
-54.4689
-49.637
-56.2487
-50.4341
-55.7224
-59.3679
-66.4931
-66.2295
-57.3558
-56.3752
-61.3168
-60.2186
-72.9854
-66.8064
-82.1491
-74.6525
-103.637
-86.7289
-84.2102
-79.3421
-78.549
-71.2262
-73.7144
-85.963
-83.5461
-89.8939
-105.618
-109.293
-112.927
-116.206
-106.173
-102.104
-115.657
-127.915
-118.934
-136.092
-110.931
-129.048
-118.788
-131.356
-120.883
-112.563
-135.504
-111.312
-136.996
-137.649
-150.428
-118.787
-124.251
-112.335
-117.368
-115.988
-109.94
-108.455
-122.019
-117.916
-119.899
-135.494
-131.018
-131.982
-106.825
-124.342
-122.316
-123.287
-127.439
-129.824
-126.019
-128.379
-119.558
-137.786
-105.581
-120.807
-115.672
-108.165
-124.749
-126.83
-103.377
-119.088
-131.192
-124.736
-122.414
-113.397
-121.761
-115.422
-118.719
-121.367
-120.118
-121.688
-107.905
-101.883
-114.799
-124.221
-123.605
-129.968
-119.514
-123.385
-131.057
-128.707
-121.924
-105.898
-113.264
-97.5655
-124.819
-126.072
-128.46
-117.902
-119.34
-120.429
-119.331
-128.622
-115.894
-109.636
-118.199
-115.922
-116.436
-117.627
-114.567
-119.292
-133.142
-123.775
-129.549
-114.857
-134.115
-122.44
-119.132
-140.059
-122.992
-129.596
-130.157
-130.357
-114.05
-130.642
-118.458
-114.256
-121.759
-124.161
-112.035
-118.454
-127.484
-121.09
-114.928
-121.106
-132.38
-141.323
-115.573
-122.324
-137.934
-109.767
-115.83
-120.53
-116.016
-105.513
-117.689
-115.213
-120.966
-135.743
-131.243
-118.966
-125.191
-111.642
-107.718
-103.582
-101.873
-113.789
-130.953
-128.387
-128.829
-127.567
-128.743
-127.572
-125.012
-131.166
-129.018
-124.228
-124.036
-122.768
-131.17
-130.971
-127.488
-132.318
-129.752
-124.101
-108.022
-106.488
-121.849
-128.802
-119.56
-105.231
-108.197
-111.859
-115.972
-129.782
-123.952
-167.614
-155.147
-166.119
-166.725
-163.369
-166.324
-159.809
-157.909
-165.133
-178.369
-127.126
-128.115
-112.384
-121.365
-121.181
-115.647
-113.53
-106.98
-120.425
-133.731
-144.661
-137.364
-125.45
-113.046
-123.745
-130.002
-120.792
-123.37
-132.302
-107.039
-96.3893
-80.5305
-98.4156
-103.425
-100.514
-100.191
-113.563
-110.243
-116.357
-119.305
-120.774
-129.382
-131.666
-130.289
-131.07
-131.786
-137.192
-138.77
-139.869
-146.986
-144.258
-158.645
-153.209
-144.295
-144.434
-149.188
-151.597
-152.42
-149.201
-148.586
-141.619
-138.829
-148.406
-157.104
-155.154
-162.267
-162.669
-144.593
-134.726
-132.962
-116.936
-122.436
-127.932
-138.128
-135.054
-124.387
-126.304
-130.919
-128.069
-122.38
-130.169
-122.389
-123.781
-121.044
-107.956
-101.666
-110.544
-101.828
-98.4232
-83.6969
-74.9739
-73.0565
-56.8994
-46.1237
-48.5879
-47.4101
-43.1279
-53.9516
-42.8126
-47.6225
-45.3438
-31.3457
-81.2549
-63.7238
-42.3399
-51.7316
-80.1268
-94.38
-101.823
-108.428
-113.024
-119.451
-116.718
-119.821
-124.065
-124.681
-134.971
-130.685
-132.327
-131.46
-133.154
-128.436
-126.578
-134.196
-136.689
-132.103
-136.439
-136.657
-138.275
-137.217
-134.569
-136.837
-138.379
-137.611
-138.623
-136.778
-138.602
-141.973
-141.361
-151.09
-151.592
-151.392
-152.264
-151.613
-145.725
-151.444
-147.329
-148.683
-149.455
-148.84
-154.123
-150.121
-146.43
-152.29
-146.469
-152.262
-147.744
-147.508
-145.372
-143.055
-143.29
-143.24
-145.922
-139.767
-141.612
-142.72
-143.291
-140.506
-145.478
-143.025
-152.741
-145.996
-143.827
-145.354
-142.576
-140.306
-138.403
-143.275
-136.416
-140.223
-142.338
-148.66
-144.783
-148.7
-148.061
-145.361
-151.845
-152.294
-150.958
-148.84
-144.892
-154.648
-143.156
-146.723
-146.678
-145.778
-147.713
-142.201
-148.988
-148.03
-143.846
-143.395
-140.77
-140.828
-134.478
-135.463
-134.198
-135.042
-122.662
-116.395
-113.097
-123.916
-154.536
-159.155
-153.222
-153.025
-151.551
-148.707
-146.889
-137.939
-137.056
-129.311
-114.822
-109.072
-93.3217
-71.3389
-62.1655
-63.483
-61.183
-55.5267
-50.0144
-62.2651
-92.4427
-101.447
-98.1131
-101.881
-89.7856
-103.03
-117.089
-123.689
-123.327
-112.826
-106.383
-105.97
-117.696
-106.812
-113.35
-116.888
-121.278
-118.443
-130.1
-123.67
-124.312
-124.601
-118.063
-127.83
-137.145
-140.792
-129.123
-128.405
-122.449
-124.528
-124.434
-127.015
-134.302
-137.441
-126.896
-131.947
-127.6
-128.124
-135.214
-129.179
-140.64
-149.24
-134.975
-145.32
-134.454
-134.565
-136.822
-132.913
-122.921
-124.12
-131.51
-124.245
-127.104
-131.28
-126.509
-131.349
-126.713
-133.056
-126.715
-123.054
-120.287
-124.231
-122.593
-138.61
-137.382
-136.168
-147.134
-141.294
-145.714
-137.263
-158.287
-163.809
-158.885
-154.722
-150.532
-160.322
-142.035
-143.731
-129.744
-138.22
-142.065
-133.147
-137.233
-148.486
-156.299
-161.713
-159.477
-154.241
-159.581
-158.987
-165.05
-160.188
-149.757
-147.576
-144.87
-146.022
-139.37
-152.823
-149.248
-152.372
-154.621
-158.953
-162.476
-164.577
-161.643
-165.026
-162.451
-158.664
-146.303
-144.48
-136.197
-144.722
-144.833
-142.78
-134.631
-144.802
-139.096
-142.281
-136.732
-139.425
-135.671
-144.487
-143.918
-142.848
-146.284
-156.109
-147.707
-145.157
-143.605
-142.401
-141.669
-145.554
-146.022
-151.832
-151.842
-147.302
-153.673
-154.389
-145.73
-148.69
-152.158
-152.001
-156.197
-147.595
-146.217
-144.841
-146.427
-150.27
-144.13
-150.55
-146.529
-134.707
-150.502
-152.4
-141.779
-137.809
-141.764
-142.842
-140.846
-139.613
-139.03
-147.653
-144.478
-147.622
-143.327
-138.53
-146.339
-139.709
-145.921
-148.83
-140.28
-145.317
-140.44
-146.372
-134.883
-140.896
-132.816
-146.253
-151.618
-152.381
-145.388
-147.218
-140.843
-148.937
-145.352
-157.473
-153.012
-157.113
-148.819
-149.666
-143.923
-138.378
-143.395
-145.875
-149.583
-147.543
-150.846
-150.451
