8.25917
9.1623
11.3025
14.552
3.91323
-2.65999
7.11502
7.51071
3.7262
6.00732
-5.71284
-4.31597
8.54346
5.27496
3.94723
0.14473
24.3775
13.2273
6.59957
23.6741
28.2727
22.9933
12.9561
18.2541
1.52186
1.29165
4.64709
9.85843
21.1042
13.5718
8.89017
17.6845
14.5889
13.3506
11.5064
23.8942
10.9394
12.835
14.0076
19.2669
18.9441
30.8672
22.8894
34.5601
35.7656
17.7437
17.5931
22.0514
32.5441
41.7204
24.3107
29.6187
34.2247
36.1265
33.4784
22.1613
17.3468
19.3719
16.5651
7.96004
12.7404
11.9325
9.49499
-0.264371
0.16887
1.0166
0.895865
6.01564
3.60806
-3.24693
-5.01549
1.90849
-4.28452
-11.1812
-3.86781
-8.31386
-8.61834
-5.29023
-9.80836
-4.83971
-7.19695
-1.06117
-1.71912
1.01433
-1.39579
3.12652
-3.49123
-0.84224
8.09945
-5.97825
-4.91113
4.75485
-3.95317
-2.8336
-2.22489
-5.07654
-2.68942
-7.45332
-2.48502
-5.31258
-4.39868
-3.38277
-6.44777
-3.27097
-11.8574
-10.4237
-2.57217
-2.49666
5.84762
14.2479
9.14954
19.7679
18.0977
4.79525
8.67098
12.2238
10.5203
4.85748
6.21768
17.1984
14.1752
14.638
10.787
8.98888
4.2031
4.45227
0.93347
2.40217
0.155499
0.295878
1.79211
5.54288
5.89529
3.79489
3.28664
0.940393
4.23017
9.72901
2.79316
5.4925
-4.22645
-5.78627
-0.288919
8.74977
2.93624
14.5571
5.85137
13.3225
16.2267
14.6203
21.6415
12.9376
8.28493
3.03755
11.0375
12.1394
13.1537
15.6362
12.0037
16.6343
3.56982
-0.385321
14.2555
14.2865
16.6256
19.5511
18.6172
10.3456
23.3413
20.712
21.4148
17.4724
14.1769
21.9111
14.2366
25.107
15.0445
-1.05338
-4.54461
5.29817
26.3075
23.1339
24.943
13.5702
17.1628
12.1116
10.9826
22.6526
21.7367
11.4736
21.2294
14.9739
8.40941
5.08248
12.7914
13.4096
14.8583
12.8734
0.88235
6.34961
8.58464
7.55681
6.13211
12.9113
8.07247
0.682326
11.0229
17.0544
15.7684
15.8243
10.2382
18.9622
12.1056
17.5208
20.9369
16.2878
16.4028
11.7518
22.5328
15.5156
6.45778
12.4857
13.685
19.8366
-8.61466
17.2325
18.0733
22.3625
1.42411
4.23634
11.673
19.7566
7.4181
22.0517
10.6727
17.7328
9.42754
4.53372
17.9646
18.4796
7.53327
7.59306
13.5121
13.7623
4.44712
-2.48089
6.26613
3.91759
6.05081
2.20228
0.0248412
0.708241
1.10935
4.26335
6.05306
6.75411
18.1814
12.9525
8.27262
15.4091
28.2168
25.0424
12.0861
7.97659
2.68664
3.31664
6.03936
9.93986
21.6754
13.5897
12.7796
15.3046
7.25605
13.4097
18.9804
29.1218
7.39728
16.7144
19.3017
14.1114
28.4577
27.5985
22.7151
40.0798
26.304
16.4266
24.967
25.9208
35.151
36.8516
30.3476
29.0587
28.4761
29.1743
41.9343
20.877
18.2702
16.1502
16.1319
9.48085
12.8349
10.1378
6.14013
6.71584
5.21397
3.92611
2.17025
9.02439
4.81546
4.60204
-5.29265
0.755564
-4.92734
-10.1732
-2.67283
-7.57142
-9.24932
-2.69045
-5.99345
-2.58998
-7.1486
1.09693
-2.30714
0.109663
0.754167
3.7019
-1.52424
-1.82331
7.55327
-5.66441
-4.82643
6.93462
-4.91271
-3.24338
-4.0171
-5.01578
-4.15715
-4.6366
-3.73674
-1.94091
-5.50779
-2.02358
-5.41338
-2.16247
-11.1179
-8.24247
3.57772
0.853881
9.48693
15.2454
12.7786
20.4922
17.1424
2.95316
6.35938
7.70126
9.12168
6.47335
15.1853
21.5894
13.8783
13.8216
7.82557
10.9664
1.91691
2.93418
-11.9078
0.652606
1.65759
3.01575
3.3625
7.88123
1.09021
5.37642
3.95837
2.34998
3.48148
12.9472
5.18936
-2.26193
-2.70355
3.26607
-2.67161
12.3379
6.49339
16.6731
3.16131
16.4802
15.1935
21.6365
25.822
3.57812
12.8136
4.08422
15.8639
15.7542
15.7311
20.6245
8.90789
10.6983
5.42232
-4.72288
11.4751
16.0602
11.1733
23.0236
17.3675
8.76966
31.5485
17.5708
9.407
14.9833
15.3747
19.1483
16.3417
17.2273
11.4572
-5.2225
-0.91575
11.5086
27.0633
22.9629
18.348
20.0578
12.7104
17.526
3.66269
24.7557
15.5202
6.94771
21.8988
19.0383
14.7287
-1.43882
14.6632
10.4425
12.7155
11.7206
2.07911
7.08156
11.2069
8.73572
8.12841
19.9255
2.85823
3.86847
14.8495
17.5403
13.3546
17.4747
9.08886
23.3415
7.41972
15.8227
15.5323
19.9443
10.9844
11.5398
24.8589
23.4246
9.47814
13.0822
9.31882
14.6767
-1.09601
14.2985
15.5198
18.6893
1.78906
5.57881
17.2309
18.6374
10.9975
23.9987
2.86078
18.8427
6.75828
4.42582
19.7378
13.0716
10.0232
2.59913
13.1144
13.1916
7.55104
2.09611
7.19435
4.99806
8.13003
4.62271
-0.105077
5.65073
2.86752
-0.0762051
7.29062
14.067
14.2523
14.6386
16.9796
22.5193
28.9572
19.7562
16.243
11.139
9.88616
10.0725
6.40206
11.9234
18.8301
14.5751
15.4909
15.0925
8.26016
8.04997
18.2914
24.5854
8.30195
23.8194
21.4362
8.7553
24.9744
28.7144
24.9064
35.4385
28.7963
13.4052
27.1721
26.6878
36.639
30.9025
33.0241
29.5159
38.7964
26.7244
33.1851
21.1872
18.4587
16.5454
