102.37
107.631
109.971
111.888
123.235
119.016
114.605
113.475
107.78
109.911
115.68
111.469
108.817
94.9616
100.899
101.77
102.364
103.648
102.538
109.259
105.663
108.898
98.8813
106.456
111.921
106.889
114.346
114.405
118.588
113.639
114.215
112.861
112.394
119.662
134.092
122.1
120.09
121.507
107.086
120.933
126.736
129.533
134.392
142.289
138.51
140.107
134.215
140.336
128.004
136.244
134.217
138.193
137.26
137.325
149.819
136.343
138.323
135.943
132.859
135.716
128.03
132.788
136.085
133.112
136.509
130.033
127.367
122.44
127.66
123.623
136.172
131.172
127.332
134.029
135.749
135.883
126.265
137.407
129.216
130.911
131.211
136.618
135.863
125.299
126.564
129.482
126.99
120.523
124.537
122.244
120.551
119.335
123.198
131.074
128.878
126.319
138.035
133.444
135.854
127.307
133.099
132.346
120.02
132.665
133.775
126.342
135.225
129.539
126.533
128.735
128.569
124.953
118.452
119.684
121.769
116.897
125.259
128.475
131.53
139.225
127.015
130.679
129.618
129.322
131.063
134.305
133.888
127.025
135.863
138.93
133.882
132.182
138.896
136.703
118.043
123.202
114.03
118.834
121.605
126.663
120.955
123.203
130.346
130.161
122.161
132.426
118.908
115.331
116.033
120.345
117.317
116.694
106.66
111.627
104.31
101.652
98.7355
98.0505
100.316
101.065
96.6145
97.9787
96.28
97.9794
100.925
102.26
106.127
102.055
103.185
98.408
96.9551
99.8872
92.8463
93.6633
99.1248
113.354
108.596
112.428
103.536
105.407
100.484
103.69
105.358
108.918
100.167
100.297
101.957
105.974
105.187
103.3
104.484
108.246
109.331
102.374
101.86
100.055
101.405
105.979
113.478
115.241
123.611
123.657
133.715
141.13
140.649
127.985
127.349
132.148
123.344
118.899
117.364
109.895
107.043
113.969
107.585
105.43
111.543
104.556
110.138
118.304
114.593
117.746
119.945
118.966
121.439
127.13
123.389
123.564
122.591
123.75
128.668
131.314
126.996
130.74
128.944
128.169
134.764
133.916
138.087
140.587
135.887
137.537
134.935
136.035
133.903
135.544
128.102
136.012
131.681
133.426
136.445
130.56
128.513
132.106
135.405
129.43
131.717
128.351
132.135
132.505
134.455
131.421
120.617
125.698
122.995
119.18
126.696
128.768
124.121
130.548
124.262
126.237
124.901
124.581
118.48
120.491
125.335
122.746
120.335
123.442
120.485
119.54
119.011
119.082
127.834
134.376
130.185
130.257
123.173
128.917
117.408
118.103
117.157
117.997
126.362
113.254
96.7547
94.5231
100.049
94.6764
98.1589
98.022
104.676
106.223
101.32
103.967
107.938
100.958
97.7909
101.867
106.091
103.876
100.198
100.969
100.209
104.694
113.096
104.386
112.961
110.536
103.971
109.997
105.783
105.269
111.368
112.64
110.822
109.388
112.281
114.685
115.208
112.618
110.553
110.91
112.579
112.661
109.309
109.992
116.01
105.545
108.681
105.996
111.648
115.442
107.793
106.03
103.966
100.369
105.837
105.306
98.274
103.368
101.742
106.513
106.576
100.695
98.2649
98.6486
94.0719
97.548
95.9332
99.7384
104.296
104.944
112.1
100.459
109.626
116.315
106.886
103.067
97.2181
109.585
114.322
112.846
109.443
106.793
115.186
114.561
110.147
105.224
110.367
111.703
129.781
133.228
132.996
134.816
128.178
128.282
127.743
126.812
129.603
131.756
129.32
129.462
129.081
129.002
128.586
130.424
133.036
129.625
127.049
124.22
118.379
106.612
100.703
115.555
117.65
113.404
108.917
109.18
114.59
118.561
122.609
116.93
112.755
115.303
113.181
104.903
109.243
109.667
112.296
112.956
113.914
114.721
106.425
109.305
108.771
110.896
110.141
108.693
109.115
109.631
109.937
112.062
108.072
105.923
105.092
104.793
106.09
111.549
105.884
110.212
112.45
109.894
112.808
113.322
110.797
116.345
109.82
108.368
112.782
111.596
108.61
111.21
107.465
113.899
111.423
113.198
114.425
116.747
116.399
113.73
111.832
109.3
110.429
108.285
115.173
117.653
115.732
114.352
112.359
113.868
110.201
118.485
123.673
116.683
119.523
122.289
117.814
118.967
114.431
115.537
115.45
116.033
118.178
115.556
117.311
113.779
120.895
125.333
113.204
116.889
123.203
121.893
133.008
131.038
131.149
125.64
123.667
120.953
120.986
119.463
111.294
92.5707
101.095
101.813
103.669
105.019
104.41
102.988
103.625
104.264
109.62
109.274
108.888
107.308
108.5
102.363
107.603
111.232
106.47
110.344
107.699
105.807
109.135
108.224
109.194
112.894
109.185
113.257
110.668
107.705
108.642
106.407
110.297
108.566
106.393
107.95
