8.9081
20.9201
25.6073
25.074
28.0375
23.5279
21.0857
20.1925
14.5404
3.00591
14.6852
26.3882
39.8423
40.0418
27.3972
24.6101
27.0973
27.5844
27.6354
22.8805
22.8334
15.6001
13.8421
21.2018
19.5931
19.6926
16.7429
19.3973
19.7195
16.7692
13.2275
21.323
24.6901
29.562
34.1816
33.5971
25.3874
32.7042
30.2345
31.2738
23.0527
28.4418
34.1223
33.756
36.9848
34.1316
39.5473
34.5559
29.2291
29.5254
34.0001
35.4511
26.8698
35.6005
33.3785
34.5638
36.6457
36.0062
36.0418
31.695
33.354
25.8829
32.1747
31.6737
34.4671
33.1283
34.7264
37.0642
36.8139
36.497
39.0207
31.3922
35.754
32.4785
13.0358
-3.31431
-12.2187
-10.8861
-8.7551
-1.17663
-6.67557
-7.39068
-8.76514
-6.42311
-3.92474
-7.13818
-4.06471
-8.00156
3.11749
-2.44352
0.875243
-8.94781
-5.89183
-7.00413
-2.51623
-4.37723
-3.28695
-3.25741
-5.69843
-8.18237
3.85527
19.2611
22.2885
17.6386
14.5772
6.838
12.4917
11.8319
22.6551
2.58124
24.5014
19.9258
12.3874
17.4943
14.4554
9.89998
4.46555
-7.98694
-10.2767
-9.90112
-9.31543
-11.5392
-2.6692
9.18555
28.0116
12.9779
16.4832
23.9865
23.5179
9.01417
17.0573
19.3009
22.5914
28.4526
35.3843
37.0599
33.555
34.3376
29.3611
27.1498
28.1428
21.1264
21.4159
22.9962
26.5098
26.5095
26.3839
26.7102
22.8781
22.9086
26.6673
25.6102
24.2026
23.0345
23.8432
26.6504
23.8055
27.814
26.9031
25.197
21.1609
23.9551
20.3393
21.7358
20.0066
22.3777
23.8908
22.3544
21.6885
20.1949
20.1839
17.5343
19.2071
17.1221
17.7379
9.94858
12.7828
16.728
17.616
17.1676
10.6866
16.8217
13.5222
16.252
11.1905
12.3789
14.004
18.73
12.5681
14.2973
18.8526
18.8142
19.0139
16.2189
13.5297
12.3641
14.5863
11.8666
10.8522
11.8874
14.634
14.4423
13.9972
6.42296
10.0874
14.3926
10.55
10.1727
9.19471
7.5038
5.93656
8.30552
12.0465
10.9671
11.5372
9.6943
10.1839
8.39822
10.5323
9.85461
10.2473
16.2587
8.17852
10.3126
12.3377
10.7094
15.1825
15.5931
15.6705
15.1164
11.9646
10.6548
9.41167
9.17443
13.0108
12.1334
10.2693
9.82299
12.0623
15.3175
10.3967
10.4792
11.2449
10.5551
12.9647
14.2099
14.9505
14.8106
18.2224
16.0565
16.5397
11.8622
10.7909
10.8965
2.88084
6.42674
4.381
5.93881
1.8479
11.0596
22.4007
3.77984
10.9315
7.62128
8.81958
14.5785
12.3099
15.3152
16.4083
15.3552
15.1117
12.6844
0.776428
12.2373
9.84262
9.0223
10.8173
-3.07715
-5.50827
5.5968
-4.60618
4.08566
5.03593
1.00025
6.03833
9.94836
4.93503
5.55809
1.7366
6.24499
11.3706
5.57047
9.82034
8.71662
7.61091
0.888005
-3.62331
2.09943
-1.95319
0.0593975
1.2095
6.97009
2.2954
12.6727
10.0977
3.41297
12.376
5.1428
4.69293
12.9652
2.17118
1.41774
-0.127275
0.0988224
-2.07876
-3.29955
-1.86399
-7.90597
0.229831
6.431
8.07845
11.032
9.95776
-2.28769
2.0257
1.96017
4.34057
7.34844
0.345937
1.68055
-1.19484
2.32442
-2.52146
-3.78571
-1.53181
3.75748
0.11173
-3.76098
-2.6147
1.10315
1.04888
4.59342
2.83485
-2.13739
-0.646709
-0.137764
2.95323
3.54814
4.77874
2.20902
-2.602
-2.17841
-0.196309
1.96599
-0.29863
4.35413
10.3599
9.51195
8.77649
5.12282
8.2677
7.39653
4.1293
-14.1178
-19.9227
-15.6382
-12.4052
-13.6444
-15.4431
-13.9984
-17.3981
-20.7613
-19.5612
-16.1455
-15.1637
-9.22098
-9.18312
-3.52393
-7.62723
-12.26
-13.2127
-12.6072
-16.2562
-24.0258
-21.1595
-15.8013
-17.8581
-13.0303
-13.9607
-17.5045
-20.6453
-21.1732
-20.547
-25.1792
-26.4043
-21.8249
-21.1506
-16.0792
-0.156212
-9.51089
-5.90121
-2.75849
-2.59686
-5.4516
-2.29557
-2.29805
4.91419
3.13224
-0.0226467
7.74373
6.20587
-0.0657592
8.72744
0.556233
0.180833
4.06162
1.82945
8.37826
7.3668
5.48084
6.29323
6.588
11.5738
10.3951
10.5532
5.98489
5.9836
20.547
0.915975
12.7917
35.9381
33.2745
18.6255
6.64599
15.235
14.6782
17.736
12.3888
19.5521
26.245
26.134
22.1189
20.7958
13.7928
13.9017
24.0377
24.7664
22.8515
43.3343
31.7188
33.9887
31.5917
35.9927
32.3803
32.6995
43.1641
35.8791
29.9796
38.5772
35.9328
27.5074
38.1511
37.9042
31.4693
38.6358
36.5377
36.1746
26.9616
33.6622
39.0856
40.1629
36.4527
30.677
43.7858
42.93
43.2041
27.8211
32.8274
50.7121
46.0006
46.6775
45.1657
36.5644
47.2128
38.8497
45.7747
48.0815
55.5856
38.9409
38.895
27.7655
36.122
26.2727
34.5783
30.6782
25.8777
31.7066
43.2422
30.4861
40.6839
42.4018
49.6859
45.8306
49.9435
30.7265
29.4669
35.6052
22.604
25.0762
21.9914
21.2207
17.9059
29.0833
15.5793
21.6914
23.5741
11.7098
18.4333
8.55456
21.9371
14.6617
21.4859
12.9038
10.8549
10.9736
14.4009
15.3131
13.3534
19.7259
22.1442
18.5041
18.9855
18.7168
15.0912
25.5503
23.0269
25.4615
25.5946
22.9231
22.6482
23.7004
23.6807
23.2189
29.0619
26.1084
22.8214
26.1674
19.6009
27.9684
25.4086
27.6852
20.8312
22.3734
21.6455
21.3934
33.0456
20.1117
25.7314
31.9869
23.6291
19.4174
17.324
19.8944
18.0201
23.1556
30.4699
27.081
31.2932
36.2233
31.0363
35.0899
37.8349
32.2422
27.1507
28.0423
24.6489
33.2225
36.3554
33.5103
-4.49682
23.7673
21.6343
16.7084
21.3942
21.673
12.6958
15.9566
14.2203
28.6783
27.8527
26.5657
29.6276
28.2463
25.5836
16.3726
19.8031
22.9838
18.1273
17.0349
28.1008
22.6507
27.5534
30.4922
23.5739
25.1489
27.6727
23.7872
31.3617
23.8318
28.3098
28.4656
22.1352
22.793
26.7262
23.2875
26.4421
27.2229
28.1824
30.9325
24.2921
30.6825
33.2792
28.1339
26.0734
28.0799
16.7624
19.5462
23.0331
21.1659
25.6604
19.2734
22.7776
25.6402
19.4653
24.4321
28.0077
24.6615
28.2745
29.6059
25.5677
26.0073
27.3298
23.8379
27.4716
27.2753
26.4351
28.3062
29.1927
26.9476
28.7635
28.6572
26.434
33.6081
26.9152
29.5368
33.1578
31.0722
35.3296
33.8418
33.3234
36.1092
37.1905
34.6611
35.4453
36.093
33.4306
32.4356
37.0151
30.903
35.1029
38.1245
33.448
33.3279
35.3738
36.6733
36.8673
40.4138
37.383
41.7113
41.7034
39.2171
41.2829
39.186
42.3989
42.375
36.7238
35.4485
38.1495
33.1633
33.8926
28.2323
3.41397
0.176486
4.26813
4.61923
-0.193129
-0.370049
9.10694
13.9702
9.57909
8.47885
2.0317
6.90114
15.6158
7.01384
-6.23623
-1.08687
4.98084
6.61343
4.39881
3.0771
4.83661
0.0320087
5.66442
3.6782
3.14122
3.20709
7.69316
10.7339
15.1073
15.0943
10.4612
15.2566
16.2262
11.9855
11.3626
8.54148
2.02884
1.4939
-1.7303
4.43006
-0.306824
1.90298
-1.93021
2.83879
5.93316
0.00485996
1.9394
0.659202
2.61772
7.72262
1.5088
6.78848
17.233
21.2989
22.3034
22.3094
23.1301
19.8049
21.778
12.4503
0.928499
2.11822
3.26191
2.88458
4.02706
7.53162
5.19664
5.85187
5.36615
5.97592
5.54324
7.7601
9.45566
3.08724
3.11144
6.95408
6.36438
5.34681
4.5981
4.99828
5.47078
11.0894
10.802
5.15388
6.74933
7.36442
4.69655
10.237
7.91687
10.1978
12.3919
4.57561
4.43462
5.06358
3.55211
3.38774
5.44392
3.20995
5.01245
7.034
9.56833
10.6747
6.94004
6.08476
6.88089
5.88633
4.87565
6.77134
6.7665
12.0477
11.9179
6.08023
5.76252
6.96989
3.9213
7.57645
5.53626
7.26537
2.52886
4.19653
6.73027
8.44769
44.7595
47.5751
49.3319
45.5323
44.6763
39.5545
39.492
41.0846
44.0982
43.461
43.5613
40.7988
41.2844
44.1837
43.0663
37.5919
46.5828
50.5897
45.4677
40.8657
45.499
42.1955
43.5358
39.157
38.5396
39.5856
39.8036
43.594
38.7922
37.9969
37.7739
44.9981
42.2066
33.8562
30.2029
32.4519
26.3038
26.7071
30.8669
31.3262
39.7244
33.2015
28.6028
40.241
39.1011
23.063
24.8381
27.8579
31.6667
35.0886
38.2812
42.5352
37.4673
31.1728
29.0697
32.3873
30.3206
33.5348
32.9362
35.2191
42.735
37.3778
29.2497
29.6057
32.1768
38.0016
42.5419
41.5704
35.5957
36.9956
34.2777
36.1477
36.7444
36.677
31.8761
34.3371
41.4694
44.0343
44.2184
48.6958
44.8376
42.5188
33.0691
34.41
31.7872
33.358
38.8382
29.21
32.8338
43.9454
43.2904
41.4011
41.3706
41.8537
36.5485
38.7028
48.3218
45.4507
43.8328
33.1772
32.331
35.5042
34.7872
32.9692
32.2191
38.8384
42.5612
48.6687
44.1222
44.1594
41.5082
34.3447
38.0297
38.1709
43.6565
24.8863
12.486
8.43903
3.43327
-2.05914
6.27514
7.69234
2.81879
5.76061
4.20054
2.98843
3.38094
11.7974
7.03268
0.987034
2.06669
-2.98752
-13.4635
-13.6232
-12.2235
-2.63283
-2.98951
4.86329
4.68487
12.5961
14.1442
14.3011
14.8283
18.4147
12.2533
19.7573
15.2601
12.6908
6.5625
2.65134
-0.76974
0.891275
1.89735
1.78112
0.966652
4.42778
2.09783
2.22632
-4.05086
4.65488
6.8508
1.72666
10.5235
4.74696
15.4862
8.31766
15.6381
18.1541
17.4242
12.0236
15.7604
17.2014
21.111
19.1683
20.6138
18.0762
22.1005
21.4535
16.8736
16.3329
15.9982
17.1601
14.8322
17.2438
11.4932
13.8478
15.177
13.48
12.0046
12.087
8.99315
6.4762
10.3194
9.38208
7.33901
8.00535
8.40673
4.33309
8.03664
6.71957
3.46674
3.26731
3.44155
6.27563
6.04096
8.2637
5.97553
4.00501
2.79204
3.22035
3.9391
4.49955
4.60913
5.17426
6.074
2.56206
10.7357
5.54632
-3.62001
1.89812
5.58989
4.64133
4.82502
7.54868
3.13617
7.93442
5.95061
3.00508
2.14623
7.78792
3.18896
0.689128
-11.9152
-10.5374
-3.28962
-5.95292
-8.23311
-4.8374
13.1642
2.35237
9.44012
3.9441
-0.822359
-3.10889
-2.64272
-3.89677
-1.9796
-4.67862
-6.50522
0.834291
1.75333
1.9601
1.93506
7.16272
0.894082
-5.54807
-6.17092
-1.46979
1.13969
1.73839
0.129313
5.96982
0.769406
-2.18246
0.206724
2.7932
0.492661
-10.1103
-4.61344
-4.22672
-8.47911
-7.06409
-7.26078
-3.89501
0.472438
1.39682
-2.49388
-7.7658
-10.3001
-3.61407
-0.335827
-10.323
-7.49735
-6.45616
-9.40707
-5.06747
-5.3116
