-14.3954
20.4245
20.6224
8.27176
10.0503
5.7635
16.1147
25.048
27.1434
28.6221
25.6324
27.2065
22.5391
10.1057
11.8177
2.53136
-8.08879
-0.722764
2.35385
-0.429686
-1.08728
0.563951
-2.13265
-5.10159
-6.5642
-0.316127
-4.69042
-0.410971
0.709771
-1.77049
-0.0194852
-3.54388
5.65085
0.14595
-10.5721
-5.62482
-4.28859
-37.7383
-27.3122
-37.415
-27.9118
-20.2988
-22.4684
-28.1228
-36.63
-42.7195
-28.2201
-40.169
-35.7459
-41.6712
-26.8632
-7.1983
-11.2487
-19.9792
-41.4229
-41.104
-47.9944
-56.2692
-57.1278
-60.4382
-69.535
-78.1061
-85.2379
-80.1436
-77.5241
-71.3265
-67.2971
-58.1866
-46.3698
-43.7046
-44.6413
-42.6262
-41.0827
-37.2253
-35.0761
-35.5628
-42.2506
-45.221
-49.1213
-42.6042
-30.3502
-41.4269
-39.1372
-37.4148
-41.604
-35.8246
-33.4735
-39.2409
-33.0491
-42.4318
-53.0548
-42.9943
-37.7104
-45.4089
-46.1084
-47.9433
-54.3899
-58.9992
-54.6086
-34.2283
-24.5451
-31.2941
-18.2853
-55.7091
-30.5488
-27.1147
-34.7129
-18.5355
-25.7676
-23.3039
-23.1308
-29.0055
-22.0053
-19.4782
-23.7416
-28.3411
-25.5074
-26.2451
-25.8528
-24.1431
-26.89
-18.9484
-22.3848
-28.4069
-30.5614
-27.0133
-35.0781
-34.7901
-32.5531
-34.034
-35.1134
-35.9854
-27.0768
-32.4297
-22.9387
-36.2769
-34.7396
-29.257
-28.5189
-25.7247
-39.3048
-34.9389
-31.9618
-38.4713
-41.2944
-40.7375
-40.3949
-35.9166
-38.3438
-35.858
-46.2056
-52.938
-45.9545
-50.2192
-51.6444
-49.9557
-47.6763
-44.8536
-45.6886
-46.8898
-41.4497
-35.6217
-41.8519
-39.9637
-39.0448
-35.997
-29.5786
-32.6264
-30.2596
-33.9586
-29.3841
-37.5287
-40.2077
-40.4938
-34.6232
-35.8399
-28.8865
-30.6438
-34.2795
-31.461
-36.077
-24.5136
-23.5657
-23.7616
-30.385
-26.2934
-25.4024
-28.9077
-34.1372
-28.1875
-34.408
-27.0241
-26.1465
-28.4091
-24.4325
-28.1762
-27.4398
-17.7335
-21.8907
-29.8489
-22.7407
-26.0273
-26.2345
-28.5042
-22.8397
-27.3232
-17.4915
-30.6167
-29.7097
-28.4076
-29.4828
-22.4048
-25.5547
-26.8984
-23.5054
7.66136
14.8035
11.899
2.86289
1.35744
1.61615
6.01955
4.5309
8.01308
8.60248
2.30343
12.3414
5.81063
7.38617
3.69541
6.78528
0.366167
4.92504
12.9689
7.22586
7.26562
7.05615
10.1575
11.4081
9.30466
19.1365
15.2328
18.9068
11.4967
26.2501
24.4584
14.8806
19.3401
11.0321
5.94238
1.33966
3.86483
-6.84181
-9.58236
-7.67472
1.07535
0.240881
3.09919
-0.650762
-1.49294
-11.7736
-16.2541
-27.2306
-28.7574
-31.9715
-37.385
-38.3777
-37.9144
-46.5667
-37.3212
-39.8952
-35.0865
-27.9343
-31.0954
-41.9218
-47.6174
-45.0415
-45.8336
-49.2611
-49.8961
-56.2012
-42.9019
-40.3331
-58.1501
-54.5338
-56.1886
-50.634
-51.286
-45.8465
-65.5726
-60.3996
-57.7375
-51.7343
-53.7341
-53.9678
-56.9706
-58.0335
-57.0704
-55.9535
-55.1336
-57.802
-51.0669
-40.2569
-48.7972
-52.1963
-59.2187
-66.6869
-66.3157
-59.6865
-57.4345
-50.4912
-52.754
-54.6197
-53.5735
-50.8551
-46.9021
-51.7091
-48.1018
-50.4772
-46.3525
-45.9695
-48.3524
-54.6907
-62.377
-59.1973
-62.2112
-63.1319
-62.8847
-62.9663
-58.9619
-52.9208
-57.2949
-52.8529
-58.1471
-56.3247
-58.4841
-57.5668
-57.8246
-55.3482
-52.265
-50.4875
-51.7431
-61.7409
-60.1492
-55.8724
-54.9517
-55.9216
-58.3233
-56.3747
-65.4209
-54.7336
-59.6682
-51.8822
-50.9869
-55.7704
-55.6065
-59.5694
-50.4289
-52.935
-51.2741
-54.242
-55.3241
-55.6794
-57.7013
-54.229
-49.9055
-50.632
-54.8858
-54.7478
-53.1875
-54.6309
-58.8285
-52.3379
-52.3866
-56.2315
-53.3177
-56.2203
-54.7563
-57.3255
-48.1724
-55.21
-54.0505
-47.4134
-50.9285
-53.6531
-53.9833
-51.8146
-57.4582
-59.2621
-53.5298
-61.0259
-52.4
-56.7106
-60.7822
-47.5677
