8.5315
9.61732
3.88471
10.8704
8.62716
13.0552
10.5791
10.7264
9.20552
7.90584
3.41943
8.45299
-0.199999
2.89876
3.29908
8.51445
31.9615
62.9636
55.2805
62.4083
52.236
56.071
53.3272
51.9197
51.0566
51.9264
49.4128
53.7265
55.3154
54.9683
55.6078
56.4969
55.0913
59.2699
54.2756
50.4201
56.8646
59.7502
56.633
60.5493
54.4298
57.8324
51.9162
66.8268
53.8129
57.4101
57.0816
61.4345
60.6877
57.4767
57.421
54.2778
56.0321
57.2501
57.1006
57.2909
56.4101
60.3266
62.5994
56.3666
54.7658
59.1268
58.5636
56.022
57.8498
57.0511
60.3888
54.8138
57.0184
60.1322
57.0801
61.1988
61.5895
56.0939
54.0933
58.0259
61.0171
57.1127
53.1681
55.8089
55.6226
53.4378
61.4971
58.3147
59.2698
62.8242
55.4961
56.3156
55.9941
60.9525
56.3067
59.7604
60.9823
56.3041
64.386
66.16
60.587
60.5455
60.997
53.6297
53.8151
62.0601
60.2921
57.1207
48.8273
59.9356
58.609
49.2459
54.4423
60.3083
55.921
57.1009
52.7244
50.6486
54.2306
50.0443
52.965
57.6333
60.7165
54.348
57.5639
54.1319
53.0886
50.2229
67.045
58.5554
50.4758
49.9375
55.832
52.8765
48.329
61.5581
51.2629
51.1029
49.9837
52.5527
47.7686
47.3066
48.036
50.6037
49.4797
53.1854
47.3308
45.8758
46.2391
44.8118
49.9167
46.0124
44.8077
50.4051
45.5218
45.8452
52.2163
46.8142
49.0458
45.3201
44.0652
45.7149
49.2323
46.0474
49.7677
50.0178
49.0032
53.2764
48.0428
50.7222
49.3036
50.795
58.6023
53.1246
35.4807
27.6919
26.8605
23.2394
32.1763
42.8225
43.076
35.9984
49.9534
41.1723
44.643
51.2997
51.1258
53.7704
63.8839
60.1282
58.3731
59.6883
58.8688
59.3413
62.078
61.8433
63.2802
61.741
62.3617
65.0936
55.5417
63.1681
56.0772
55.5509
53.6385
55.5677
56.1697
56.6886
56.1053
55.3851
65.3432
56.7522
50.5169
37.2988
21.2711
20.6506
17.2974
