-4.72621
-8.89042
-14.6152
-15.1802
-16.8195
-12.7192
-20.6392
-17.7739
-6.86013
5.85492
1.53102
0.32394
-4.58988
5.29235
1.07085
-3.40284
-1.7673
5.18597
3.81691
6.2639
5.9334
9.25356
5.9394
3.25644
2.96903
-1.26278
-0.150928
3.90469
3.37667
9.2221
12.3232
12.2385
12.552
5.14975
5.74247
11.6497
13.1973
13.0226
15.1968
10.1406
13.1803
16.7957
17.3374
25.7683
17.5119
14.9212
14.3584
13.4199
13.6806
13.3864
9.61659
6.15614
5.26624
4.56313
3.00831
6.74027
6.9713
7.00846
6.2822
4.49266
8.24278
8.1694
-2.0563
1.73827
2.28133
4.98831
2.91474
1.82246
3.58454
3.09935
5.4658
4.016
4.05287
2.43549
-6.10459
-5.4748
-9.6703
-8.38746
-6.81167
-9.8176
-14.9708
-19.1092
-20.0461
-15.7148
-10.1995
-5.99313
-2.36273
-4.5149
-4.4513
-10.8249
-11.3401
-1.11086
-6.79922
-6.49619
-5.7753
-4.50617
-5.8329
-9.69211
-8.32259
-1.38929
16.783
11.8113
8.2719
10.3843
28.2726
12.3198
-0.847491
-1.62901
1.87206
8.61917
15.4951
9.34049
5.103
11.1612
4.3424
-9.8766
4.42926
-0.241808
-5.12218
6.50493
6.04467
19.4415
9.6498
12.1736
2.47244
24.8185
19.0328
13.409
20.9028
19.3854
19.7408
17.1051
18.0232
11.7106
18.1005
11.3848
12.2989
7.80619
8.45926
5.3244
5.72306
6.14026
-3.57732
-2.73229
0.840936
-2.26181
-7.19853
-7.3892
-9.95057
-8.5217
-9.811
-11.001
-10.6447
-14.7783
-10.8781
-11.6073
-16.5526
-13.4899
-14.6054
-13.6981
-16.844
-16.4544
-19.7705
-13.916
-17.9866
-10.873
-9.15446
-17.3887
-18.9441
-11.8957
-11.3297
-16.088
-16.0039
-14.8272
-17.3415
-14.0096
-13.4754
-12.172
-11.9984
-15.5269
-11.9212
-14.7334
-15.8722
-10.8252
-22.029
-18.0839
-19.6211
-18.1471
-20.2246
-21.3289
-18.1197
-22.5746
-21.6936
-24.1225
-26.3516
-19.4093
-15.5241
-13.1969
-10.5107
-11.5292
-12.21
-16.1787
-11.6561
-14.7913
-10.8295
-10.132
-8.2804
-8.05595
-9.5975
-9.9789
-13.5606
-15.0629
-15.6845
-6.8814
-9.61556
-11.3015
-13.3076
-13.1696
-13.5033
-16.5047
-16.8134
-19.1861
-16.1755
-15.6593
-14.7282
-16.5572
-21.3534
-21.673
-19.0109
-17.759
-20.8432
-17.7728
-18.5988
-19.6281
-19.2736
-23.0926
-19.9559
-23.8804
-19.4459
-21.7477
-18.1501
-18.9371
-22.73
-17.2596
-19.6339
-19.8461
-15.3284
-19.9223
-17.846
-17.5757
-15.995
-14.5963
-9.2071
-7.88187
-5.62004
-2.79618
-4.00786
-3.21905
4.15365
15.7458
6.53868
4.04901
5.85101
11.4993
5.50668
1.56795
3.56415
-2.04262
-1.21815
-0.507114
7.24402
6.66928
11.1156
16.8672
8.85881
13.3263
10.503
1.81558
0.34758
2.08387
5.01762
5.32551
15.8783
7.88265
9.87749
0.277262
1.66164
3.65332
4.65689
9.98323
16.0846
17.5073
17.7061
10.9757
8.19186
6.39444
13.6405
9.97037
14.1209
13.9511
9.24997
5.59121
11.1488
9.72264
13.8734
17.3051
16.5563
20.0289
9.26102
5.82743
7.9526
15.0751
12.3868
12.0632
14.7394
13.8074
10.2249
18.5392
14.0243
18.7669
6.89951
13.6938
12.1471
20.0351
12.8428
13.5479
14.32
9.66149
3.07437
7.23248
13.6357
21.393
17.5492
13.69
11.8748
13.0544
16.3998
13.4772
12.2317
16.6352
17.278
14.7384
13.7468
18.5318
15.8824
11.8561
13.2904
10.9287
12.6499
11.062
14.8909
12.8095
10.6862
6.86457
12.8277
11.4097
-4.82978
-7.17017
-6.90578
-5.13804
-3.25523
-3.79692
5.3596
-1.35906
3.45782
0.422193
-1.23502
-8.69442
-6.57779
-4.77404
2.56488
3.73844
11.7211
6.74942
-4.5703
-3.93842
-6.65444
-1.91217
-4.0525
-1.67768
-1.1084
3.05139
9.23231
15.7269
4.94383
0.83428
1.48829
3.74736
5.62701
-0.578153
-1.8183
-1.66926
2.78876
8.58206
12.4256
11.1264
2.62492
2.25327
-14.3681
2.9034
2.95037
5.77657
3.62505
2.91945
0.891698
-0.462366
-2.55897
-7.64831
-11.86
-4.69476
-5.24874
-4.20251
-10.1775
-9.59072
-7.09282
-10.8236
-11.2685
-6.44201
-2.30548
-14.4104
-2.73808
-11.4934
-10.8655
-6.75566
-8.04213
-14.3597
-7.63678
-2.09075
7.26457
2.77367
0.401881
-9.95934
-7.97338
4.34141
6.11988
-10.5729
0.397336
5.69144
11.6586
5.25487
1.22019
4.53171
1.18265
8.47993
-3.61989
4.28741
-8.76178
2.14417
1.10802
-4.25115
-8.13282
-10.8895
0.73483
-3.0535
1.5009
-11.2704
-6.61658
-5.04253
-13.0722
0.207658
-1.45515
1.42061
8.944
-2.20978
-1.79589
-4.61738
9.83244
8.7681
12.1312
5.09538
6.52152
-0.300904
-4.5208
-3.91387
-12.3257
6.04847
2.75879
-4.47536
-2.01553
5.79128
-2.66797
-0.711878
0.788857
2.62882
0.609479
-3.49543
5.33072
2.59775
8.17357
5.41786
13.8653
6.16501
0.996459
3.78931
6.97988
-5.10616
0.898829
8.67189
7.9152
7.83075
3.66648
-1.9625
-0.0366151
0.97553
-5.80056
6.00162
4.5406
3.11124
14.3659
10.8064
0.346919
-3.00964
1.87809
7.3404
1.38853
-2.05089
1.06489
-4.04206
4.40998
3.12301
2.24337
4.3124
9.7333
17.3187
14.107
5.44779
-1.24578
4.01645
6.71722
1.07448
8.96277
10.6642
7.20399
7.87875
-5.61943
0.137694
0.627901
1.24513
7.84868
5.76402
0.411706
4.5176
1.44691
1.7691
2.87822
6.39473
3.91181
4.70498
4.53011
5.41055
0.391901
1.0483
5.72579
5.96778
6.95456
-2.40599
-5.50901
-1.20055
-7.24505
-7.75919
-2.27401
-2.38583
-2.84084
-5.17377
-3.68921
-14.5775
-7.36905
-3.6923
-3.96096
-5.67215
-5.59533
-11.0026
-4.91283
-3.38305
0.269503
0.279422
-15.847
-11.2717
-8.55224
8.4811
13.7858
20.2869
14.1462
14.0694
23.105
25.5817
10.3729
8.26842
20.9091
18.8577
9.11042
18.433
19.5723
21.5568
30.2646
29.1188
20.2454
22.1772
18.6529
8.8144
11.8558
7.31342
7.13198
15.6561
10.9349
17.6515
14.8683
10.3725
20.1109
17.0633
13.4865
19.2175
16.9591
23.6647
21.8762
19.1004
20.2992
22.6589
20.0386
20.7976
18.829
13.5403
17.773
20.4329
13.9118
15.1902
18.9486
12.2888
21.3856
15.8615
15.1319
20.5826
17.4849
21.2417
24.0071
19.1403
15.7155
16.7571
10.8794
14.7462
19.7588
18.3753
18.9324
19.1071
13.596
18.4404
17.0795
15.6392
16.4508
14.6063
16.9155
17.3116
15.3675
12.8791
17.6155
14.5427
8.60504
13.3204
10.7537
14.3515
13.8837
9.60953
12.1097
14.1845
11.2854
16.4185
16.2222
15.024
17.7936
17.621
15.2668
14.1354
13.3642
8.26002
15.8967
11.2171
11.1971
12.4672
9.19617
7.91045
6.16716
8.51034
8.29145
8.02865
3.56796
7.73729
9.85386
8.15556
8.72269
11.8943
11.6509
8.30238
-6.35113
3.24758
-2.2663
-0.648217
0.995553
0.82015
-3.63966
-4.79965
-4.8654
-3.25673
10.3894
10.3564
5.98435
5.78559
6.38232
1.73475
5.37035
-2.12346
-5.8166
-7.11591
-9.47636
-9.00683
-10.8346
-15.9337
-12.7277
0.283203
0.917178
0.370111
3.55816
6.59586
9.40223
3.40031
2.69216
0.938287
1.80315
0.869543
0.0101109
7.37296
-0.887968
4.62234
-6.57723
1.10944
-1.48876
-4.40706
3.50711
-2.8511
8.19779
6.98225
18.3199
13.0921
13.2863
-1.4092
0.0970734
0.0142498
0.919182
2.7535
1.68375
-5.02289
0.108095
21.6017
8.45236
8.15296
6.73508
13.4205
10.9915
8.79698
12.4991
11.2933
9.34813
12.4392
12.4127
10.1461
13.6912
17.4812
13.6094
9.86537
11.0806
14.3267
11.1325
8.88631
7.037
7.12356
6.04835
8.90308
8.91574
8.83634
8.0165
7.71756
8.24398
10.544
13.2562
12.3171
15.0429
9.17843
12.0013
8.72104
9.60872
7.27244
3.99504
4.65807
7.50228
6.33363
7.03257
6.60305
6.98642
4.57093
5.55152
6.1857
2.33806
6.87381
6.98678
9.22381
9.84912
6.46076
9.66706
6.58975
4.86035
6.35953
7.92304
9.84503
3.29149
22.1915
25.5232
39.7703
30.2035
20.3698
24.8012
20.7251
27.0537
28.5061
33.2561
26.3695
23.6141
20.6984
20.3959
19.4335
15.2126
19.113
28.1426
24.9538
23.7678
24.4373
24.4499
21.368
20.8111
19.6963
20.8948
24.1583
30.1347
27.608
19.8467
24.3439
21.666
30.6776
25.2058
25.7439
25.8112
22.4686
22.2276
15.9991
20.9903
16.7488
16.492
19.0883
19.0644
15.6906
10.9757
12.7899
13.3462
11.8345
11.2584
14.9486
17.3768
17.9141
18.8026
18.6778
16.9568
16.3798
21.6859
15.859
20.8476
13.7592
14.1053
13.6257
12.1733
12.3339
12.5432
13.5351
19.4789
19.6186
15.1898
12.8575
11.7479
15.1805
10.8047
14.6909
9.41043
11.3068
8.68065
2.07233
12.4041
17.1895
6.16494
7.03772
11.584
12.6832
8.29919
8.84862
7.78703
12.1525
14.1267
4.72007
0.725523
0.88968
3.22188
4.66089
1.24211
2.36314
5.70789
6.9491
9.50011
14.2148
2.57407
6.12639
9.05552
8.76623
12.1885
9.20654
11.069
4.08999
9.55482
17.6751
12.519
12.5842
12.7051
20.6027
2.25463
20.4526
13.1755
16.3721
19.2616
27.1066
15.4007
6.62338
11.0697
2.39525
-0.258414
4.64056
-0.595266
-3.46781
3.79363
16.7581
0.382133
15.6331
11.8948
22.8398
17.4446
15.7484
7.35559
12.2991
7.06651
0.370963
5.31793
-7.77992
-5.40448
-7.92661
-7.89277
-4.54895
-10.5715
-4.95195
-9.81934
-4.71419
-5.2514
-7.64995
-8.58651
-9.64212
-8.95965
-10.6802
-7.59915
-2.3754
3.34588
-13.6731
-11.8363
-23.9688
-20.0734
-25.9978
-20.0643
-22.4823
-16.702
-20.4774
-5.00262
-11.5311
-14.2459
-10.7666
-10.2631
-7.06165
-17.5884
-9.58631
-13.8391
-13.9318
-10.7125
-17.6316
-14.3957
-17.323
-9.01436
-12.2766
-11.6814
-8.86638
-14.1052
-8.80949
-7.51174
-4.28612
-10.5188
-9.0961
-13.0432
-8.31253
-8.60977
-10.5153
-8.46926
-9.80944
-7.39241
-10.9507
-6.35626
-13.0607
-6.30962
-7.34676
-5.37685
-6.25312
-7.15981
-8.60408
-6.48248
-2.90168
-9.11298
-6.33289
-6.73844
-4.56139
-6.43469
-6.26246
-4.93605
-8.41262
-8.13421
-5.63565
-9.03044
-7.37922
-9.53204
-9.14071
-14.14
-7.79285
-16.5679
-1.93259
-10.5199
-2.12042
-11.9112
-21.3053
-19.7582
-20.2183
-23.7311
-26.6498
-25.7339
-10.9223
-6.66066
-11.9264
-5.41825
-6.61219
-7.16522
-9.85347
-5.11929
-7.2585
-7.92477
-11.9651
-15.3931
-11.2391
-12.4508
-18.5666
-16.4067
-16.4541
-11.9603
-4.2863
-6.53333
-9.35707
-14.124
-13.4049
-10.6849
-13.345
-11.2949
-18.3029
-16.0574
-11.2466
-10.3051
-14.5669
-9.56251
-11.8369
-11.103
-7.83986
-11.4779
-7.40971
-12.6378
-12.6433
-9.98332
-11.3789
-10.5767
-10.0112
-9.69033
-8.73837
-8.98042
-9.57088
-6.32861
10.3676
