-37.0992
-21.5496
-40.0278
-46.2407
-48.0516
-48.2473
-54.6234
-55.6038
-52.5566
-52.7278
-58.8067
-55.1385
-56.1224
-56.926
-50.0627
-33.3807
-27.6208
-45.1473
-45.4275
-41.3535
-39.1325
-43.0474
-45.8816
-43.3102
-48.2532
-42.696
-48.7635
-41.4529
-43.4465
-46.8694
-43.1351
-44.456
-40.5087
-46.6171
-41.8374
-44.3445
-48.8355
-38.9333
-38.643
-39.7205
-42.8104
-44.0435
-43.2867
-44.3609
-42.5904
-38.4424
-42.1385
-41.4343
-39.9107
-38.0362
-37.1801
-40.7568
-40.1699
-40.3847
-38.4224
-42.3318
-45.4156
-43.7184
-40.1667
-41.3807
-40.4419
-30.7256
-34.0863
-39.5229
-39.2616
-39.7774
-32.6124
-39.4445
-41.383
-40.5589
-45.503
-36.9105
-32.2286
-38.9819
-41.8335
-39.8757
-36.77
-44.1215
-41.0686
-34.0851
-37.4461
-38.0356
-39.2568
-33.0802
-38.3706
-34.9665
-38.8298
-33.7869
-33.9929
-31.605
-35.7872
-35.2686
-34.1193
-33.5555
-33.6152
-32.6926
-37.375
-43.4563
-36.7487
-36.0353
-39.1858
-36.676
-33.7002
-39.2973
-32.9357
-40.1321
-32.6265
-31.7683
-34.5324
-35.5543
-46.1828
-34.767
-48.0803
-51.2793
-46.1676
-41.967
-45.1109
-32.0563
-43.4866
-40.5106
-44.2931
-38.5833
-40.4836
-44.8865
-57.7782
-44.0725
-35.2693
-43.3829
-45.1774
-47.0328
-43.8531
-38.839
-44.2266
-46.4826
-43.9335
-41.2305
-46.5307
-48.2851
-46.6439
-48.6966
-50.2101
-51.0129
-46.2925
-48.2537
-44.3935
-48.2425
-45.8374
-47.7764
-47.2797
-43.2185
-44.9936
-46.108
-46.2039
-42.9907
-43.1108
-44.9175
-45.421
-42.592
-42.4584
-41.201
-44.8911
-47.7305
-42.1758
-49.7004
-42.1822
-40.6971
-47.3531
-58.3982
-55.1087
-32.7431
-32.5284
-29.6899
-36.1517
-7.93852
-18.0734
-11.8966
-18.6011
-27.2124
-21.6928
-19.033
-22.989
-29.5736
-28.8748
-29.9573
-24.4138
-22.8085
-25.4232
-28.937
-24.0644
-27.9602
-25.4984
-30.4128
-29.7532
-21.5202
-18.9372
-14.3429
-22.3103
-20.8106
-27.4987
-23.5352
-22.4659
-23.5637
-25.4035
-28.461
-30.5125
-31.9637
-28.6691
-26.8537
-24.4321
-24.0126
-28.0295
-14.8168
-9.84256
