-94.3921
-88.6035
-89.2503
-96.6998
-88.8192
-92.2341
-93.4496
-91.6693
-98.2321
-66.6838
-88.8975
-100.466
-97.4319
-104.392
-109.277
-95.6544
-107.069
-105.108
-109.86
-110.689
-115.501
-114.037
-115.778
-131.723
-130.786
-130.017
-124.901
-116.652
-117.91
-122.075
-117.757
-109.467
-108.398
-104.307
-103.604
-110.14
-113.39
-115.418
-123.592
-118.512
-126.638
-132.558
-125.263
-131.682
-121.549
-116.643
-114.459
-121.988
-112.315
-117.381
-126.008
-124.616
-125.505
-121.479
-109.855
-120.643
-123.745
-121.753
-122.286
-125.662
-130.639
-130.32
-133.061
-126.305
-126.38
-119.696
-114.762
-118.813
-113.289
-108.492
-122.535
-131.379
-136.035
-135.051
-126.507
-80.7841
-78.3039
-81.1872
-85.2311
-89.5505
-83.95
-81.7711
-79.683
-87.0197
-85.8181
-85.5427
-83.5089
-84.6386
-84.1272
-83.6358
-82.875
-81.4955
-85.23
-84.0463
-82.5766
-83.9574
-84.2909
-89.584
-83.6331
-72.0111
-78.4007
-70.8732
-69.4355
-69.9622
-75.4403
-107.525
-106.373
-115.059
-114.509
-108.926
-107.3
-98.017
-92.2778
-103.455
-106.994
-111.706
-104.662
-109.016
-110.506
-104.177
-114.724
-98.0333
-112.534
-107.543
-51.0628
-90.5815
-109.315
-138.475
-141.814
-159.175
-159.191
-162.185
-158.4
-151.026
-149.165
-140.434
-135.003
-141.565
-132.624
-127.631
-135.961
-131.528
-136.024
-137.625
-140.915
-142.905
-140.049
-140.138
-137.417
-139.533
-135.754
-138.643
-138.357
-144.701
-138.862
-137.834
-140.757
-137.734
-139.704
-135.588
-139.666
-141.98
-138.481
-138.86
-146.391
-142.897
-145.301
-144.774
-139.555
-140.71
-143.558
-142.599
-144.072
-143.164
-138.937
-149.916
-144.677
-141.564
-142.268
-135.655
-143.048
-140.815
-136.448
-144.95
-144.762
-132.485
-135.015
-140.312
-136.292
-137.854
-136.255
-140.2
-134.178
-128.537
-128.486
-129.844
-134.384
-138.75
-132.972
-136.666
-135.294
-136.602
-138.724
-143.787
-144.302
-130.962
-138.475
-126.625
-131.979
-136.529
-136.325
-133.954
-136.846
-129.841
-132.791
-127.509
-118.96
-125.087
-125.756
-122.366
-122.757
-117.867
-115.401
-113.125
-119.625
-126.405
-122.922
-124.673
-122.56
-125.286
-128.287
-124.73
-118.238
-113.339
-109.391
-113.898
-117.519
-121.678
-114.95
-119.548
-120.268
-125.168
-119.297
-116.669
-120.78
-118.481
-121.533
-118.512
-116.742
-116.447
-123.667
-111.01
-118.91
-122.908
-125.004
-120.759
-114.329
-111.818
-98.7999
-96.3777
-83.9357
-103.119
-96.1306
-86.969
-84.0255
-94.6148
-92.1495
-96.8457
-99.2658
-96.4378
-88.1272
-94.0176
-104.471
-105.841
-107.442
-105.732
-101.591
-94.0269
-99.9486
-90.126
-99.4179
-104.545
-102.758
-103.811
-87.596
-100.374
-103.97
-106.547
-105.782
-102.76
-94.9497
-101.378
-100.099
-100.971
-104.374
-100.384
-96.9788
-91.1695
-96.2244
-99.9289
-124.185
-127.319
-126.295
-119.544
-119.878
-120.903
-127.366
-115.995
-113.829
-111.334
-107.341
-110.419
-101.441
-109.244
-108.963
-117.007
-114.622
-108.999
-114.689
-115.78
-111.903
-106.925
-118.333
-113.127
-110.541
-107.96
-116.204
-100.97
-101.647
-105.051
-107.49
-116.639
-120.148
-115.506
-113.923
-112.548
-117.032
-111.181
-113.992
-113.88
-112.643
-116.423
-117.976
-111.991
-112.009
-111.812
-114.99
-114.334
-118.842
-115.224
-108.291
-113.54
-104.592
-102.027
-118.143
-106.837
-55.1789
-52.2014
-58.8051
-54.3926
-55.6225
-52.4063
-59.4995
-103.211
-107.51
-109.177
-108.358
-108.543
-108.598
-106.079
-108.999
-107.875
-108.468
-106.582
-114.014
-110.852
-112.838
-113.641
-112.935
-110.163
-108.293
-106.793
-110.263
-102.321
-102.087
-104.507
-105.915
-105.465
-100.02
-99.3211
-97.3744
-94.3143
-94.1095
-95.4498
-97.3509
-95.4146
-99.0916
-107.826
-122.381
-134.649
-131.906
-131.006
-126.256
-121.47
-120.963
-110.194
-106.761
-105.606
-101.536
-104.661
-106.368
-104.521
-97.6847
-107.819
-109.427
-110.547
-115.374
-118.685
-124.046
-128.536
-126.64
-124.878
-118.935
-109.272
-97.8632
-88.1228
-78.6384
-64.5972
-86.9871
-124.937
-121.035
-100.761
-92.9324
-97.2647
-79.5633
-53.9957
-53.2933
-60.8224
-79.2014
-78.0576
-67.2501
-85.2889
-71.5084
-70.7634
-78.2662
-72.645
-64.174
-76.3266
-67.7404
-57.4405
-58.5655
-74.0484
-63.8859
-79.3171
-66.79
-63.2161
-75.1526
-75.2273
-71.386
-71.1389
-72.4155
-68.802
-72.4002
-66.4258
-69.1272
-84.4313
-79.0839
-73.1528
-74.1183
-73.2609
-72.4543
-80.318
-63.8015
-61.1214
-69.6582
-77.649
-73.2533
-71.2936
-65.8199
-70.8177
-63.7482
-62.2677
-71.0514
-69.7835
-67.293
-75.2245
-66.0411
-67.4765
-57.729
-67.2488
-67.0382
-66.6506
-73.321
-82.2773
-81.6459
-64.8924
-68.4619
-60.7487
-73.8855
-80.9117
-79.8987
-87.3507
-79.7792
-74.0658
-94.2963
-89.8792
-72.1526
-61.7419
-68.0946
-74.8193
-74.2812
-68.6312
-71.6573
-66.0164
-65.53
-56.2015
-67.0146
-63.696
-76.9625
-72.8363
-77.6838
-58.6831
-121.075
-172.622
-193.376
-183.052
-175.203
-176.884
-180.018
-181.926
-185.422
-178.501
-181.904
-183.858
-177.636
-174.895
-172.975
-178.781
-185.524
-180.846
-182.134
-179.758
-183.146
-183.661
-181.621
-179.457
-179.509
-183.954
-183.501
-185.424
-184.316
-186.123
-185.163
-173.39
-159.545
-150.982
-146.085
-142.414
-133.31
-144.376
-153.07
-150.722
-147.268
-149.081
-140.512
-140.585
-144.973
-150.727
-149.432
-148.717
-143.637
-141.445
-140.793
-149.928
-148.886
-157.533
-156.079
-165.007
-164.888
-149.279
-53.803
-89.6938
-101.424
-94.0574
-90.5609
-86.5231
-84.5718
-97.4257
-84.2982
-72.6562
-72.9253
-90.2053
-93.9566
-91.4349
-100.673
-97.9489
-102.107
-106.988
-114.803
-106.821
-102.379
-109.02
-111.168
-107.854
-109.056
-107.27
-109.612
-110.072
-109.224
-108.37
-111.855
-113.939
-118.686
-113.738
-108.63
-108.374
-107.499
-110.794
-112.226
-109.373
-104.948
-108.331
-108.268
-115.651
-109.437
-115.84
-116.695
-114.817
-107.351
-113.627
-117.129
-107.337
-111.282
-106.606
-104.734
-108.335
-112.786
-109.187
-109.158
-109.036
-110.447
-107.548
-108.927
-107.869
-106.934
-107.217
-114.998
-108.469
-109.027
-110.829
-111.297
-110.871
-112.593
-115.875
-110.863
-111.652
-108.206
-108.977
-110.081
-109.963
-111.518
-106.369
-109.896
-114.381
-110.592
-105.586
-111.949
-107.318
-108.802
-110.145
-111.055
-111.063
-113.777
-111.58
-109.001
-110.809
-106.762
-105.659
-104.106
-108.411
-110.557
-110.818
-105.389
-107.529
-106.745
-101.233
-110.708
-107.157
-105.935
-111.708
-116.174
-71.7101
-38.4492
-36.3835
-36.0296
-37.2645
-39.9671
-39.351
-33.9855
-33.4821
-34.0995
-36.1161
-73.0028
-85.8819
-86.5249
-76.4857
-77.5875
-83.4742
-80.5801
-76.3399
-81.2512
-85.3244
-86.8866
-76.2348
-82.8064
-79.5473
-78.8687
-77.4435
-76.8062
-78.4498
-87.7602
-91.5165
-99.9704
-109.11
-116.398
-123.967
-134.143
-134.45
-144.38
-148.016
-151.049
-149.139
-157.743
-151.986
-151.415
-157.561
-152.142
-153.969
-152.318
-153.272
-135.881
-112.066
-60.4162
-71.0369
-80.2658
-81.151
-85.3194
-87.5003
-87.5632
-98.1519
-105.068
-100.202
-46.1536
-41.993
-35.0415
-35.7876
-42.2461
-44.0655
-39.9763
-42.7797
-42.6257
-41.4763
-45.3272
-48.9044
-46.4725
-51.1725
-49.1576
-47.7723
-54.5011
-49.2184
-54.2979
-53.058
-46.913
-50.7794
-56.7099
-57.0574
-52.6793
-55.0321
-54.073
-55.3499
-52.5956
-52.3541
-51.7996
-56.2252
-56.7546
-60.4768
-58.1238
-58.4991
-55.6611
-60.1979
-59.3177
-61.2885
-55.9835
-59.6529
-63.9046
-58.6601
-61.0891
-59.9924
-59.7542
-60.9481
-57.1985
-58.8456
-62.8689
-63.3665
-64.7477
-64.3524
-61.6372
-60.9063
-61.1419
-63.2975
-62.2727
-60.6518
-80.7983
-139.783
-124.82
-139.521
-143.568
-148.382
-145.845
-138.184
-132.037
-141.174
-142.758
-145.61
-141.154
-147.095
-143.825
-144.506
-141.498
-137.638
-139.884
-135.807
-146.235
-147.88
-150.266
-149.533
-152.548
-153.856
-153.12
-151.666
-159.447
-157.531
-158.332
-156.833
-153.372
-155.517
-161.841
-158.929
-161.793
-164.833
-164.855
-165.578
-162.554
-159.929
-163.133
-168.29
-167.237
-160.88
-169.539
-164.375
-170.162
-172.105
-164.908
-165.095
-165.172
-166.266
-163.936
-164.104
-167.46
-166.059
-166.059
-168.795
-163.379
-165.495
-170.006
-168.557
-174.367
-175.879
-173.793
-166.824
-167.554
-169.705
-168.943
-168.635
-166.928
-165.416
-165.156
-168.114
-166.886
-162.478
-151.172
-154.323
-155.533
-154.973
-157.123
-158.877
-160.942
-167.501
-164.292
-165.85
-169.863
-166.18
-163.62
-151.806
-145.458
-146.219
-155.324
-155.593
-153.576
-149.054
-152.059
-149.315
-151.355
-150.598
-151.553
-150.979
-145.296
-146.163
-148.167
-145.648
-139.287
-149.367
-145.1
-145.737
-149.222
-148.889
-140.285
-107.045
-93.1524
-88.8733
-69.6073
-77.6863
-59.5354
-58.9263
-71.883
-69.6106
-72.0054
-79.5978
-86.8564
-76.6716
-79.3319
-82.5971
-83.6048
-89.5788
-74.6467
-72.1976
-79.7922
-73.5993
-75.1643
-75.1233
-77.6361
-79.6569
-81.7413
-78.8068
-69.496
-72.4487
-68.14
-74.0552
-65.304
-66.9843
-72.0882
-69.6729
-67.7413
-64.5805
-60.6397
-65.3449
-59.8417
-66.1942
-58.1217
-55.7716
-54.9547
-57.4565
-79.2492
-39.9198
-38.4599
-32.6643
-43.6606
-30.6672
-34.1543
-28.1564
-39.9476
-26.2098
-30.4077
-32.6172
-26.1009
-29.7931
-27.4111
-33.0852
-36.5889
-43.7667
-38.6198
-48.8412
-41.6734
-38.4855
-41.4041
-41.9387
-39.3597
-44.3143
-38.0654
-40.4197
-34.2221
-38.5628
-40.6115
-40.5322
-40.1749
-40.4169
-37.7157
-39.5338
-38.9664
-37.0109
-44.9284
-40.1168
-47.7588
-47.3118
-44.0941
-44.0007
-46.6686
-44.4435
-42.3129
-43.6224
-40.6486
-50.1408
-46.6575
-44.0542
-42.6967
-40.457
-40.2444
-44.8803
-45.2282
-43.6499
-42.4311
-50.5916
-46.827
-44.8944
-42.9653
-40.3477
-40.3106
-45.4285
-42.07
-45.8202
-48.262
-36.9737
-36.9955
-34.3078
-149.634
-172.771
-160.39
-159.277
-155.166
-160.298
-156.444
-157.376
-112.083
-126.325
-115.081
-111.635
-112.878
-113.683
-109.314
-114.283
-110.252
-116.516
-114.863
-111.001
-115.18
-120.565
-114.724
-115.537
-108.957
-106.364
-103.873
-105.638
-114.122
-114.304
-116.457
-114.63
-127.046
-119.267
-123.663
-119.794
-120.767
-121.119
-124.176
-127.941
-122.322
-127.972
-122.218
-118.671
-127.451
-123.273
-124.219
-125.281
-123.188
-132.041
-126.123
-128.849
-127.753
-130.786
-131.953
-131.073
