-30.404
-28.8999
-31.6183
-32.6856
-37.1506
-9.87273
-5.43006
-17.0759
-6.12056
-6.98653
10.6683
5.01713
2.37089
4.21081
10.2703
14.2463
2.58741
-10.1578
-9.50372
-9.54132
-16.9292
-11.5975
-20.3692
-21.0219
-29.0019
-22.1214
-32.2063
-35.6737
-30.5507
-37.7822
-26.5794
-22.4595
-19.819
-18.477
-15.4787
-7.50128
-15.1439
-18.7107
-21.7694
-23.4819
-14.2652
-18.7518
-26.0143
-10.9158
-22.6752
-15.4602
-13.0547
-22.5035
-29.8248
-26.9018
-28.7906
-21.5194
-16.1899
-21.0978
-21.8146
-12.6614
-20.1104
-25.2074
-36.9146
-25.4792
-24.2664
-15.8367
-20.2776
-20.4463
-16.3464
-18.6708
-12.465
-9.39286
-11.2955
-23.3644
-15.4672
-13.1415
-15.7271
-8.72812
-12.5282
-14.2069
-12.3382
-13.532
-24.3062
-13.1825
-16.7718
-11.8841
-21.7975
-21.3286
-23.8584
-29.0798
-15.2705
-21.0137
-17.9631
-15.7059
-25.5295
-31.1844
-21.6089
-9.60035
-12.4737
-19.881
-19.8849
-13.3523
-19.2406
-29.0167
-12.0995
-22.928
-19.1212
-22.2928
-18.1356
-2.00663
-9.33629
-18.766
-19.4704
-14.2721
-22.0473
-21.7886
-32.0474
-14.2105
-20.616
-14.5904
-30.2555
-13.156
-15.4844
-18.4152
-13.8345
-16.0903
-17.8778
-15.4229
-16.1884
-9.87133
-24.1794
-24.7797
-28.4481
-11.221
-20.8796
-31.6861
-15.8891
-5.03678
-14.145
-29.2354
-25.6022
-31.7088
-28.2237
-24.5711
-32.8226
-29.9141
-7.92383
-4.06299
-17.7842
-9.84904
-6.87892
8.73847
5.14277
13.6404
3.11117
13.9894
11.0237
1.80426
-10.4929
-11.1265
-13.2472
-16.159
-18.0747
-26.3148
-16.3969
-29.1338
-25.6281
-25.3594
-34.0304
-32.2999
-31.2435
-23.5928
-20.3773
-19.1143
-21.4839
-8.34681
-11.2221
-19.5063
-14.6206
-23.1532
-20.4766
-13.4957
-21.7037
-24.6399
-9.89935
-25.8389
-21.3687
-10.2434
-23.7658
-21.4272
-20.1539
-26.0405
-24.7675
-19.3102
-25.602
-21.4666
-10.9465
-27.2709
-28.0415
-37.4972
-27.5597
-26.5912
-26.1306
-15.4421
-20.8459
-14.8034
-13.0986
-15.069
-7.85942
-12.5092
-22.8471
-16.0722
-16.2621
-15.4743
-10.4766
-13.9199
-13.9639
-18.3757
-9.5538
-19.8202
-11.4862
-14.6834
-13.8175
-19.3885
-26.0924
-23.3273
-18.6293
-20.3057
-19.1345
-11.2288
-14.0454
-27.5282
-26.8201
-14.8675
-9.22356
-15.1377
-15.7661
-18.5632
-10.6369
-17.8918
-24.5994
-16.1096
-14.6484
-20.9683
-22.0585
-16.4383
-2.60517
-10.0324
-15.9272
-26.7144
-15.6406
-29.8835
-16.1064
-26.561
-17.0716
-19.3082
-15.4365
-18.5577
-15.2081
-19.3857
-11.3347
-18.6658
-22.031
-19.0216
-13.2207
-17.2222
-8.78456
-24.1243
-24.9212
-27.1201
-12.4266
-15.4508
-25.6502
-14.4411
-4.70599
-14.9181
-35.0198
-19.3879
-27.8155
-31.0685
-30.4992
-32.0856
-20.2707
-9.83472
-1.97892
-15.4448
-1.6873
-4.51131
4.01099
2.12355
14.8475
8.31653
23.0642
8.58239
-0.167441
-9.63204
-12.2054
-14.9503
-21.771
-21.0483
-28.6194
-15.5554
-25.4448
-28.5309
-27.0606
-31.7771
-35.7396
-30.1101
-18.9399
-23.4504
-21.9753
-24.382
-9.09659
-12.8538
-20.9182
-18.6164
-27.2954
-16.0369
-14.2214
-20.709
-21.6691
-16.4786
-26.0635
-21.201
-14.013
-25.3287
-21.4261
-29.0492
-24.5427
-23.569
-23.6251
-26.5732
-20.2929
-8.52487
-30.2345
-35.28
-28.9778
-30.9219
-28.6338
-34.7989
-16.6562
-20.9529
-12.6497
-9.59535
-12.2818
-11.3641
-17.4337
-19.3003
-17.9626
-16.9864
-11.5801
-8.31943
-15.1793
-11.915
-18.9277
-14.9893
-15.3487
-8.03876
-11.6547
-23.7978
-20.4576
-32.9479
-31.8482
-16.9429
-21.9147
-13.717
-8.25779
-11.3481
-27.1807
-19.5265
-11.4965
-9.60822
-19.5915
-18.0367
-18.578
-13.0088
-17.3167
-16.3617
-24.3876
-11.848
-23.756
-17.918
-14.439
-7.18444
-7.6841
-17.1028
-24.4185
-19.048
-35.1401
-18.6034
-23.0128
-19.4517
-14.2595
-13.5032
-14.1518
-14.3122
-19.9579
-8.40593
-14.47
-19.8516
-18.2178
-11.5587
-13.4172
-10.1532
-27.8639
-27.1861
-23.4207
-12.2477
-19.8285
-20.8274
-14.7265
-8.0606
-20.8245
-37.8884
-23.2812
-25.4523
-29.8399
-31.0746
-33.2446
-12.7877
-6.76408
-8.60866
-6.97484
-4.99975
3.75003
1.43032
-5.13341
14.8942
7.04812
17.6389
4.90168
-1.48069
-3.2703
-11.3549
-14.0396
-17.8666
-17.7224
-29.0059
-24.6379
-21.4774
-28.759
-23.6945
-31.519
-37.6668
-31.0822
-18.8936
-21.0017
-14.0071
-20.2919
-5.97674
-14.6924
-23.5289
-22.476
-27.0436
-16.5024
-17.5067
-23.005
-15.557
-23.4903
-21.1867
-18.3015
-20.8583
-25.2704
-26.3996
-30.3427
-21.5615
-19.6865
-21.4694
-23.6329
-19.3675
-11.3275
-28.7985
-36.8303
-23.0452
-29.5456
-23.0374
-28.7379
-19.8592
-22.1706
-15.6542
-8.55609
-11.5892
-8.8182
-19.704
-19.4782
-14.4945
-18.1941
-10.6986
-10.7955
-14.1336
-4.9204
-15.4336
