76.2969
74.4896
64.8419
79.4419
73.7172
71.9184
64.9095
76.5383
67.7994
61.4182
60.4034
47.3002
66.4546
59.8816
55.8625
48.8302
56.2269
59.3255
42.9169
54.1808
69.47
69.7914
70.7927
69.8769
73.6459
68.9365
67.9211
63.9491
63.1329
62.3917
68.8528
61.1244
63.9137
65.9026
67.2788
55.6477
53.0312
56.079
57.8962
43.1979
46.0856
37.9058
48.9395
58.5355
50.6148
50.4547
52.0697
66.7823
70.7493
61.0202
80.6286
71.0703
76.5732
66.3744
62.6766
74.0012
58.0368
59.5232
68.1561
66.1247
75.5527
68.5877
69.8512
66.4139
66.5237
59.6484
65.994
57.5511
58.5937
71.2056
65.9408
64.0849
65.659
61.6387
65.2348
65.5687
65.1507
65.2451
67.4856
69.2481
67.4352
66.9436
70.6328
72.4839
72.2352
67.1487
69.4704
69.9337
66.2652
71.2124
66.4497
71.6311
62.0888
67.4781
67.0973
69.8555
67.7601
64.7142
64.1184
69.556
60.6439
66.1171
67.0207
69.4233
73.0441
62.8747
72.2708
65.6387
63.2585
56.0168
54.8076
51.0688
45.8446
55.534
60.7911
54.9101
52.2754
53.9336
50.8017
56.0358
59.6419
71.025
57.4447
65.8204
71.4589
75.9392
74.2971
74.2761
72.0527
70.7627
71.2221
71.9267
75.4395
73.1163
68.8263
69.7613
71.3454
69.432
74.1288
72.5686
65.8004
56.8297
56.5801
54.238
62.8234
63.4964
47.7008
52.6757
60.0119
65.2848
56.8798
50.4661
53.2961
57.3917
68.739
59.9082
62.4448
69.5279
57.7239
63.3045
62.0458
64.8276
62.0453
61.328
65.7346
58.1035
59.0594
60.1045
64.2341
61.8719
56.8431
43.0958
54.8392
58.6925
63.757
47.5482
56.6814
56.542
62.1864
44.5334
41.14
45.715
62.1106
62.5536
54.9062
60.1814
57.0802
59.2313
51.4633
57.0989
51.6546
58.4296
54.0625
48.4251
55.4675
63.2796
51.2374
51.0701
52.1509
55.3865
63.6118
58.0082
48.3198
50.4846
57.5283
50.4556
55.2578
66.1223
47.1173
50.8251
49.6089
66.3079
56.3227
