102.464
106.603
114.546
112.512
117.308
118.218
121.568
113.248
108.229
105.527
105.592
112.004
108.774
110.56
132.157
130.806
136.638
142.816
135.302
124.305
105.544
112.843
111.398
117.469
108.453
104.701
98.6531
97.1612
103.853
97.6499
99.2143
103.003
115.857
119.945
101.229
88.8494
94.458
99.9156
105.852
122.039
124.892
121.221
121.921
122.824
120.818
115.935
111.683
123.503
120.132
112.404
120.787
117.343
115.112
114.001
122.5
117.605
118.113
111.073
113.684
112.983
111.286
117.344
112.736
109.098
113.111
107.005
102.335
97.7259
99.9347
107.984
115.418
115.816
111.663
111.393
112.94
115.223
118.219
121.129
126.639
126.337
121.353
127.65
126.456
116.979
117.953
113.397
115.515
119.754
111.177
113.754
114.028
102.621
101.958
112.334
117.268
111.999
109.713
112.607
115.961
117.092
124.324
119.927
123.057
118.937
117.325
117.453
118.27
111.309
108.571
110.661
105.708
107.538
105.418
106.761
105.056
105.887
105.505
112.348
126.234
127.337
128.077
141.339
137.875
135.234
132.912
143.856
135.141
137.035
132.662
127.5
118.225
117.006
112.673
112.508
116.417
105.509
105.3
105.047
104.739
108.595
111.48
117.057
122.627
139.93
139.494
141.497
126.578
125.8
123.888
125.387
119.203
113.521
105.928
104.404
104.122
114.116
118.142
121.03
119.651
118.259
121.762
121.044
120.22
123.35
119.182
116.539
121.273
120.026
116.861
116.279
118.418
118.039
112.168
106.019
106.925
109.596
110.336
112.423
115.384
112.457
105.248
105.466
105.609
106.352
111.049
107.486
114.704
113.632
111.291
111.858
113.413
113.309
110.93
119.5
111.3
109.862
113.373
106.418
115.566
114.867
107.651
108.494
123.353
109.696
106.593
107.901
102.592
100.731
105.289
105.061
108.849
107.839
110.667
109.178
110.645
107.192
111.038
113.786
115.271
109.923
109.527
111.69
108.219
111.091
111.078
110.041
100.931
102.459
103.885
110.196
107.567
108.131
107.77
105.77
103.141
102.648
102.256
104.777
100.304
102.245
107.053
100.155
105.019
106.801
106.548
109.807
112.792
107.681
111.38
106.658
105.044
108.988
109.083
110.828
107.844
109.99
101.518
102.092
107.912
103.85
100.318
103.551
104.556
103.266
98.7568
106.401
100.297
100.514
100.426
103.436
108.154
106.81
107.424
104.861
109.816
110.397
106.291
107.96
110.348
107.449
108.033
104.454
106.203
109.216
105.275
96.4095
105.241
106.671
104.771
93.475
94.1816
102.592
102.961
92.9255
95.3127
102.54
104.163
100.924
102.32
104.066
100.928
96.8765
103.819
104.8
101.522
112.961
91.4226
99.2304
107.331
105.962
101.639
102.064
104.287
100.131
103.326
94.2545
92.4382
106.821
102.636
104.805
99.1067
101.599
99.917
92.5702
90.2345
95.9712
94.5169
97.6911
97.0253
98.3505
100.217
103.703
104.743
107.116
105.132
104.673
93.1028
107.736
104.813
107.045
103.733
107.559
105.843
103.644
99.5955
106.689
100.805
94.7334
103.733
105.086
99.0449
99.4183
96.7552
94.6088
93.9976
99.2197
99.1352
96.2398
96.8603
98.0132
95.9686
98.948
91.9761
98.2255
93.8852
91.9197
90.3241
90.8792
99.7068
98.8576
97.7102
99.9694
95.5593
99.5914
94.9853
104.646
97.5122
96.4509
102.147
107.558
109.635
114.9
126.708
134.781
128.072
128.296
118.653
122.311
118.894
119.59
130.227
132.056
136.469
127.968
123.108
122.439
124.224
123.331
127.734
119.453
121.561
124.65
118.056
129.003
126.448
114.234
110.72
113.452
110.281
107.614
106.476
107.004
105.137
109.063
110.038
106.463
102.674
108.597
108.389
104.687
105.288
111.541
111.76
113.15
108.926
127.572
126.181
122.246
126.355
125.833
121.102
117.464
116.001
116.644
118.858
123.76
123.74
126.762
126.404
125.479
126.249
124.241
118.735
121.641
119.721
120.668
125.219
121.243
122.627
124.918
119.007
117.647
120.22
114.611
117.726
121.087
121.27
123.527
124.317
126.359
126.202
126.064
124.938
120.821
121.991
121.287
121.827
117.651
117.54
113.67
111.495
111.929
114.444
113.06
114.705
108.587
109.804
108.839
106.176
111.495
113.074
114.314
115.02
114.63
108.588
111.799
115.19
107.657
121.769
113.462
103.149
105.416
110.968
114.741
116.946
114.266
112.765
113.944
116.875
118.35
117.967
114.542
107.405
106.797
103.793
105.794
109.873
108.285
108.987
108.41
107.339
103.773
104.714
105.951
102.736
105.199
105.216
103.561
105.007
106.225
104.531
104.616
102.392
104.581
103.916
101.025
100.019
101.555
100.837
100.791
101.214
101.373
108.144
107.384
108.351
108.579
102.312
108.679
