112.382
107.156
100.853
100.033
92.8817
98.8061
108.172
123.237
109.265
97.5468
105.452
112.487
118.026
116.67
120.748
125.744
120.902
118.049
123.16
118.667
110.017
116.727
107.68
108.225
105.513
107.583
102.529
110.736
116.184
120.865
127.779
128.079
118.68
119.903
122.2
128.062
134.537
132.055
124.068
124.102
124.797
116.308
115.118
110.986
119.106
115.386
115.024
111.063
111.633
115.729
115.352
116.875
117.05
125.083
133.273
125.29
126.996
130.574
128.666
127.33
122.725
119.55
111.621
113.572
114.856
112.279
108.863
113.512
115.143
112.359
109.388
114.711
117.673
122.022
121.15
118.435
111.887
108.435
107.057
115.055
112.041
111.418
115.205
116.036
114.283
111.961
104.391
103.981
104.789
105.773
102.269
101.425
106.557
106.089
101.884
105.364
105.422
105.168
108.475
117.43
112.885
116.242
109.174
101.831
109.235
112.154
107.319
108.768
113.046
127.649
114.605
126.007
108.026
113.956
116.75
98.4512
107.027
98.3755
107.367
116.722
125.884
125.039
111.504
110.313
111.227
109.448
111.842
111.731
109.425
111.805
110.335
106.363
118.651
113.284
112.924
115.428
112.415
117.068
118.093
116.324
119.382
116.35
116.054
123.96
122.022
116.611
112.079
112.573
108.978
106.776
107.159
107.915
108.487
106.369
112.53
110.142
109.376
109.213
109.8
115.061
113.002
115.195
113.569
113.228
110.435
107.597
109.366
112.139
113.094
112.499
114.921
113.59
116.358
113.658
117.251
113.484
113.7
111.81
113.792
114.285
116.064
117.89
116.864
115.691
111.592
118.414
114.595
114.044
113.525
116.565
115.943
115.054
118.235
114.162
114.342
117.972
122.426
121.29
126.744
128.398
133.975
139.697
140.98
142.134
142.053
141.479
142.308
143.324
143.677
143.817
143.745
145.126
146.663
146.384
144.507
144.117
145.718
142.073
147.117
149.751
147.211
141.442
147.211
149.654
145.166
139.143
138.186
139.298
139.1
138.357
143.871
145.633
150.288
148.208
146.922
148.908
149.834
150.403
147.278
147.354
151.763
150.752
150.074
151.138
153.111
154.594
155.344
152.38
154.929
152.314
150.309
150.25
147.395
145.088
142.985
144.471
139.065
142.666
138.176
139.571
126.419
128.138
109.364
109.431
117.917
121.955
120.255
118.033
119.17
118.983
118.239
123.885
128.568
121.908
123.922
127.525
131.014
125.746
127.066
126.889
124.951
131.968
132.391
126.98
134.713
132.821
132.891
133.245
126.907
130.505
124.178
117.086
122.349
118.96
121.019
113.513
111.535
115.372
115.711
123.203
125.401
116.942
119.289
119.287
122.489
121.35
130.19
125.043
123.883
125.852
119.686
112.095
112.463
117.375
115.725
123.561
126.104
121.865
116.706
122.962
120.396
125.911
121.735
119.027
122.097
121.308
118.705
117.877
113.785
117.58
116.826
120.509
122.201
122.506
119.972
125.838
124.673
122.212
125.777
124.704
122.324
118.052
117.306
116.147
114.717
122.68
119.517
115.345
121.186
125.916
121.251
117.08
109.707
104.77
111.069
109.932
117.927
117.519
119.016
117.431
118.365
118.603
120.879
124.851
126.818
128.67
127.687
119.462
119.604
128.134
130.341
126.526
127.593
128.965
131.582
135.659
136.205
138.609
136.155
138.412
128.337
135.065
134.663
126.987
128.555
127.409
122.819
125
125.334
128.087
131.558
129.535
129.573
133.805
131.806
125.842
123.098
129.855
103.676
105.437
104.122
101.208
99.3054
99.1197
102.716
96.6669
102.272
98.6105
92.508
99.2117
108.306
101.717
96.9251
106.393
103.37
103.066
107.427
101.112
111.803
108.282
115.077
107.136
110.089
109.555
117.062
113.671
115.918
110.946
106.801
115.801
126.876
122.645
124.242
110.726
89.7819
92.1111
94.1114
111.27
103.992
112.436
108.867
118.803
114.614
110.212
103.466
103.589
106.525
102.267
110.3
112.25
102.079
111.295
113.251
112.325
111.244
105.379
105.836
105.482
113.889
110.248
109.251
110.368
110.641
111.8
105.815
104.535
128.12
110.42
121.092
120.274
118.376
107.395
114.138
110.679
102.397
108.135
119.234
115.003
117.069
114.082
115.387
114.032
112.005
119.633
116.787
122.107
114.735
117.785
112.621
121.811
109.543
117.347
109.435
115.3
112.898
104.65
111.481
110.773
105.921
109.074
127.511
125.629
121.498
127.937
116.026
113.148
116.726
120.224
109.805
109.764
112.665
108.564
116.801
104.768
119.582
108.268
110.085
111.408
109.858
105.827
111.191
105.284
110.498
92.8347
90.0277
90.6293
91.1272
91.358
101.096
89.3523
98.743
95.9682
95.4163
97.2088
91.409
92.8791
90.5183
94.2356
93.6716
100.607
96.185
87.4921
88.9924
88.2709
92.8303
84.9541
85.7602
86.0323
84.8102
87.4506
86.9614
88.8227
95.1275
101.136
107.674
107.72
102.109
110.857
101.796
99.7015
104.589
98.8878
105.28
108.947
104.322
102.481
100.11
100.905
100.89
96.1618
96.2821
98.0386
98.2108
101.1
101.365
98.5106
99.5081
102.02
114.684
114.175
99.1493
103.503
104.635
115.286
117.037
117.693
99.2437
107.866
113.337
107.202
108.818
103.043
106.106
98.1379
102.441
100.86
99.031
97.7263
99.3229
96.3671
92.1597
96.11
97.3669
96.6928
93.8807
95.927
96.6826
90.1494
96.7735
95.5164
95.5228
100.838
99.7144
105.269
102.07
98.9434
98.548
102.403
103.091
100.965
100.615
98.7843
105.667
107.393
99.8022
98.3861
100.491
101.341
101.691
100.76
102.521
103.042
100.699
98.3668
104.249
102.064
103.386
107.087
103.239
102.658
102.845
101.475
104.57
103.154
100.534
105.743
103.831
99.7002
101.138
101.309
106.288
103.312
105.802
103.81
107.136
106.556
107.421
113.22
106.607
111.802
111.949
107.361
108.95
111.352
103.414
105.502
104.663
102.835
104.835
107.012
116.97
112.69
105.54
104.414
110.58
105.816
109.084
107.148
105.336
107.608
105.24
102.131
103.26
107.058
102.607
108.164
107.636
108.662
117.63
114.106
109.102
116.089
123.092
121.015
120.282
119.765
117.653
117.445
112.529
111.846
112.003
119.711
110.543
119.961
119.875
112.243
103.316
102.003
108.258
106.558
103.325
95.91
89.5425
85.522
90.1771
85.0701
90.726
89.2166
87.8037
87.9104
87.6155
82.0155
77.5183
72.1757
80.5898
84.9165
82.3382
89.4315
92.0882
89.8766
91.0676
91.6312
93.7565
90.6741
93.6624
103.586
96.2419
97.4458
99.2041
96.0345
104.742
106.944
110.49
117.355
113.44
116.674
117.406
117.088
115.625
110.2
116.39
97.8217
123.922
122.695
124.17
124.11
125.571
125.295
125.16
123.769
124.211
122.859
125.672
124.695
125.924
124.885
124.199
124.468
127.711
127.743
124.69
124.316
121.773
123.318
122.704
125.719
125.69
127.455
129.261
126.313
126.45
127.044
130.523
130.582
129.437
127.534
130.125
128.212
127.451
126.245
121.765
125.442
129.556
127.288
130.487
131.179
130.019
129.056
129.02
128.223
126.147
129.691
129.355
128.844
128.743
126.549
127.284
124.674
126.548
126.221
129.776
123.237
114.26
97.9844
114.013
113.854
112.296
117.856
115.565
130.095
124.501
123.172
121.069
130.258
128.577
126.83
127.457
126.752
125.078
135.258
122.004
124.267
124.386
124.644
119.995
115.902
118.417
121.708
122.034
120.086
124.776
124.385
130.423
127.98
130.383
131.506
124.889
123.558
123.078
116.148
118.94
118.323
120.753
120.032
116.509
114.366
122.915
125.619
128.666
128.771
127.723
129.462
125.943
128.531
133.819
119.103
118.468
114.923
115.376
112.923
116.227
124.37
124.937
133.473
130.257
130.591
125.459
127.783
131.808
130.182
122.545
120.075
119.224
119.514
118.887
120.023
117.176
115.007
123.425
125.835
131.47
132.786
136.949
136.369
129.383
129.992
124.038
122.168
122.243
125.457
122.839
124.461
122.414
134.374
141.312
139.491
132.382
132.844
136.915
141.237
137.863
131.043
129.289
127.646
126.782
126.375
124.402
125.003
124.162
128.26
129.547
128.792
128.709
129.938
128.992
129.814
131.288
119.249
122.937
101.451
113.832
112.565
111.034
107.337
105.031
111.409
118.566
106.621
106.503
110.533
110.319
107.152
113.472
120.897
112.321
116.775
110.021
111.483
107.056
105.191
105.949
103.84
110.304
113.289
111.342
105.492
104.71
101.919
102.892
104.643
99.1348
99.741
93.9848
94.0981
98.8911
98.4341
98.5328
92.9493
92.421
92.5356
94.6011
107.197
115.017
105.581
102.804
104.626
114.706
112.377
110.559
109.189
109.716
118.509
113.882
111.174
113.765
116.187
110.903
112.265
108.293
104.007
112.306
109.853
116.934
112.132
114.501
115.561
118.336
115.88
113.285
116.181
111.316
114.351
117.209
112.439
111.168
110.057
113.167
112.199
113.327
111.215
109.833
111.674
116.888
115.086
113.231
109.756
106.072
112.602
111.082
111.689
116.555
115.493
113.044
108.451
112.537
109.998
110.647
111.912
112.668
110.351
109.302
104.896
102.142
107.203
106.824
107.203
109.194
109.904
109.51
108.758
108.835
110.426
118.758
116.159
125.061
105.335
106.641
110.896
93.0511
114.531
122.92
122.331
108.309
100.12
104.921
106.187
105.185
106.111
107.65
108.405
109.743
108.754
112.651
113.857
110.613
111.546
111.349
110.731
111.376
102.496
104.045
102.388
101.016
106.785
101.634
114.332
111.824
109.23
112.313
104.716
102.547
106.285
103.676
102.556
108.083
101.067
113.778
116.656
112.232
115.258
108.281
106.466
113.767
111.111
109.16
104.6
106.641
107.311
111.218
105.048
