4.85289
26.0666
43.3511
36.238
34.8897
24.3241
17.4063
12.1781
12.8828
15.458
17.4284
34.6653
27.4468
30.5602
34.3403
28.2423
26.2712
31.5121
35.5131
31.2641
25.1025
27.7912
18.3899
19.2418
30.4573
22.3607
21.0198
11.3817
14.5319
11.9986
14.4368
15.1395
21.1206
15.2498
10.4042
11.9748
6.56504
10.6582
23.8661
6.05656
12.0487
5.20221
11.318
7.75812
11.1926
4.99377
10.1928
16.8167
20.5333
22.0238
5.36878
10.7186
-7.16485
1.13005
-8.26777
-0.329401
4.9787
6.9042
2.29513
1.13712
-3.86678
-6.01148
-8.02929
-8.11988
-4.56599
0.75178
0.223944
4.09909
-1.11347
-6.65045
-6.27707
-9.9867
-7.0723
-7.10984
-3.00067
-8.95752
-4.01403
-0.398081
-3.46033
-2.88254
-1.78698
6.5662
3.78875
4.86916
-8.39527
-6.28628
-2.63839
-2.98885
0.35344
2.60854
-0.451482
-3.24162
-5.7089
-6.32211
1.85257
-2.29626
4.68426
0.965178
-4.09704
-1.84585
8.92444
-7.18943
-5.65517
2.45536
-2.37091
-7.82774
-13.7724
-22.3378
-15.383
-22.8856
-18.2831
-13.4625
-15.5146
-14.564
-7.58939
-8.53818
-5.36096
-2.99191
-11.6503
-13.5377
-6.5159
-14.3423
-7.62852
-6.6288
2.58475
-3.88745
-6.53801
-6.72046
1.72596
2.92317
-6.47029
-3.2464
-4.95308
1.15045
0.847625
10.9154
6.76538
10.7784
17.4265
12.9418
10.7776
10.877
7.64733
13.2699
14.8985
12.2464
6.74829
9.92996
1.49736
10.5695
0.865431
-0.0263544
8.9877
5.53815
6.82272
3.94949
5.79125
4.37309
5.66831
3.6098
2.95367
4.32193
0.392581
5.68952
2.68434
-5.49476
-1.96732
-3.2387
-1.36886
-5.16292
-4.04672
-0.274506
0.496113
13.8204
4.649
2.27169
7.9891
8.76754
4.38016
8.87549
10.1079
3.6656
11.8266
-3.26139
0.237858
1.1018
6.66907
12.0791
5.6502
-0.875223
9.71672
13.6398
-0.55099
3.70675
-0.391044
3.9966
-5.67209
-11.089
3.38116
10.1825
6.51721
4.34885
10.2232
10.8218
9.37764
7.44787
1.18652
-7.6456
-6.37643
-0.50066
-5.34284
-7.49021
-7.08241
1.6416
1.17137
20.2337
32.2169
21.7926
0.209002
-7.44485
-3.4706
-5.38917
2.48671
-1.37199
8.3273
-3.79164
0.317226
2.28238
4.88075
-1.31309
2.52251
9.15785
4.874
3.66552
9.55333
16.0593
13.195
11.5239
13.8619
4.12386
4.80873
7.27022
0.64227
10.543
16.8209
17.456
12.9713
14.7156
21.8028
28.7259
25.3058
20.9269
21.3837
16.7564
13.1891
10.2303
9.69087
11.0104
14.109
20.0008
11.3964
19.9764
18.1796
19.1845
19.867
12.0611
11.8263
15.3402
1.15395
-7.88371
-4.00842
-8.18492
-13.7459
-0.434626
8.68372
19.3764
-3.36146
2.75778
-0.114947
2.00021
8.2291
4.74058
9.95115
6.11529
17.5448
15.7445
9.57715
7.33166
1.52754
2.67918
6.53391
5.43855
14.1067
10.1807
12.1123
11.6504
16.0661
10.4762
12.732
10.3647
13.0826
10.9012
15.9212
11.1421
10.8051
14.3686
24.6927
28.6205
33.8354
22.212
26.7455
16.4903
13.0109
12.633
9.58628
5.2379
5.70306
7.31509
9.30009
8.68102
11.326
16.6583
19.3473
29.1512
25.8154
23.8075
26.9591
30.3395
22.4299
14.0643
14.5844
18.7565
18.3074
20.1039
12.5644
19.2982
20.3835
21.4173
26.4469
15.6811
17.5842
20.2885
12.1718
11.4685
10.9173
9.81934
5.33585
4.44877
10.2238
9.86153
14.6471
16.8149
15.1957
19.0308
14.2456
19.399
12.7782
9.48284
15.9832
11.088
11.0056
13.9518
15.7068
20.6235
12.9199
10.9953
10.7108
13.4661
12.786
12.6685
18.3664
9.47299
9.10914
12.6323
16.2258
12.9971
19.4836
19.8788
18.5595
16.0902
18.4127
17.9493
13.0077
10.1596
15.5956
13.3399
15.3218
7.46874
7.01466
6.58196
8.30329
11.6968
18.6609
25.2962
8.8559
