9.99004
27.8406
5.01478
-17.4972
-6.18037
0.96466
1.40428
-9.29439
-11.089
-9.00761
-12.0497
-7.06264
-14.1209
-13.8581
-10.1736
-28.4896
-11.3252
-10.8198
-7.84615
-11.0398
-15.9556
-12.2774
-10.6834
-20.477
-19.344
-22.9492
-18.5824
-14.5054
-13.6723
-15.1709
-13.8902
-14.6425
-15.1498
-14.2184
-9.16566
-13.1852
-11.7188
-11.0457
-11.403
-17.0781
-17.4349
-16.9341
-12.4289
-17.4723
-11.2495
-13.3895
-18.7234
-21.0381
-12.2513
-14.931
-17.9001
-14.0972
-14.8852
-17.1377
-18.713
-14.1041
-20.8768
-10.3162
-18.5638
-13.4393
-21.4708
-15.8993
-13.1586
-10.6414
-13.6095
-12.7681
-14.7143
-19.4445
-17.4921
-18.3342
-23.0233
-18.3119
-11.3005
-17.6689
-13.3829
-13.3739
-17.1312
-16.3671
-10.0194
-13.8231
-17.1945
-14.8774
-16.8894
-9.60306
-12.8074
-16.6982
-9.79473
-12.0561
-7.75445
-7.32605
-15.2418
-11.6843
-15.9465
-9.05629
-11.4566
-15.9056
-20.1831
-19.5765
-11.8153
-14.996
-6.34236
-15.8769
-12.6589
-15.4049
-17.1795
-20.8749
-18.8452
-14.1141
-5.61953
-2.51867
-6.2449
-6.21592
-5.02814
-10.835
-2.46948
-1.6458
-1.75073
1.68853
-5.14971
1.02643
-0.474576
-3.93643
-0.261928
-7.51503
-8.68635
-5.79979
-0.391526
-3.20912
-6.01136
-4.87626
1.82041
4.06559
4.48131
0.0510298
3.69837
1.44539
-0.0094936
-5.59382
1.61133
0.371125
2.54905
3.32326
4.20804
2.10719
3.75239
5.22704
1.33963
1.63776
3.13634
3.30847
2.52593
4.4043
1.71738
4.85366
0.721625
5.2697
8.82824
6.99634
4.66657
2.5978
2.75304
8.13017
12.993
15.3662
17.5518
21.3825
13.6637
15.9239
17.5204
-0.398436
6.0858
0.266202
-8.4364
-3.9372
-22.3111
-0.678012
1.5597
2.85596
6.47467
10.8919
17.2425
8.25124
8.64624
2.82678
9.02524
7.74812
7.8165
8.33586
16.4416
9.50542
13.9981
13.5341
14.962
13.8478
15.0423
22.4681
24.0234
20.0097
14.3099
22.7295
23.2954
22.9797
29.0331
27.6504
26.9468
33.9847
26.7055
23.5368
10.9183
-11.547
-24.8943
-17.7921
-15.2933
