-105.519
-121.493
-120.176
-126.309
-121.49
-122.382
-117.157
-118.643
-101.81
-78.3785
-106.342
-127.966
-127.493
-139.219
-145.12
-144.717
-150.013
-164.587
-166.46
-168.347
-157.326
-164.669
-167.155
-152.847
-150.786
-143.008
-152.156
-152.824
-153.495
-161.396
-158.349
-166.27
-160.55
-159.561
-150.692
-154.372
-146.639
-148.178
-147.913
-141.233
-158.694
-156.995
-160.255
-165.518
-172.112
-166.927
-164.917
-162.484
-159.229
-166.413
-164.695
-159.174
-160.471
-153.068
-138.576
-149.589
-142.157
-147.049
-147.315
-150.802
-151.756
-158.874
-162.65
-157.801
-164.489
-162.401
-170.262
-168.717
-161
-155.083
-161.146
-160.403
-154.047
-145.178
-108.841
-108.536
-118.148
-114.177
-113.399
-116.028
-115.327
-115.278
-109.741
-115.65
-117.542
-116.121
-104.761
-127.437
-122.35
-115.905
-113.837
-119.323
-116.979
-114.859
-115.726
-117.732
-117.747
-111.099
-111.484
-108.988
-87.3951
-105.746
-106.805
-107.424
-87.571
-82.4505
-87.2166
-91.4541
-88.142
-99.1841
-85.8887
-69.9855
-71.2826
-74.1476
-78.1781
-89.273
-81.1361
-89.9669
-98.4716
-91.3214
-94.5321
-94.0104
-76.8279
-66.205
-43.5875
-53.4079
-60.4908
-62.3634
-65.5312
-72.4288
-63.5205
-57.8406
-62.4097
-63.7213
-66.7437
-70.6587
-77.2519
-81.6201
-84.0611
-90.7491
-92.7182
-96.5753
-91.5767
-90.4058
-90.0453
-88.9432
-86.6515
-95.4386
-94.1535
-96.9375
-99.4483
-99.637
-98.4835
-93.5503
-95.4706
-91.0921
-91.7795
-89.3736
-93.5749
-97.7111
-94.0919
-92.4042
-98.5303
-99.5541
-101.297
-97.0796
-94.1783
-95.7203
-101.88
-95.2819
-96.1547
-97.4153
-94.548
-93.5431
-95.3258
-95.8283
-96.3911
-94.2246
-96.9872
-97.4838
-94.2029
-94.1181
-96.4245
-90.2653
-96.0709
-100.315
-101.085
-93.9734
-98.811
-94.5517
-94.3944
-97.8202
-100.686
-102.762
-105.947
-100.455
-105.635
-105.572
-105.446
-109.127
-109.397
-98.6145
-109.059
-113.1
-112.616
-119.772
-114.037
-125.768
-124.994
-112.033
-108.85
-109.658
-117.438
-115.946
-115.849
-118.523
-120.994
-116.328
-112.387
-113.772
-102.503
-106.743
-102.385
-94.8977
-96.2835
-99.1494
-104.779
-110.355
-104.536
-100.938
-100.46
-96.8928
-100.099
-99.9233
-102.802
-98.1343
-98.7937
-99.7055
-107.461
-111.49
-112.09
-108.565
-106.85
-110.684
-103.669
-101.925
-102.901
-111.848
-108.227
-106.606
-97.4736
-96.094
-90.886
-100.25
-100.577
-97.2723
-89.4816
-92.7016
-90.1426
-90.76
-98.7425
-87.086
-78.7546
-99.4081
-142.195
-148.399
-147.636
-137.033
-136.894
-135
-128.831
-129.174
-125.948
-114.672
-109.203
-110.526
-115.584
-116.842
-116.623
-120.865
-115.945
-119.189
-110.209
-115.699
-111.643
-117.979
-128.741
-114.643
-120.673
-116.856
-110.729
-112.067
-123.726
-113.76
-114.781
-110.948
-110.555
-117.68
-122.926
-116.193
-120.149
-127.856
-127.804
-125.627
-130.518
-118.425
-113.584
-110.491
-109.191
-120.769
-111.597
-114.598
-110.401
-105.175
-112.574
-111.116
-123.527
-111.271
-113.331
-111.387
-120.295
-118.401
-118.229
-112.299
-118.093
-115.509
-117.683
-114.76
-112.607
-112.126
-118.004
-115.968
-117.973
-123.446
-119.793
-127.151
-120.4
-120.998
-115.893
-114.497
-122.749
-115.659
-109.442
-108.223
-108.296
-111.073
-102.216
-111.001
-114.141
-112.831
-107.389
-110.569
-114.319
-124.411
-108.176
-98.3184
-134.153
-129.564
-129.88
-130.962
-128.55
-126.689
-101.59
-86.5227
-95.2795
-103.865
-103.001
-103.339
-103.25
-100.811
-99.8048
-96.252
-87.0659
-90.8259
-91.5266
-88.2982
-93.3442
-95.5532
-94.3211
-85.2817
-90.9008
-92.0093
-90.7677
-87.5524
-95.4054
-98.232
-102.974
-106.595
-99.71
-100.979
-101.368
-97.2935
-91.9412
-86.7839
-89.6826
-86.5479
-95.4819
-100.171
-84.8175
-71.3405
-63.4304
-62.9686
-64.252
-63.2809
-65.4464
-63.2035
-69.7799
-75.2508
-71.2489
-88.8505
-89.1932
-86.2574
-88.299
-91.8575
-94.8345
-100.119
-105.361
-110.63
-114.049
-115.426
-117.451
-120.138
-119.415
-118.499
-125.404
-115.69
-110.73
-89.944
-91.517
-110.388
-133.887
-139.997
-136.306
-106.563
-60.8612
-57.0982
-78.5179
-79.7799
-89.143
-87.0733
-93.5071
-91.5707
-93.956
-99.5025
-102.656
-92.5738
-80.203
-90.748
-94.4825
-103.418
-97.5342
-92.1209
-82.9169
-95.2591
-92.5779
-101.634
-99.8813
-109.782
-98.1205
-104.071
-103.566
-101.129
-102.628
-94.5636
-107.013
-100.238
-100.678
-108.487
-108.849
-102.296
-106.817
-114.135
-109.813
-99.5663
-109.651
-97.2864
-110.974
-102.761
-107.443
-106.327
-109.388
-106.086
-118.034
-105.743
-103.422
-109.884
-115.807
-110.916
-114.926
-117.533
-117.74
-123.25
-113.922
-122.16
-115.481
-129.062
-109.217
-109.598
-128.421
-113.572
-119.815
-125.165
-126.869
-114.328
-127.769
-121.017
-125.465
-114.508
-123.572
-109.869
-119.364
-126.129
-129.939
-130.771
-123.711
-111.709
-110.342
-130.472
-107.01
-111.828
-114.68
-103.454
-72.8115
-52.5913
-56.2063
-58.547
-60.9326
-63.1696
-64.6722
-57.9517
-69.3294
-69.6629
-67.0055
-70.5138
-64.7766
-61.3082
-60.3419
-62.9293
-64.8408
-67.7533
-69.2118
-70.0648
-70.2857
-67.9863
-68.1827
-59.469
-62.4575
-60.9936
-57.3711
-59.2976
-70.1616
-68.2947
-64.2628
-70.4365
-63.4516
-66.2546
-73.6129
-76.365
-74.023
-77.7036
-74.5044
-73.5535
-75.6261
-72.8237
-73.0186
-73.5148
-74.0012
-68.2487
-68.2629
-74.1459
-72.4004
-75.0335
-67.7021
-70.05
-64.284
-64.7528
-62.1427
-59.3804
-64.9113
-59.1713
-57.4428
-99.5156
-99.0753
-83.1472
-99.4561
-106.03
-83.0031
-95.3015
-116.366
-130.246
-123.208
-125.199
-117.6
-110.198
-106.273
-96.8184
-102.634
-97.2992
-93.6057
-92.2837
-97.8091
-99.2019
-94.5276
-95.2423
-97.1526
-92.0536
-98.3251
-87.1796
-97.2259
-100.525
-95.3192
-101.551
-97.3635
-103.253
-109.319
-106.618
-102.378
-105.027
-104.903
-102.79
-102.579
-97.8511
-102.196
-105.012
-102.895
-112.477
-112.521
-109.93
-105.582
-106.1
-112.169
-110.734
-112.174
-118.799
-115.668
-110.298
-109.42
-114.663
-108.53
-109.671
-114.681
-117.546
-110.667
-112.832
-106.284
-113.953
-122.055
-112.637
-117.444
-115.995
-113.529
-113.058
-112.211
-114.6
-112.628
-110.152
-112.374
-113.514
-113.042
-115.258
-114.385
-107.272
-111.612
-115.17
-110.804
-114.16
-115.549
-113.079
-115.902
-114.043
-113.226
-111.235
-118.63
-118.801
-120.664
-115.626
-111.997
-116.165
-116.759
-116.28
-120.817
-118.374
-116.869
-120.794
-118.145
-116.338
-123.755
-125.008
-124.938
-125.838
-124.998
-115.726
-153.789
-150.411
-149.739
-143.997
-143.983
-147.773
-147.769
-147.877
-144.641
-148.149
-111.245
-97.5418
-91.6383
-92.956
-92.0712
-99.6228
-94.8248
-125.281
-155.192
-153.74
-157.112
-152.012
-162.028
-155.403
-157.485
-151.928
-148.398
-136.483
-125.962
-122.241
-123.318
-131.191
-130.069
-129.049
-128.489
-118.231
-122.953
-121.76
-124.515
-122.825
-130.616
-126.603
-119.631
-129.962
-124.622
-125.002
-114.532
-119.216
-126.372
-71.901
-103
-122.173
-123.929
-124.137
-126.949
-120.183
-119.279
-120.801
-119.378
-106.445
-163.786
-151.834
-156.374
-153.613
-151.142
-152.832
-149.044
-150.211
-151.333
-149.247
-154.184
-152.696
-150.905
-148.774
-153.387
-152.647
-155.847
-154.314
-153.839
-153.72
-153.016
-153.439
-153.725
-148.545
-152.474
-153.397
-152.269
-149.337
-150.976
-151.522
-155.792
-154.706
-152.689
-153.503
-155.578
-155.285
-155.484
-154.195
-155.257
-155.554
-156.518
-155.811
-151.88
-152.963
-150.859
-151.473
-148.797
-148.39
-151.439
-151.037
-148.966
-152.29
-148.799
-151.559
-152.784
-154.76
-156.648
-157.157
-156.064
-141.548
-115.314
-73.5588
-67.0655
-73.7327
-75.1254
-75.3451
-69.8197
-69.125
-61.2386
-62.9689
-65.3624
-64.6038
-69.3889
-77.5387
-75.8049
-75.9138
-80.3079
-70.7067
-79.4927
-70.4202
-70.6861
-78.7459
-81.2221
-86.9733
-90.6802
-92.6369
-90.4845
-86.1343
-93.7054
-84.2919
-86.3417
-85.4754
-83.833
-81.7736
-89.7734
-89.9244
-94.7679
-100.483
-95.8063
-94.4455
-92.464
-96.2667
-96.1654
-98.7687
-88.4567
-82.6717
-90.7236
-82.8591
-91.1887
-96.1502
-84.8186
-89.0818
-90.6934
-91.2279
-98.3603
-97.8428
-99.0102
-98.0192
-94.122
-87.4292
-74.9627
-76.7047
-85.3153
-83.5368
-84.9329
-87.1051
-85.3848
-87.2095
-83.853
-89.0853
-86.4502
-85.0805
-94.4214
-93.5685
-91.1083
-81.1528
-73.9783
-64.827
-68.8931
-72.5086
-74.6129
-79.9506
-76.1259
-72.6711
-77.6976
-84.7386
-87.8826
-84.83
-87.4899
-75.984
-70.9824
-64.7524
-78.7241
-80.1231
-83.1954
-82.9007
-84.0393
-80.5722
-82.7952
-70.2599
-76.1251
-74.3528
-73.3846
-73.6111
-73.4227
-76.8508
-71.1706
-66.1071
-59.5045
-62.0016
-66.0607
-60.7379
-61.7994
-56.9619
-79.8793
-109.357
-78.8776
-75.4526
-64.8427
-75.0616
-110.396
-122.55
-119.396
-117.316
-111.817
-110.521
-107.679
-109.563
-107.499
-101.566
-88.1429
-70.1893
-93.2395
-87.8044
-95.9987
-88.3277
-94.9444
-99.718
-101.154
-107.142
-109.339
-117.05
-119.782
-125.665
-121.942
-124.478
-125.721
-124.637
-121.912
-117.08
-115.174
-114.8
-108.541
-109.715
-108.649
-106.769
-109.588
-112.33
-115.901
-112.744
-88.6327
-146.026
-146.968
-127.698
-119.459
-122.269
-128.381
-141.179
-132.725
-147.363
-138.549
-145.316
-146.927
-146.525
-146.379
-144.91
-141.956
-146.515
-143.165
-149.783
-144.6
-147.783
-144.2
-143.597
-144.264
-141.585
-144.882
-144.286
-154.289
-150.146
-145.026
-150.305
-153.517
-149.798
-150.273
-150.818
-150.067
-153.834
-147.037
-148.599
-143.592
-145.082
-144.788
-152.527
-153.461
-149.845
-146.729
-147.006
-148.628
-143.681
-143.117
-143.949
-149.608
-148.28
-151.542
-145.656
-148.789
-147.138
-149.703
-148.583
-153.226
-143.757
-152.077
-151.802
-147.23
-152.451
-158.709
-145.695
-148.874
-150.733
-151.175
-143.527
-92.5521
-104.4
-102.613
-98.6246
-98.3525
-89.3609
-94.1109
-114.229
-111.734
-127.501
-127.256
-127.801
-134.641
-130.967
-129.294
-129.773
-132.513
-131.071
-132.169
-139.377
-141.43
-140.369
-136.121
-139.259
-137.959
-133.156
-137.939
-138.588
-146.039
-136.242
-139.364
-133.394
-131.554
-139.403
-142.05
-139.972
-135.295
-139.644
-138.706
-139.472
-138.534
-134.661
-131.433
-131.282
-135.606
-128.831
-133.909
-137.016
-130.982
-130.882
-130.642
-134.579
-133.995
-136.256
-137.151
-83.6365
