18.6957
38.0158
24.9169
31.3884
21.8115
23.7454
29.3498
37.562
15.6628
21.5746
22.699
17.6961
21.5755
32.4869
42.8933
44.1791
45.3727
49.7729
40.1359
39.4856
19.818
14.7239
10.1378
9.5303
20.2333
31.187
24.9384
19.2397
30.1176
24.9041
25.1889
26.9828
19.3016
19.3571
37.7037
33.5215
17.8436
16.1546
25.4739
25.1435
23.1827
21.7047
35.0523
32.6232
36.2169
44.5572
47.538
41.1146
40.548
35.9314
39.0278
36.0918
34.7634
38.99
42.6435
41.593
41.9197
35.3849
34.7304
40.7118
43.0713
40.7865
44.7846
43.4597
49.0637
40.377
37.926
45.9648
41.703
38.5556
42.2406
40.2475
43.2349
36.0807
37.3906
36.8387
29.9267
28.9853
29.0863
28.6194
26.5284
24.8066
22.8783
32.7963
34.8685
38.4723
39.6661
36.5866
41.2145
38.9812
33.2223
44.8523
39.4932
39.5733
43.2959
32.9705
36.3747
32.5708
32.7948
31.1691
30.6728
33.2361
25.1875
30.2804
30.6369
29.3321
39.9728
46.4596
33.3506
38.1467
40.5205
38.8922
34.0548
29.4008
39.5494
37.761
35.2965
29.1192
31.3489
32.1581
26.2988
22.4898
23.5726
19.5753
14.0135
20.2821
19.6154
19.9571
23.6888
40.6701
33.1087
28.5889
31.5022
36.7563
36.0889
40.3582
25.6076
31.6283
26.9063
31.5661
21.8635
25.9422
28.2337
17.2207
3.52126
10.1825
21.1619
23.5862
35.9464
32.5605
36.3338
32.8043
31.791
31.5548
32.5019
36.531
33.4378
35.6346
35.6721
32.7986
31.6291
31.9931
30.3075
29.1948
28.9245
30.6743
29.2482
25.1089
29.3995
31.1306
29.067
32.6334
29.7253
29.8627
39.4584
33.666
31.8883
36.2188
43.7279
44.6907
39.7625
40.64
39.5513
32.3231
26.7008
23.209
22.4872
24.4288
28.6553
29.283
31.3343
32.5966
33.7735
30.7272
33.1756
31.5343
35.6805
42.4614
35.4739
33.4442
36.1202
37.6147
37.0275
30.4619
23.884
19.6704
19.9451
24.0853
28.0389
8.58337
5.98823
16.5737
22.2294
20.7669
21.7207
20.3873
21.887
18.7363
21.2131
15.6669
23.8215
22.7642
22.5997
26.0968
24.4146
18.303
21.6145
19.097
23.6013
15.1315
20.8373
21.1859
20.5788
26.1739
23.9369
21.008
22.1488
20.2945
17.7141
16.5753
24.879
22.5888
15.3555
18.9162
15.8739
16.2143
18.4912
18.7715
16.6907
16.5078
15.7465
19.9374
17.3548
17.714
19.3551
14.6311
16.4097
12.8972
14.6387
17.4182
17.2848
20.0682
14.6539
19.7228
23.6649
17.596
33.4129
28.5283
28.0129
22.3128
19.2293
17.6639
19.768
17.2665
20.7857
24.0367
25.1064
27.5794
26.4402
30.2664
28.2799
25.6424
25.4163
25.5079
30.6584
16.4836
21.4204
24.6755
17.9971
14.6427
13.9321
20.6992
16.4968
16.1967
26.2262
12.6808
20.1754
21.9059
26.3761
14.9607
22.2532
14.8009
14.0295
20.7376
15.5807
15.2983
6.67543
5.99978
8.00871
11.7012
7.57525
13.3563
7.44756
10.914
7.87713
5.3329
15.7586
11.9991
16.4629
8.38681
13.9953
17.785
21.5605
19.2569
20.5397
22.5408
17.0846
22.1124
13.1319
14.0573
17.3185
10.6596
11.8637
14.3887
10.9763
12.9146
10.4108
12.0794
8.75728
9.17613
12.7361
2.12859
14.2804
12.331
12.9023
17.2938
21.4464
28.3686
19.4393
25.5309
20.6435
17.2856
27.6994
25.2186
20.5704
17.4387
20.1562
17.1079
17.611
20.0473
23.7181
19.4255
21.5607
23.5546
14.1594
18.1145
32.0694
21.6879
17.1432
18.5886
30.0437
25.3641
29.4247
24.5546
16.476
21.1236
25.3488
22.6005
28.6979
23.3115
22.2294
43.4717
38.0218
45.277
44.8777
35.3421
46.3358
41.14
45.0192
38.4512
38.2905
34.9525
28.3562
25.9549
24.9496
21.5442
26.8885
31.985
35.5912
31.0512
28.1705
24.6472
29.3842
31.7934
33.2284
28.8219
26.0039
23.6943
40.732
40.475
42.15
46.7644
44.5686
39.1297
38.8098
35.7503
35.3696
35.1954
38.945
43.7934
39.024
43.1554
50.6937
41.5171
35.2944
43.6026
41.7464
40.1702
35.8499
32.2758
36.0499
35.549
40.6075
39.3772
33.7958
36.7725
36.978
31.9909
31.795
29.3291
30.9454
21.3677
25.9196
24.3158
22.7195
23.1592
24.5656
25.8019
22.0003
27.1758
28.3925
21.6316
26.5422
26.9994
21.919
26.1335
25.4327
27.3455
25.5572
26.0415
27.8673
26.3575
24.2796
27.5501
25.3161
19.6127
25.4124
29.0294
26.6079
30.6648
29.2159
28.729
32.6773
35.7429
43.5303
29.5673
36.1967
40.471
39.2844
40.9498
35.3779
26.2353
26.2493
29.0935
19.8146
22.9003
25.1004
36.9857
28.653
33.8485
33.9878
21.7098
19.1214
22.935
31.0912
28.4076
29.7688
28.3191
28.1683
23.0661
27.3949
31.6015
26.1609
31.2511
26.9248
29.6057
29.885
29.1586
33.6269
34.3702
34.6253
30.1538
32.7795
32.7966
26.5436
33.217
31.6894
24.4565
30.8947
32.2739
28.9829
31.88
28.9135
28.3856
30.0131
26.5518
25.463
30.6999
26.7809
28.9305
23.4749
24.6423
25.7615
24.7805
28.7269
25.6824
22.7495
27.9619
