9.23995
9.5356
21.8805
14.5104
28.1006
20.0999
16.5278
11.0676
21.3753
29.349
26.3845
39.867
27.4368
25.3131
41.7772
36.855
24.1455
32.2803
27.4371
32.2569
21.9573
20.4309
21.5015
11.8072
11.9852
22.3286
27.2127
26.3365
27.0945
22.9029
24.0691
16.2413
17.9882
9.01828
21.5463
25.9036
28.6165
23.4506
22.0018
21.8114
25.914
27.2326
32.1156
21.9859
24.7388
28.1631
26.1615
29.1397
22.7848
20.46
31.5703
20.8128
19.9423
27.7422
28.3169
24.2475
25.5525
19.5671
28.8344
21.4014
25.4304
22.9648
21.7097
21.277
16.9027
6.13065
24.345
10.8438
10.6968
8.72311
14.3219
29.2872
5.86742
17.8081
12.3024
12.3802
6.94836
14.3081
25.5437
26.9585
22.862
19.4748
17.8351
17.5003
22.6286
22.8058
22.0255
17.0167
16.2709
12.1945
16.0897
12.4126
9.23267
13.138
17.1519
15.1554
17.9718
21.6236
24.6672
25.1541
25.0301
20.7101
16.3935
15.8079
15.4264
14.1332
12.5049
12.726
12.8574
13.6296
19.1999
17.8092
13.1231
15.5334
17.298
12.5765
16.7166
11.5337
9.89999
10.0608
6.05182
2.71284
3.50945
3.88432
4.70428
3.80977
4.80812
8.0862
12.1681
25.3863
29.4729
17.3666
15.9573
17.0081
25.2398
26.0026
29.2022
32.4625
20.5389
28.5644
27.7556
23.973
30.3778
29.819
35.4594
30.9879
34.7197
33.9709
36.6483
41.0773
45.8501
36.6208
32.7421
17.5198
19.2209
33.5274
21.1289
19.007
12.5933
34.4845
10.0771
15.5301
12.4335
10.9752
17.1308
10.1704
17.3024
9.96198
8.9288
5.583
1.65633
-4.61008
-7.30541
-9.68825
-9.36995
-10.2003
-6.73105
-12.2415
-4.88391
-8.41772
-9.12366
-11.7002
-5.2921
-8.57842
-8.85182
-7.25085
-4.7697
-4.20676
-10.2714
-6.55512
-3.49815
-6.31069
-7.01984
-6.91454
-5.74705
-1.25034
-3.25164
1.66181
9.13889
4.79135
-1.06638
-3.18971
-2.40813
-0.36828
-0.380444
6.4247
5.02107
7.84913
7.1195
16.9518
14.1173
8.91431
8.60305
13.958
6.71371
15.1122
8.00333
1.68585
19.1319
30.789
25.5717
38.7963
49.1946
43.0346
42.1404
49.5686
44.6993
42.8654
38.6627
37.6938
33.5185
28.3959
21.2994
24.6935
24.6381
10.4936
-12.5556
-18.0083
-9.14947
-6.83841
-9.93747
-11.7386
-11.2469
-8.3848
-10.1016
-10.9363
-12.9602
-8.16547
-13.1711
-12.4663
-12.1523
-16.7498
-12.6062
-11.7626
-9.85161
-9.11486
-9.87105
-10.3296
-8.36938
-10.2746
-6.40833
-12.8517
-5.70693
-9.95095
-5.40262
-2.6463
-1.82678
-3.3352
4.15112
6.04979
6.95484
9.23553
1.89289
7.70528
4.29256
4.72216
0.571401
-7.56705
23.707
17.7729
19.9129
23.4173
13.1344
12.6235
8.94276
15.4
16.4342
19.8988
30.6901
22.9641
26.404
29.2581
31.1963
28.1482
30.8259
36.403
30.3839
31.1952
25.238
35.4471
29.4083
33.0133
29.5031
26.2997
26.0686
17.4187
18.2236
21.2556
23.8165
26.0224
27.7599
30.9289
28.1116
17.1479
15.2976
14.8785
9.17668
10.3743
4.95144
7.89935
5.38882
4.92463
-1.06245
14.2585
15.4767
18.4855
23.084
19.617
2.72494
13.9244
23.7343
-0.29731
1.85736
-0.313822
10.341
7.19924
15.0349
10.6625
12.0205
9.26126
11.8319
7.11129
0.822774
11.5058
8.19443
4.81096
4.11855
8.6838
7.49848
3.56848
4.34202
7.8213
-1.28951
-2.70302
-5.36591
2.91597
5.66025
0.314887
12.598
9.19944
15.9736
8.09432
5.35135
11.4824
11.3541
14.1734
13.816
14.0497
21.8554
25.3737
26.1379
27.727
26.5813
16.7055
26.9116
14.2879
11.2377
15.3021
12.0214
5.05607
11.9835
16.1915
6.84354
7.45946
10.4479
13.2828
1.80659
1.71256
3.65503
8.51205
5.83611
2.86081
8.51786
8.40699
3.8094
5.46067
5.66865
4.55127
4.99158
3.09614
4.65996
3.93248
6.41398
13.6762
10.9341
1.865
9.79158
8.67443
9.10051
9.64858
10.2504
4.70323
7.43355
8.7912
1.29744
-4.4007
-2.52166
-10.0183
1.52499
-0.340438
0.451068
3.17707
5.26624
-4.14692
6.3852
5.94826
-3.67426
-0.128873
10.7892
4.82487
3.84033
0.563585
3.10968
2.10533
1.36413
-3.88809
3.9282
8.23354
2.43583
7.02962
5.23028
6.3721
4.95933
5.85335
9.32282
6.22813
-1.1051
7.12143
12.6282
11.284
8.57213
11.6161
9.88024
13.2915
9.44251
15.6959
13.1929
15.6295
14.357
13.1002
12.8156
11.5939
15.9772
14.985
13.6357
14.7181
11.4336
10.8112
12.4677
8.62538
12.8259
15.043
12.517
17.3164
10.9179
3.965
7.45735
-0.781156
3.16296
-3.2082
-1.79961
3.85008
-1.82794
-4.94949
-3.88228
-7.84105
-3.84057
-6.52948
-1.50156
9.39116
0.800501
-1.19541
-4.62971
-5.7058
5.88825
7.83256
7.35872
5.50424
1.68714
-6.87792
5.79285
-0.346948
-5.31782
-4.81708
1.93249
5.01553
1.46209
0.33094
-4.34198
0.527976
4.53731
-0.732795
1.8926
-0.974998
2.75014
9.51525
1.91634
2.52445
4.16248
0.950728
4.33211
-0.9896
-0.308093
-0.786202
-2.20899
1.91119
2.56052
2.55115
0.490885
0.653047
4.99766
4.70847
2.92233
4.63706
0.507631
1.93216
2.91133
5.06546
1.99755
6.42991
9.16889
4.1081
12.1502
17.5446
25.6176
24.7233
22.2457
12.8024
24.253
28.2381
28.6549
31.9063
23.9993
10.0699
1.06253
-3.77827
-3.49502
-0.435743
3.03892
13.9056
6.97179
38.3664
35.9895
36.4793
32.3368
33.6703
48.6907
50.1909
44.4589
46.3812
45.4959
35.7673
41.3101
14.3359
38.4203
26.301
21.2286
11.5694
7.7817
1.39055
17.8414
10.8825
5.96722
11.4198
15.2406
15.9332
13.383
14.8988
18.9287
17.4298
20.028
15.3831
17.5183
11.9078
13.6821
14.9423
9.18237
9.27176
7.93361
6.44618
7.94347
13.1344
5.55021
11.915
21.5269
13.7479
12.3738
1.72959
9.50371
22.8804
17.1011
13.9778
12.4605
21.1972
27.183
8.49716
18.9711
21.6391
12.4272
13.4544
10.8924
18.6305
12.9094
9.00105
3.42636
4.91636
12.7589
12.7179
17.2455
28.6433
26.0366
34.3927
21.116
24.4718
34.3204
20.2903
12.3438
25.5756
27.1893
28.4156
27.5306
24.7677
16.7201
27.0517
17.382
18.5605
6.70254
-9.27293
-1.10085
7.2634
4.55783
13.1071
12.8933
14.2701
8.07539
8.24302
5.46463
1.23989
2.52795
4.99136
1.62306
8.17545
11.977
9.62193
14.011
14.8367
11.3089
4.35246
7.43546
5.19082
8.91144
12.3566
16.5032
14.714
11.9593
11.756
7.69709
9.88655
11.721
9.64241
9.21558
9.10701
12.8075
15.2833
7.76329
9.9186
8.18679
7.24212
17.3652
12.616
13.1209
14.6864
18.4566
18.5326
15.8488
17.4976
16.3608
11.4545
12.2416
20.3719
22.51
19.127
22.7824
20.0938
11.437
17.6497
17.8247
15.1074
16.7086
6.57386
2.77126
-1.18886
0.412571
3.02441
7.17569
2.3613
5.5227
11.1027
17.8774
17.8542
15.5263
19.1443
17.9139
16.6709
16.0765
8.57134
12.63
7.67855
6.26959
12.9526
11.6059
15.047
17.6412
13.5099
10.7859
20.7601
17.7044
20.8113
22.5248
22.8996
17.5251
16.6804
17.556
12.3147
17.3028
17.2584
9.01824
11.3297
17.7544
15.2161
12.3183
13.7503
5.5169
9.84795
24.1439
25.5908
38.6631
39.107
31.163
41.9888
43.3552
30.3072
35.903
25.8128
25.5124
22.2459
25.9506
17.5659
14.289
13.4698
13.3814
9.55252
10.217
20.4627
21.2007
25.8372
23.3329
22.1236
28.9406
26.8478
24.8755
21.5513
-2.72252
-0.239395
3.52916
4.66446
6.41757
-1.2114
-5.90183
4.31712
-1.7705
-4.85866
9.06335
5.77699
-2.67365
5.53118
10.716
12.5952
2.26999
-3.8773
-9.74736
-9.82332
-4.68621
-10.5493
-6.24347
-2.53091
-3.163
-3.81952
-3.30251
-4.11542
-1.00649
-4.34962
-11.1319
0.0196748
-0.86389
2.11618
-12.8475
-2.6663
-5.20834
-3.45336
-5.75678
-1.92817
-10.7612
-7.68372
-4.40678
-3.52017
4.47126
4.3433
8.32225
1.20779
-0.930592
3.82262
-3.44484
-3.2916
-4.6327
-10.069
-4.49316
-8.84048
-7.68169
-8.39491
0.349669
-7.90058
-2.6757
-6.55438
-4.17126
5.65825
1.12028
5.95549
4.58117
-6.39857
-1.58361
-0.591541
-6.44916
-5.2676
-6.56289
-6.88273
-10.1999
-9.68252
-5.47901
-0.252179
-2.24237
-3.60465
-7.98618
-0.501209
-1.12836
-2.99631
-4.18916
-2.25939
-2.18814
1.82677
-4.18922
-5.25311
-3.26671
-9.91449
-9.72467
-6.64615
-10.2206
-12.6759
0.547623
5.45205
7.10631
-0.586409
-7.54719
1.78935
-11.5564
-7.45664
0.38772
-1.10427
6.28493
5.8526
-0.930685
-9.35544
-4.22133
-11.1903
-5.09683
-3.66152
-8.50106
-8.93923
-8.98904
-11.3541
-10.0805
-8.86525
-8.84525
-0.0787029
-2.9821
-3.83363
-0.699334
3.99937
3.39576
-4.33206
-8.88236
-10.0229
-7.91239
-5.46222
-5.56823
-1.16922
-2.49938
-8.30062
-1.28758
-2.81278
-5.68567
-4.98242
-2.73657
-2.00017
-5.45676
-7.46739
-7.4053
-14.1652
-16.8118
-3.45429
-7.43731
-8.73495
-4.27003
-3.91405
-1.06298
-0.794714
-0.524445
-1.86089
-12.2407
-6.56107
-7.75125
-4.9551
-6.99903
-8.53204
-7.77557
-12.562
-16.8042
-19.5495
-7.04018
-13.2827
-3.97418
-3.27104
-2.33486
-5.2747
-11.0518
-13.8702
-13.5552
-12.1923
-8.90768
-13.0235
-16.7355
-7.48177
-4.3355
-4.93628
-9.22155
-10.8531
-8.28546
-6.57095
-3.69576
-7.02796
-8.00365
-4.51205
-5.08671
