-180.568
-168.342
-176.829
-162.618
-175.025
-167.066
-161.902
-168.886
-156.587
-167.981
-177.599
-163.99
-176.491
-176.357
-171.501
-187.921
-182.38
-183.22
-177.931
-171.417
-181.475
-171.831
-167.494
-180.071
-178.316
-177.606
-171.768
-196.285
-190.52
-186.829
-196.535
-193.766
-186.569
-191.305
-182.428
-197.235
-187.019
-193.978
-191.745
-189.419
-196.98
-192.37
-187.343
-201.761
-197.835
-189.303
-201.337
-190.003
-190.617
-193.315
-197.647
-200.502
-201.189
-195.996
-210.865
-202.532
-206.518
-204.659
-199.088
-195.309
-193.421
-190.53
-183.401
-192.305
-202.205
-192.129
-197.482
-191.459
-201.634
-205.126
-184.304
-169.395
-222.191
-242.117
-259.133
-269.244
-264.389
-263.887
-266.164
-266.401
-271.192
-273.746
-275.059
-275.888
-271.786
-271.128
-275.462
-274.337
-267.082
-269.299
-265.392
-266.131
-268.91
-269.112
-268.97
-271.128
-270.993
-271.159
-272.198
-272.376
-274.2
-272.245
-274.046
-273.82
-271.586
-277.482
-277.942
-277.901
-279.644
-284.256
-285.465
-282.515
-289.536
-282.127
-280.747
-280.724
-274.388
-277.447
-277.915
-278.603
-281.784
-285.096
-284.872
-285.241
-284.515
-289.969
-286.128
-281.37
-278.862
-271.42
-259.005
-227.839
-215.135
-217.2
-219.331
-222.969
-225.363
-228.557
-233.634
-234.165
-234.361
-233.641
-226.993
-228.828
-228.644
-227.447
-225.937
-219.923
-217.544
-207.826
-200.097
-191.876
-180.175
-166.281
-131.356
-123.384
-125.993
-106.988
-157.246
-153.978
-149.802
-175.682
-176.789
-173.292
-182.796
-188.433
-188.876
-186.819
-179.925
-181.089
-177.843
-174.879
-166.132
-174.166
-176.012
-187.505
-191.461
-200.446
-200.383
-191.68
-189.041
-188.465
-188.396
-192.949
-188.166
-187.536
-187.425
-193.432
-192.719
-192.968
-195.838
-198.077
-198.467
-197.623
-194.132
-192.623
-186.878
-179.621
-183.742
-182.117
-187.111
-194.047
-193.522
-193.861
-197.219
-194.944
-201.888
-201.464
-209.618
-207.483
-208.481
-210.901
-206.07
-135.938
-131.783
-130.372
-119.061
-126.811
-182.607
-209.534
-174.047
-184.655
-185.415
-195.846
-198.078
-185.552
-191.682
-190.689
-178.571
-173.273
-178.963
-173.234
-178.41
-168.906
-171.756
-190.916
-223.663
-201.381
-195.056
-200.855
-196.981
-196.963
-201.531
-200.77
-198.147
-200.358
-201.28
-208.321
-213.303
-208.429
-211.243
-204.607
-202.883
-202.055
-203.111
-204.9
-203.886
-209.138
-205.65
-202.101
-201.174
-205.52
-202.684
-202.797
-199.505
-206.07
-206.703
-202.262
-195.33
-201.573
-211.006
-213.1
-214.907
-199.504
-212.3
-209.774
-190.992
-203.939
-212.787
-178.106
-213.782
-213.535
-218.526
-226.562
-244.833
-247.399
-243.849
-248.499
-237.364
-229.183
-220.597
-216.378
-212.28
-211.991
-203.881
-209.488
-204.502
-201.229
-192.646
-192.716
-195.997
-188.363
-184.969
-187.674
-182.869
-191.628
-190.382
-181.322
-178.486
-175.917
-190.642
-199.567
-195.74
-166.678
-172.107
-180.928
-193.586
-179.906
-198.889
-210.594
-200.631
-196.863
-192.379
-180.629
-199.983
-194.377
-169.541
-161.79
-153.735
-140.952
-157.132
-171.679
-239.559
-261.345
-267.862
-268.791
-265.619
-262.356
-266.447
-279.058
-284.265
-284.139
-286.014
-291.431
-290.807
-295.018
-300.89
-301.294
-302.785
-309.546
-310.075
-314.146
-305.935
-304.994
-298.61
-280.497
-281.261
-273.098
-258.895
-247.672
-240.238
-223.499
-209.689
-202.971
-174.853
-156.989
-198.122
-251.958
-243.269
-232.554
-221.289
-220.487
-218.571
-213.332
-200.719
-195.664
-180.012
-179.395
-174.869
-177.334
-184.73
-168.356
-194.157
-187.655
-196.239
-173.122
-196.135
-181.527
-192.333
-184.817
-186.53
-180.217
-185.618
-194.561
-189.823
-188.355
-192.966
-191.442
-202.733
-193.315
-198.727
-195.244
-173.678
-190.438
-187.602
-175.803
-188.724
-191.036
-211.162
-176.966
-198.923
-208.876
-208.09
-208.372
-199.099
-195.305
-199.951
-175.38
-175.952
-162.645
-193.615
-186.877
-204.246
-203.237
-184.596
-185.56
-194.475
-190.582
-188.754
-196.852
-180.724
-214.001
-213.954
-204.09
-195.394
-193.084
-194.68
-226.673
-185.493
-195.138
-194.966
-189.676
-195.658
-194.941
-186.56
-187.205
-189.386
-189.434
-194.122
-197.593
-206.247
-196.363
-211.829
-210.683
-210.218
-208.212
-197.035
-189.676
-181.496
-162.384
-179.607
-178.396
-180.513
-188.771
-182.585
-178.994
-166.382
-142.642
-159.506
-166.478
-153.695
-180.933
-171.282
-173.991
-188.777
-179.77
-185.23
-175.044
-157.834
-160.131
-166.135
-168.645
-161.957
-167.817
-166.735
-168.166
-167.737
-169.943
-164.385
-159.435
-151.113
-144.896
-146.298
-154.803
-184.585
-184.348
-165.404
-175.336
-177.099
-184.103
-178.324
-186.298
-172.931
-189.042
-186.181
-173.203
-152.034
-180.677
-188.124
-196.819
-211.56
-206.722
-188.743
-179.304
-187.873
-185.639
-182.087
-194.379
-192.198
-194.843
-180.893
-191.557
-191.127
-192.408
-183.283
-189.272
-189.82
-187.582
-187.878
-195.658
-194.08
-201.846
-193.745
-195.362
-220.213
-222.374
-220.902
-214.998
-209.257
-204.378
-210.779
-191.39
-200.083
-138.256
-138.65
-142.997
-140.648
-129.961
-129.313
-130.524
-145.774
-149.27
-146.351
-155.878
-170.315
-164.271
-179.086
-162.297
-182.958
-181.026
-220.727
-160.897
-127.916
-139.308
-140.27
-139.497
-134.089
-129.608
-137.35
-138.243
-136.61
-126.567
-185.941
-163.055
-164.481
-151.792
-158.817
-155.502
-144.835
-140.608
-139.293
-142.968
-146.388
-150.519
-149.192
-154.259
-152.817
-162.405
-158.785
-155.759
-150.799
-154.819
-156.946
-153.614
-159.148
-155.78
-156.102
-165.316
-164.098
-169.914
-174.813
-168.155
-178.742
-189.684
-190.47
-180.625
-170.506
-167.365
-154.92
-148.757
-156.254
-153.734
-150.987
-139.105
-144.835
-145.395
-146.677
-145.687
-143.076
-142.159
-141.89
-136.552
-139.054
-140.953
-142.468
-149.684
-147.56
-155.662
-168.187
-175.279
-163.191
-155.914
-173.105
-172.188
-164.756
-151.691
-161.133
-153.948
-169.01
-151.881
-144.105
-158.748
-151.772
-146.306
-152.396
-175.189
-184.122
-193.727
-207.568
-209.627
-223.72
-218.228
-212.009
-218.216
-219.318
-216.321
-217.308
-223.119
-214.424
-225.173
-219.797
-215.135
-212.158
-223.029
-216.696
-215.821
-226.408
-214.963
-217.482
-226.828
-222.579
-230.324
-228.393
-228.313
-232.676
-225.683
-224.127
-229.419
-231.769
-230.68
-232.331
-229.952
-235.486
-229.398
-236.207
-228.409
-235.222
-239.065
-242.118
-241.181
-243.954
-246.508
-240.071
-249.004
-242.626
-239.459
-246.849
-236.557
-242.916
-242.551
-242.73
-238.611
-230.578
-231.838
-231.129
-233.49
-233.486
-234.001
-229.416
-232.121
-235.949
-237.082
-233.189
-235.145
-230.796
-238.758
-242.892
-235.995
-240.165
-238.237
-239.836
-235.523
-238.219
-242.235
-247.884
-249.919
-248.155
-250.825
-253.773
-256.879
-257.157
-257.337
-252.279
-252.411
-259.721
-249.096
-250.406
-251.021
-250.945
-252.682
-248.056
-253.869
-253.412
-252.939
-249.827
-251.271
-258.479
-250.792
-249.689
-252.468
-260.778
-261.681
-262.09
-245.191
-227.729
-231.809
-228.081
-228.13
-221.136
-230.292
-230.219
-230.68
-228.488
-232.258
-236.718
-239.514
-232.725
-217.9
-181.335
-170.488
-173.267
-170.315
-157.615
-153.406
-149.447
-179.512
-158.322
-173.104
-168.053
-164.297
-174.03
-184.891
-192.278
-160.498
-162.005
-164.424
-167.814
-154.461
-167.592
-172.94
-172.287
-169.265
-185.182
-192.829
-193.889
-191.523
-189.842
-187.51
-186.688
-189.068
-182.559
-187.981
-182.125
-179.798
-166.537
-157.776
-162.966
-155.538
-162.169
-169.666
-161.091
-160.887
-159.433
-156.207
-173.333
-167.851
-170.258
-177.272
-181.049
-181.984
-173.533
-180.173
-177.455
-180.48
-195.932
-183.932
-181.571
-187.677
-192.129
-183.824
-193.441
-184.726
-187.982
-182.633
-179.659
-194.369
-181.384
-178.948
-164.562
-171.505
-170.709
-171.083
-170.555
-167.335
-174.336
-164.991
-163.007
-170.322
-170.076
-173.885
-160.602
-176.926
-171.922
-175.507
-173.254
-166.941
-168.322
-177.419
-158.57
-160.784
-166.614
-165.783
-162.714
-158.049
-156.118
-153.048
-155.208
-162.306
-155.937
-155.631
-166.839
-175.151
-178.97
-161.154
-160.28
-169.914
-163.649
-163.183
-170.659
-184.478
-183.4
-169.787
-173.916
-179.584
-189.047
-193.394
-184.167
-193.635
-186.801
-190.297
-196.566
-182.909
-187.006
-195.436
-199.442
-193.284
-197.844
-205.095
-208.586
-205.165
-199.612
-200.083
-204.116
-203.574
-210.318
-200.251
-199.371
-196.325
-202.413
-197.216
-195.42
-206.18
-198.436
-194.953
-198.16
-197.608
-206.596
-200.973
-192.949
-206.106
-206.594
-200.654
-208.689
-207.096
-203.589
-205.147
-202.936
-203.937
-204.451
-199.22
-200.65
-198.651
-203.917
-203.86
-203.245
-203.291
-203.985
-208.901
-203.309
-207.273
-199.634
-191.007
-179.397
-195.779
-199.189
-192.379
-198.093
-201.95
-202.362
-187.719
-189.397
-191.064
-198.088
-192.8
-204.882
-198.595
-209.704
-205.442
-201.542
-196.715
-207.222
-191.076
-185.431
-186.23
-202.097
-198.184
-196.01
-194.374
-191.241
-199.982
-196.513
-198.138
-206.823
