-58.9776
-43.1784
-33.9388
-32.079
-24.1472
-28.8726
-32.0522
-28.4083
-21.7985
-36.9019
-22.4351
-32.5456
-33.5827
-49.2447
-31.9538
-43.1821
-53.185
-43.9063
-62.8018
-48.9146
-64.0645
-72.4692
-71.1494
-59.2543
-52.462
-55.6353
-63.1169
-66.8015
-81.8439
-84.9645
-93.8102
-85.237
-89.6259
-88.8918
-95.3819
-91.965
-92.3181
-83.5008
-68.1704
-69.637
-67.6246
-66.5386
-65.0363
-45.3331
-45.3762
-46.1271
-48.9154
-53.5224
-66.6593
-65.6138
-63.2678
-71.6544
-75.1876
-74.5479
-67.909
-60.8618
-55.5109
-54.4599
-43.6833
-50.0684
-58.4557
-63.8523
-52.6827
-55.862
-54.5652
-47.5854
-52.2397
-45.3012
-46.7647
-40.6503
-45.5329
-41.1192
-47.5716
-44.4113
-46.867
-51.2457
-55.9609
-44.0678
-46.5052
-36.5496
-53.9934
-49.1607
-47.8812
-42.0113
-46.3065
-37.2784
-54.7587
-64.2742
-57.8253
-57.7912
-36.4423
-34.2573
-43.0603
-38.9164
-52.7991
-46.6241
-46.174
-59.9534
-49.6879
-41.1809
-50.8016
-58.9671
-58.3957
-53.9462
-53.9871
-54.6124
-53.4222
-58.6575
-59.923
-61.6845
-63.9364
-65.5557
-72.4481
-75.7928
-78.2512
-78.2113
-87.1686
-88.5188
-82.5675
-77.8565
-96.4164
-93.2663
-94.1295
-92.3535
-100.642
-97.6188
-106.535
-94.8642
-88.616
-94.8821
-93.5926
-102.048
-101.753
-103.612
-119.775
-116.751
-100.691
-100.376
-91.2849
-92.5706
-90.3584
-82.813
-82.0889
-87.5922
-88.7475
-100.881
-96.2345
-98.6346
-85.7052
-86.2171
-102.747
-89.1456
-97.3782
-89.6142
-77.1268
-69.7445
-75.3307
-82.8636
-64.6993
-68.338
-77.9332
-63.1601
-64.3063
-77.1787
-65.896
-67.281
-61.279
-63.7207
-66.3143
-59.4008
-72.902
-74.3674
-68.7594
-67.6706
-70.0887
-60.0189
-63.0943
-62.929
-44.4127
-60.4523
-61.098
-57.8584
-56.8908
-66.6136
-66.1725
-72.6565
-71.0582
-61.7742
-72.9963
-67.3715
-78.8326
-78.5238
-57.2598
-68.3947
-65.9072
-70.2675
-67.6034
-68.9597
-67.352
-65.5688
-67.1028
-65.8062
-68.1576
-55.2348
-57.8338
-68.8133
-61.3995
-70.1042
-55.318
-67.5384
-62.9642
-62.276
-69.2431
-80.2482
-76.7752
-74.9586
-68.2956
-54.0502
-61.2428
-72.2113
-74.6028
-61.5319
-61.6187
-62.2003
-74.2401
-64.3699
-76.1183
-58.7525
-57.2613
-65.3617
-59.1197
-50.9404
-73.5526
-52.7035
-66.9342
-64.9679
-64.3521
-59.6974
-69.2314
-73.7243
-54.4001
-41.6019
-34.1015
-28.0189
-30.2628
-32.9305
-27.9556
-24.2027
-20.946
-27.5852
-28.4203
-33.3636
-42.6628
-49.5149
-35.5278
-39.1619
-41.2638
-48.8501
-59.814
-54.7544
-65.0453
-72.9625
-67.4024
-59.4808
-46.5947
-56.4713
-61.9062
-66.4927
-89.1505
-82.0127
-90.3776
-82.8788
-86.8921
-99.3755
-92.2012
-90.3839
-100.066
-84.7629
-74.39
-65.7916
-72.7933
-69.6678
-64.3565
-43.098
-41.5499
-45.899
-49.0052
-54.6985
-76.3463
-71.2968
-59.5062
-76.2394
-73.9531
-79.9885
-65.1797
-50.9348
-56.4105
-61.1058
-45.5302
-46.644
-61.8344
-58.9545
-51.6424
-57.2707
-48.3562
-56.0912
-51.0911
-41.8458
-49.5772
-44.0724
-45.1874
-37.2547
-55.4044
-42.6182
-47.6647
-53.3902
-52.4297
-39.2913
-42.9935
-35.8624
-51.4605
-49.7513
-48.8612
-39.391
-46.7575
-40.8426
-53.1386
-67.7169
-58.4552
-56.2137
-30.1319
-35.2818
-43.3399
-42.7111
-54.8041
-45.8646
-44.6296
-63.3798
-47.8237
-40.1601
-56.281
-63.857
-58.0014
-50.4169
-56.0631
-59.8999
-58.1107
-68.5452
-60.8701
-64.8441
-68.7847
-69.3156
-72.4568
-78.5229
-77.9864
-79.9923
-84.7483
-85.8683
-75.4717
-87.9624
-91.2192
-97.1312
-84.3082
-90.2354
-102.415
-94.3807
-105.977
-89.4178
-91.778
-90.8799
-100.25
-97.9258
-96.6248
-109.991
-112.646
-117.889
-89.0187
-97.6716
-87.4138
-96.4088
-87.9656
-71.4035
-76.8781
-89.8011
-88.9884
-98.86
-93.707
-104.47
-87.2737
-90.0222
-91.6736
-91.4758
-99.8569
-88.0962
-75.8259
-74.1069
-76.4075
-77.2519
-59.3099
-72.058
-74.2128
-61.5566
-59.7975
-73.8498
-67.8286
-66.7293
-55.1727
-69.9935
-64.6084
-60.3251
-59.4756
-70.9013
-72.5442
-68.2017
-64.9408
-65.8189
-66.4895
-62.8173
-47.6987
-56.0438
-57.3598
-62.0289
-61.1953
-64.7398
-70.6313
-77.7472
-70.0356
-56.9523
-77.8521
-66.1702
-84.0181
-76.176
-58.5579
-70.6628
-66.0388
-68.6084
-65.2162
-67.3668
-65.6029
-63.3964
-67.8966
-64.3329
-65.4125
-57.1303
-60.0861
-71.2222
-60.9872
-68.9172
-62.9634
-65.3249
-65.9876
-63.4754
-73.758
-76.316
-75.1016
-73.338
-65.7393
-54.2109
-57.8375
-75.3032
-70.8003
-53.5277
-67.1039
-67.4853
-67.6417
-60.4599
-77.3678
-63.6988
-54.3704
-61.7562
-58.0703
-57.4479
-73.6564
-49.3634
-69.4711
-62.3087
-62.5398
-56.7553
-65.7554
-64.9578
-49.4078
-35.3504
-36.6184
-26.6769
-31.2841
-35.8806
-28.8736
-25.6424
-30.8883
-22.6641
-29.7238
-34.6758
-45.8256
-47.8031
-48.1637
-48.5743
-41.337
-56.7113
-57.7899
-51.7454
-65.5168
-69.5999
-52.9206
-57.4132
-44.8623
-61.9865
-62.5203
-68.2383
-94.4927
-82.2608
-82.9234
-82.1111
-88.5808
-103.973
-93.2509
-89.0198
-99.2423
-79.8413
-78.7974
-69.1195
-72.8346
-65.8382
-62.6208
-46.7355
-40.5975
-46.4341
-53.557
-56.6456
-80.1215
-75.6872
-60.912
-72.5102
-65.7237
-76.0547
-71.5497
-50.004
-41.7378
-57.5445
