-170.514
-194.171
-190.731
-189.845
-195.622
-189.398
-193.238
-194.115
-197.517
-208.875
-200.233
-187.89
-211.534
-189.829
-198.298
-193.625
-196.06
-205.603
-197.911
-193.767
-248.968
-272.89
-254.314
-247.962
-213.889
-187.214
-159.835
-165.598
-167.386
-167.763
-179.85
-177.092
-179.511
-176.173
-166.613
-160.483
-163.47
-168.976
-181.989
-171.892
-173.651
-163.53
-164.704
-169.164
-176.207
-160.453
-148.861
-165.91
-157.545
-163.728
-170.091
-161.245
-155.674
-160.698
-156.594
-152.4
-191.075
-186.156
-202.526
-215.886
-200.199
-192.7
-198.211
-200.237
-199.459
-214.232
-219.497
-206.534
-208.554
-204.673
-198.885
-207.73
-212.298
-211.147
-199.893
-197.147
-203.697
-197.48
-214.224
-200.645
-201.95
-200.311
-187.882
-201.275
-199.79
-197.679
-198.175
-190.137
-189.201
-199.32
-192.044
-192.894
-190.209
-183.042
-196.737
-199.752
-201.403
-209.327
-198.808
-202.113
-204.234
-194.535
-197.141
-197.295
-195.431
-198.272
-191.319
-187.967
-180.732
-191.297
-198.237
-197.428
-186.899
-179.439
-178.151
-174.841
-175.125
-174.491
-163.619
-156.421
-159.5
-150.415
-144.572
-149.502
-149.31
-158.762
-169.119
-160.366
-156.896
-151.339
-162.04
-164.438
-151.956
-144.367
-135.183
-134.059
-132.188
-138.621
-138.208
-136.878
-133.194
-130.789
-141.757
-139.906
-124.954
-140.892
-141.446
-156.706
-167.983
-165.503
-171.345
-176.029
-167.794
-172.158
-188.393
-182.949
-182.604
-176.55
-184.128
-184.527
-190.752
-193.924
-186.449
-185.281
-192.634
-192.27
-202.681
-189.698
-197.685
-212.292
-216.008
-204.738
-205.772
-215.885
-219.363
-210.705
-204.298
-210.359
-225.881
-221.354
-222.806
-211.792
-210.757
-220.383
-202.383
-240.632
-208.981
-204.753
-200.251
-213.058
-198.425
-185.378
-199.012
-194.302
-201.683
-208.42
-195.862
-210.045
-216.304
-195.466
-194.976
-205.771
-210.95
-206.523
-195.751
-207.39
-201.966
-196.079
-204.803
-200.475
-210.327
-216.224
-213.944
-211.248
-208.624
-210.587
-207.731
-215.877
-212.113
-209.407
-205.591
-213.118
-215.154
-215.219
-205.011
-215.308
-223.616
-218.312
-206.266
-222.806
-234.403
-226.881
-216.837
-225.681
-228.987
-208.01
-215.967
-210.033
-210.855
-189.592
-173.802
-194.528
-186.182
-186.789
-195.544
-188.472
-197.851
-190.365
-204.688
-205.483
-198.565
-193.252
-204.894
-190.793
-195.393
-196.369
-193.6
-209.777
-200.645
-190.209
-255.505
-266.826
-255.969
-241.017
-207.028
-183.979
-152.094
-158.253
-169.07
-160.028
-176.722
-182.001
-189.605
-186.12
-167.592
-163.127
-167.794
-162.93
-184.11
-180.16
-173.471
-158.607
-171.945
-165.867
-170.976
-151.607
-156.409
-156.857
-154.119
-160.293
-165.689
-162.603
-162.153
-159.773
-157.76
-165.831
-196.079
-181.994
-200.065
-211.028
-197.676
-197.275
-195.706
-208.425
-209.985
-214.45
-218.313
-195.948
-200.134
-205.917
-195.712
-205.494
-206.95
-211.024
-197.874
-201.264
-196.569
-200.361
-206.768
-198.186
-199.257
-199.785
-186.088
-200.909
-200.682
-196.938
-193.919
-187.627
-190.5
-200.32
-190.31
-191.775
-188.289
-185.104
-199.641
-199.249
-200.595
-201.731
-197.079
-192.201
-200.413
-191.463
-193.798
-191.502
-186.765
-190.389
-182.279
-186.279
-184.251
-199.054
-191.487
-193.513
-182.765
-173.209
-177.538
-174.368
-168.999
-164.527
-157.238
-157.707
-159.426
-151.862
-148.162
-150.78
-149.44
-160.824
-177.68
-152.852
-147.856
-149.698
-157.462
-153.724
-149.234
-139.611
-133.177
-133.127
-132.223
-137.308
-138.255
-134.454
-122.951
-142.088
-143.772
-138.447
-117.239
-140.482
-143.896
-164.202
-168.731
-166.419
-165.094
-176.278
-163.458
-170.785
-182.338
-181.42
-179.223
-181.244
-179.043
-186.57
-190.803
-192.03
-184.848
-189.74
-191.161
-198.881
-201.524
-191.633
-199.112
-203.627
-223.017
-203.498
-207.552
-209.542
-210.843
-211.97
-203.077
-206.04
-218.28
-225.845
-221.556
-208.836
-212.907
-217.918
-210.418
-232.616
-212.782
-211.465
-199.114
-209.722
-202.652
-193.187
-199.796
-197.416
-207.023
-210.8
-199.309
-209.047
-219.003
-198.198
-194.401
-206.424
-208.704
-213.538
-200.478
-198.333
-215.895
-195.497
-203.691
-196.474
-207.244
-224.158
-205.292
-213.876
-206.646
-209.309
-209.151
-207.945
-211.562
-207.48
-207.64
-213.505
-217.432
-208.171
-204.032
-220.882
-220.672
-220.88
-207.726
-220.155
-235.654
-222.248
-212.537
-226.259
-232.601
-209.49
-212.76
-212.631
-214.104
-168.569
-180.302
-196.221
-188.485
-184.382
-195.338
-184.791
-197.982
-190.746
-209.954
-204.961
-194.443
-198.569
-192.706
-193.387
-191.703
-195.536
-191.005
-202.993
-202.742
-217.337
-263.947
-261.852
-262.611
-233.388
-198.701
-182.094
-154.619
-158.062
-170.26
-160.784
-165.925
-175.671
-184.508
-189.776
-169.911
-166.22
-173.206
-163.007
-176.908
-176.512
-172.429
-159.727
-179.355
-165.071
-161.059
-143.922
-156.967
-155.147
-154.676
-158.613
-162.167
-164.756
-159.602
-161.976
-155.169
-176.778
-201.8
-194.337
