-5.40099
-2.62913
-11.5337
-12.9743
-12.2595
-6.47585
-8.73655
-5.69695
-22.5526
-26.0307
-25.713
-25.6263
-23.3604
-13.9773
-13.203
-10.191
-17.2929
-15.0202
-11.4151
-3.65355
-10.2264
-2.62416
-2.71219
0.693935
-17.9308
-7.09525
-6.00147
-3.38551
-0.330367
-1.57257
-9.06256
-6.95595
-13.947
-5.41099
-3.91086
-5.09329
-4.03513
-7.2844
-14.7068
-9.28935
-17.0425
-13.7484
-14.049
-24.4841
-22.6134
-21.9004
-21.2008
-23.2969
-15.1826
-23.0851
-22.8517
-22.8058
-21.6052
-20.851
-26.1521
-14.9785
-20.1333
-13.9731
-10.9126
-4.37493
-13.7666
-12.3115
-12.6781
-3.56367
5.84149
3.33171
-6.3127
-1.25274
-4.35727
-9.08048
-3.3375
-8.90214
-11.0949
-5.11492
-13.8444
-19.02
-20.5701
-22.484
-18.7093
-23.9374
-31.9396
-30.7119
-27.1774
-19.9508
-18.4467
-17.6211
-16.4092
-4.76036
-4.97488
-11.2258
-4.16383
-3.95016
-10.6376
-5.07619
-5.25489
-3.03121
-17.6606
-9.18795
-8.63762
-17.4165
-18.3295
-15.5604
-18.6966
-12.374
-8.94718
-7.03479
-4.14697
-3.73952
0.508783
1.97446
-5.21518
-1.93719
-3.879
7.62727
-4.87636
-11.3039
-1.85869
-3.38871
-9.31898
-22.8743
-25.5914
-23.785
-25.1071
-26.2288
-22.7195
-22.0507
-27.2715
-24.6726
-23.6035
-23.8557
-15.0912
-12.6796
-17.6517
-12.3353
-10.4537
-13.3673
-16.6989
-9.8647
-12.4635
-6.11992
-5.4968
-3.1624
-14.569
-24.3847
-34.1562
-36.4186
-2.94578
-12.6606
-17.7568
-19.5396
-34.3644
-29.9822
-30.5576
-26.3774
-31.8467
-30.583
-40.7538
-42.7305
-41.1659
-46.3155
-46.8322
-47.3229
-48.8345
-47.8972
-51.3156
-50.0152
-48.5702
-49.4644
-51.4909
-51.3386
-49.3675
-48.3767
-42.0364
-43.652
-36.0063
-32.3437
-22.6353
-19.1369
-22.4468
-37.1456
-47.7576
-45.9294
-40.4206
-43.0777
-38.0313
-42.3648
-38.1601
-36.0834
-34.0883
-37.2316
-35.6012
-32.1283
-35.9593
-34.054
-38.4799
-42.0558
-43.8999
-46.1282
-31.228
1.94616
0.481208
2.03327
-2.69547
2.98463
-4.69458
-5.22062
-9.10668
-16.0925
-13.6519
-37.2252
-43.4244
-38.6375
-39.4743
-39.231
-34.7146
-34.7554
-31.2154
-38.609
-29.4786
-26.7754
-29.3602
-28.0136
-30.7309
-31.2254
-25.3557
-26.0394
-23.8558
-28.4415
-24.972
-30.6666
-22.8594
-20.1813
-11.9483
-7.21825
-17.5916
-20.0594
-24.4152
-21.1507
-17.2535
-13.7567
-21.5482
-25.8075
-33.0119
-36.7179
-38.3338
-39.5493
-38.4055
-43.9775
-47.6504
-43.8363
-44.976
-45.7562
-41.9042
-42.9556
-40.7673
-37.9789
-33.6786
-36.4408
-29.9889
-25.4273
-22.698
-32.5971
-30.3521
-27.4068
-23.6714
-12.3941
-31.3324
-38.0676
-31.9236
-35.6024
-29.0174
-30.5396
-25.4054
-29.2042
-28.8941
-31.3566
-22.4381
-22.4587
-25.1718
-24.4091
-27.8168
-25.4572
-35.0951
-36.5304
-39.7344
-33.1409
-10.0295
-8.79334
-12.2066
-8.93651
-4.45327
-14.8455
-0.918255
-6.63078
-4.62354
-24.8535
-36.3853
-24.6397
-32.5905
-18.5201
-25.9515
-23.9186
-24.1596
-23.1474
-29.4126
-30.6783
-28.3151
-25.1707
-28.1599
-25.5995
-33.6223
-33.0889
-36.3366
-22.3944
-33.9086
-37.1651
-23.7219
-18.747
-11.1758
-12.245
-15.9473
-18.6968
-22.5342
-22.8884
-26.0716
-23.9122
-18.7114
-24.3938
-27.9266
-33.5897
-37.564
-37.5148
-39.144
-36.0588
-39.1146
-43.5946
-42.8473
-45.0192
-36.4591
-41.3706
-33.8876
-33.0046
-32.9602
-37.9079
-31.8507
-34.9038
-36.7309
-37.1176
-36.0374
-19.0707
-40.1597
-44.5897
-50.7594
-52.4857
-48.8822
-50.0834
-47.7742
-37.4366
-48.7462
-44.8078
-43.5392
-38.4664
-50.8933
-37.0052
-45.959
-44.849
-43.7772
-47.2844
-45.7724
-41.0701
-40.3625
-43.0119
-42.8509
-39.926
-26.2263
-27.967
-35.2955
-29.5944
-30.7263
-25.6525
-16.3089
-15.9972
-23.6348
-29.249
-24.0215
-17.115
-14.4278
-21.7151
-24.0828
-20.3199
-15.7562
-10.7257
-15.3817
-16.2235
-19.1923
-16.4052
-15.9066
-15.9519
-23.1203
-24.4251
-24.5327
-15.7721
-6.01434
-8.7936
-12.5875
-11.374
-14.4717
-0.718127
4.91147
1.2124
3.61436
0.0842098
5.68678
-8.08657
-1.95728
-0.686394
-2.93742
-0.425717
-0.627464
1.46149
2.37089
7.3931
8.70665
3.24808
-3.3455
22.4619
14.8714
12.7201
11.527
13.406
13.775
10.7898
6.32004
3.38644
-1.40988
0.729926
-2.22509
0.0208227
4.12665
2.88041
-4.74901
-1.20336
-1.61807
-0.696239
-1.36672
-9.12064
-6.72426
-1.54663
-0.154978
2.81116
-3.82529
-0.974413
-8.06298
-10.8515
-9.83734
-6.16994
-5.80575
-4.15372
0.683249
-2.26336
-0.97312
-1.85377
-4.25816
-3.52108
-3.26139
-2.5783
-1.30048
-1.01892
-2.17356
-3.64326
-1.00213
-0.397606
-0.317048
1.66593
2.13818
5.48321
2.09279
2.44467
2.67506
1.1272
0.0302719
-5.10236
1.2278
-0.614509
-7.2112
-1.77152
3.24223
-22.0577
-19.8739
-11.116
-7.72063
-4.50191
-4.0022
-7.88945
-3.59236
-12.9245
-12.8983
-12.619
-5.03429
-17.7642
-15.1127
-15.3856
-10.8458
-7.77595
-8.39665
-3.14681
1.13052
0.677316
-6.70829
-12.1932
-5.66308
-8.87715
-11.0051
-12.5105
-13.8139
-12.9874
-15.5598
-14.7441
-13.4201
-11.7092
-10.4613
-15.6489
-14.4906
-12.9126
-15.7213
-14.9868
-19.251
-14.2778
-14.7002
-16.2684
-19.0065
-20.9234
-20.4793
-14.805
-16.6669
-17.4089
-12.5261
-19.101
