-104.845
-89.906
-109.96
-106.837
-106.572
-108.96
-115.108
-118.057
-120.408
-120.606
-120.497
-127.808
-136.094
-122.655
-120.551
-125.782
-105.323
-117.285
-120.1
-105.401
-105.809
-109.472
-106.76
-105.262
-112.424
-115.26
-114.504
-107.899
-122.38
-137.409
-113.406
-115.129
-116.457
-103.069
-109.606
-121.543
-107.531
-112.138
-115.115
-118.775
-101.031
-109.728
-105.773
-111.536
-110.598
-112.318
-116.752
-110.759
-117.293
-106.868
-112.622
-120.768
-115.634
-106.639
-114.273
-118.289
-125.04
-115.663
-115.066
-130.905
-123.576
-117.114
-130.696
-118.62
-121.494
-141.347
-122.832
-116.487
-114.035
-121.714
-122.193
-121.794
-127.967
-113.109
-128.619
-127.381
-120.264
-126.499
-122.203
-124.787
-128.51
-129.511
-129.039
-114.215
-129.156
-135.24
-129.553
-118.859
-127.854
-124.713
-126.706
-127.136
-128.459
-128.882
-120.405
-127.011
-117.588
-120.475
-122.84
-129.734
-130.514
-128.703
-131.581
-129.974
-116.305
-122.211
-120.501
-126.946
-122.757
-126.56
-132.471
-125.076
-123.067
-126.981
-130.381
-124.071
-145.613
-130.859
-119.12
-125.715
-120.76
-122.554
-116.454
-124.144
-132.363
-122.429
-131.531
-139.716
-123.183
-123.791
-110.434
-126.24
-139.7
-123.135
-126.211
-125.496
-109.117
-99.8923
-98.1556
-111.894
-109.665
-112.988
-112.947
-114.325
-117.728
-123.195
-119.946
-122.364
-127.22
-132.657
-118.829
-122.512
-118.294
-112.375
-119.424
-120.534
-100.805
-102.999
-110.748
-107.903
-111.668
-106.189
-111.008
-110.92
-106.144
-123.714
-130.983
-116.626
-109.774
-115.626
-108.034
-110.409
-126.12
-110.107
-110.928
-115.359
-122.087
-94.5207
-108.319
-109.551
-110.962
-114.789
-115.182
-117.45
-113.352
-116.406
-103.718
-115.557
-118.413
-112.621
-101.86
-116.285
-120.964
-122.362
-114.309
-115.48
-131.111
-123.168
-117.629
-127.387
-112.864
-124.621
-132.654
-124.834
-109.756
-117.394
-126.845
-128.279
-121.965
-131.767
-112.397
-130.336
-125.907
-121.335
-126.179
-121.636
-121.757
-123.949
-131.222
-127.073
-124.085
-137.359
-126.747
-126.995
-117.182
-124.939
-129.376
-129.539
-126.127
-128.144
-127.934
-124.492
-127.736
-118.826
-126.405
-123.248
-133.672
-125.233
-128.918
-128.243
-130.609
-117.678
-120.578
-123.516
-126.662
-125.074
-129.075
-135.092
-123.83
-121.017
-125.983
-126.827
-125.012
-137.498
-122.208
-123.415
-125.06
-117.771
-120.357
-121.303
-119.241
-133.113
-120.471
-136.114
-132.093
-121.109
-118.842
-110.348
-128.117
-133.315
-120.528
-123.006
-114.345
-111.961
-90.0174
-106.871
-107.903
-107.954
-116.22
-114.333
-114.241
-115.101
-121.119
-122.579
-124.68
-130.424
-129.212
-115.968
-126.979
-106.158
-113.821
-117.002
-122.556
-104.482
-103.857
-108.916
-107.907
-116.236
-107.317
-113.217
-109.733
-114.625
-129.721
-121.92
-117.722
-111.245
-112.753
-116.232
-112.257
-124.08
-117.154
-105.895
-117.703
-109.947
-92.9211
-106.301
-109.028
-109.723
-117.244
-112.967
-115.561
-112.029
-116.766
-106.513
-117.904
-113.94
-108.989
-105.04
-117.661
-121.01
-117.196
-111.295
-114.643
-125.318
-122.661
-121.872
-127.449
-116.428
-133.766
-128.499
-126.713
-104.323
-115.892
-127.193
-128.859
-120.444
-127.431
-119.253
-140.717
-122.756
-128.044
-128.211
-123.53
-120.821
-118.387
-127.914
-128.176
-119.974
-133.72
-119.635
-125.892
-122.44
-125.489
-129.497
-131.696
-115.54
-129.827
-126.36
-123.906
-124.181
-118.825
-126.695
-124.805
-135.588
-120.229
-129.401
-124.786
-119.24
-123.243
-119.338
-127.285
-130.655
-123.661
-128.959
-130.643
-124.007
-123.185
-126.952
-124.457
-127.612
-132.488
-115.66
-123.951
-125.484
-123.729
