22.981
21.8916
25.1368
30.1156
33.2787
37.3416
38.2644
36.3042
35.8803
43.7774
44.8956
42.0441
33.8126
35.1037
28.8776
28.1171
17.4047
20.4485
27.1634
29.5429
24.7956
31.8283
32.6268
26.7736
22.3764
28.0549
24.7005
29.2596
32.1215
28.6361
27.7662
27.2546
26.6184
31.726
29.4212
32.1487
35.46
30.5635
31.4739
25.4736
28.4493
28.4282
26.9673
37.3792
26.1955
29.3474
32.5068
33.172
31.3194
30.9843
31.7098
31.0257
28.6594
28.964
33.4559
33.7071
33.9476
34.5938
40.0375
32.3656
28.2058
35.8741
27.6259
31.5818
35.6989
29.6239
34.8735
32.6393
29.7798
33.9924
33.9148
41.9234
36.7865
33.7931
30.7819
33.4684
28.0682
30.5365
33.3676
29.2007
26.4252
30.1259
29.2738
30.1237
28.4164
30.3835
30.1633
27.5694
26.1639
30.4967
24.7186
28.0507
24.3979
26.2705
26.0628
30.4469
21.4746
31.7099
31.477
27.4603
30.3921
31.702
31.3788
39.9857
38.8833
43.4645
36.3287
42.4607
32.999
34.4105
29.2129
30.9257
40.0443
38.8909
38.2245
40.4043
37.7152
34.84
43.6583
35.2346
38.9843
30.3
32.3279
31.3564
39.6003
29.6653
29.2872
38.8014
33.4465
30.4292
34.6157
33.0105
37.5476
35.7253
38.6576
35.467
38.4984
40.9282
38.107
37.4423
43.9738
48.6716
41.666
47.3926
42.8663
42.7397
42.9708
41.8915
44.3874
43.4223
40.1863
41.0519
42.4739
42.1908
45.8662
38.8761
48.3426
40.1787
46.0433
38.9147
40.5092
44.1654
40.6944
51.1211
43.067
49.9573
44.1954
43.6253
48.2589
33.7023
26.5339
26.9246
30.876
26.8207
27.9937
19.7102
43.0565
34.3325
38.4286
31.2318
28.491
35.619
36.3172
38.4862
36.7715
40.5013
36.8933
42.9751
47.9758
43.5827
41.4112
36.6993
45.9681
43.5336
44.5805
41.4169
42.8985
43.2638
41.877
40.2972
39.2528
42.4883
47.476
41.452
42.2593
45.5258
39.7836
39.5981
31.7292
43.1777
16.3695
5.39718
-1.68005
