26.9675
47.4639
41.0699
29.8101
30.8624
31.6776
18.7608
27.7907
35.8813
28.2177
22.8869
33.3979
37.3888
36.8644
34.4825
32.2422
35.0965
37.5962
37.9135
48.3135
37.8187
33.9606
33.9037
30.8801
29.9671
39.8409
38.008
44.8122
43.2528
40.5543
39.7475
29.8894
24.4596
29.5958
24.9396
27.3701
30.6918
16.3027
19.5742
20.6019
11.6124
22.3697
24.9134
15.5611
12.738
14.8602
18.85
40.2795
42.7423
43.4403
16.2211
14.8798
-1.15104
2.08833
10.5311
6.18211
6.32976
7.22193
9.59075
3.63606
5.8382
4.53748
12.5893
9.5409
1.50681
4.55181
8.02225
8.39261
16.3507
17.4129
15.5318
10.9715
19.7758
25.5788
24.4034
27.1772
23.0507
24.0947
12.0979
15.3082
16.1495
18.7556
27.2092
25.4008
19.9029
22.5496
25.6918
22.1539
22.1604
11.1176
23.6465
16.4309
21.2445
18.0654
30.151
23.5772
22.6962
10.003
16.8272
28.2014
14.6206
21.0233
30.1138
23.0805
27.5454
33.1178
35.6369
42.6224
55.3439
40.5252
55.1609
46.356
46.0948
48.9613
46.6384
50.89
54.359
51.581
58.7117
59.1011
54.5185
56.5044
57.3897
51.6337
53.8731
52.7583
55.8313
47.8342
52.1725
46.8817
53.2665
52.3536
49.0714
44.213
50.0335
44.8904
48.7667
47.4464
48.4969
49.4896
48.6269
48.7284
46.5011
53.4827
51.1418
49.4633
47.2154
49.6211
52.8973
48.4826
40.2167
46.1617
46.7603
49.3037
50.1251
48.9041
51.3491
48.8215
46.0114
49.2872
47.1913
49.3633
49.5686
46.6516
50.4381
50.7029
46.1078
44.9937
47.1136
45.5486
52.089
53.4983
59.5845
57.8538
51.7479
46.1514
41.2171
41.0474
42.9104
45.403
55.3879
45.8275
48.6879
51.9327
58.9277
42.4566
36.0871
37.9308
48.1371
36.9269
49.7514
36.9928
37.2175
43.4251
32.5127
14.7279
13.0487
20.1325
18.7094
27.6381
30.1048
33.5549
33.7461
40.9773
38.0343
32.1701
28.2424
20.2003
11.4164
13.989
14.5582
5.66519
15.6408
15.0858
35.5464
37.1577
39.5527
47.2947
34.7959
18.301
21.3777
32.4197
37.0303
33.4385
42.7498
35.5844
29.6782
30.2179
35.8947
29.9235
35.4975
38.1275
27.7445
28.2212
31.9742
29.6875
25.5976
26.5584
25.0751
28.6209
24.1834
15.935
17.516
21.1808
23.5295
21.4823
25.0805
32.4273
25.4568
26.4334
28.4354
31.8368
32.7103
32.1275
36.7642
32.7388
35.2297
32.8401
33.8871
23.3052
26.8338
20.2641
22.1479
16.5494
21.6309
26.5318
33.1723
31.2346
36.722
36.8346
31.2115
27.6712
28.5795
36.8013
32.6924
40.7577
30.6085
41.0946
41.9003
30.3195
25.4139
25.0833
25.0749
26.064
16.8324
20.7812
19.0528
25.1585
30.4468
25.4727
31.0084
26.433
24.6115
26.1357
31.2958
38.7045
35.4525
40.4711
31.3109
30.3493
25.6018
27.9432
25.1504
35.3632
41.7372
41.3536
43.7675
44.8275
42.5029
42.4292
42.6133
38.5455
43.3352
51.099
42.0184
41.3395
39.3082
39.2538
38.7571
45.5523
42.9057
43.2116
50.2332
50.1327
45.9007
50.8873
57.8942
50.2723
47.6563
44.2196
42.6718
43.0043
47.6847
41.0624
39.8158
49.3242
45.4061
45.6189
50.6056
47.7016
40.1731
43.2033
48.7763
40.5522
45.6721
42.1158
35.5774
40.9395
37.583
45.3273
43.8581
43.1414
42.7939
40.0566
35.653
35.238
35.0198
30.7366
28.0404
33.8673
23.732
30.8344
38.1887
42.2612
37.96
31.146
34.2189
37.0464
30.6945
29.808
26.7551
27.0014
24.9309
25.4288
29.1885
24.6918
26.2569
29.5513
21.4118
22.7912
25.7418
28.6221
23.4608
22.1478
25.4809
29.0425
23.3992
27.4906
27.6117
33.9884
29.8479
43.4394
49.395
50.9997
32.4594
