-39.3139
-33.8756
-28.3493
-31.8971
-31.6529
-30.1998
-26.1162
-30.893
-25.338
-31.3888
-38.2345
-32.0762
-22.1049
-28.9949
-25.6449
-34.2031
-29.1312
-34.5956
-35.3827
-33.2348
-31.7474
-37.8848
-37.7156
-33.3091
-45.3778
-19.6593
-33.5049
-37.4245
-44.5289
-38.3505
-41.7717
-46.8942
-48.5394
-40.9675
-47.2074
-51.2395
-36.8409
-38.9841
-46.6366
-41.1458
-38.9669
-36.2298
-40.0611
-39.3462
-35.2083
-36.7696
-36.8543
-48.9177
-36.3546
-27.5646
-34.7621
-28.4873
-22.6961
-25.0228
-21.6499
-28.3108
-7.00281
-11.1974
-12.4662
-23.2706
-22.8442
-28.2645
-26.4741
-33.54
-31.3512
-35.5143
-36.4103
-38.3372
-38.9271
-37.2946
-36.7406
-39.2518
-33.5996
-38.3811
-34.2827
-36.8992
-26.9752
-31.1354
-31.8247
-27.9306
-32.3419
-33.2041
-33.7835
-33.6345
-33.0214
-30.3873
-34.6245
-37.6598
-38.9179
-36.1237
-38.3726
-36.6558
-33.5907
-36.5201
-39.4433
-37.3995
-40.6216
-38.4132
-39.5044
-40.1469
-41.1845
-42.6841
-40.1759
-40.5402
-38.9659
-45.2316
-40.8446
-36.5789
-34.8006
-32.9437
-33.2366
-33.6617
-29.4827
-38.2918
-29.1029
-31.976
-30.6548
-37.6127
-32.0785
-27.6982
-32.6087
-34.2193
-31.362
-35.9827
-38.373
-29.728
-23.4845
-24.0649
-22.846
-21.1745
-24.1525
-33.6387
-24.0283
-25.4044
-21.1899
-20.0776
-21.7795
-25.9772
-25.1601
-23.6003
-33.6903
-24.1824
-25.1515
-24.7841
-26.0839
-33.1234
-27.1374
-35.2279
-44.9778
-37.0553
-42.6737
-30.4654
-31.4583
-40.202
-25.4887
-34.029
-34.2114
-33.8984
-21.0592
-33.2272
-42.8285
-37.0862
-33.0167
-46.3973
-23.0101
-19.0797
-32.1453
-39.698
-32.6693
-40.0331
-25.6899
-36.5067
-35.2769
-28.8125
-28.5379
-38.6391
-30.789
-17.6302
-40.0396
-25.7953
-33.051
-29.6621
-28.5976
-34.9397
-38.4663
-42.9597
-39.3245
-36.0918
-28.3579
-36.5394
-24.6178
-28.4681
-22.2173
-31.3862
-36.3271
-34.8164
-38.9152
-18.7562
-34.2667
-34.0558
-26.6187
-23.1617
-21.6046
-28.6146
-40.0392
-19.3787
-26.3511
-28.002
-28.0408
-16.0492
-27.7597
-34.1594
-23.579
