122.339
119.726
125.786
129.988
126.403
116.174
117.659
114.98
112.786
118.662
122.853
117.559
102.12
106.539
106.734
118.203
109.799
114.691
106.127
111.371
113.593
119.204
117.104
122.446
115.765
126.856
129.043
125.341
123.056
124.043
125.905
125.028
121.579
122.649
120.157
115.194
116.163
118.66
116.924
119.64
115.749
127.545
113.024
116.517
115.76
123.517
109.914
113.168
110.508
127.441
124.882
119.559
115.369
123.888
116.362
111.638
122.427
129.795
118.785
115.706
115.459
115.085
113.431
114.626
120.765
126.177
123.81
130.852
117.452
123.715
128.128
124.021
125.448
120.086
116.139
111.31
112.019
113.714
109.739
114.328
114.48
111.453
110.645
110.208
116.146
107.93
114.338
111.186
111.434
112.485
109.754
112.653
110.456
114.705
114.489
111.278
113.987
118.081
112.426
112.839
123.233
115.752
117.189
115.644
119.567
121.973
119.919
113.377
122.164
118.513
117.708
119.852
123.058
119.753
112.428
108.466
106.782
113.798
111.568
110.982
109.566
108.922
103.356
100.827
96.1113
103.821
103.342
106.471
106.574
109.52
109.849
115.765
120.233
120.406
118.794
121.014
120.576
113.981
114.409
116.985
119.962
122.578
123.879
130.344
125.308
125.02
118.075
116.799
113.092
106.496
97.6777
115.771
117.674
107.946
115.842
105.839
111.26
107.11
112.765
96.8083
101.926
101.199
103.808
101.549
107.315
101.421
102.201
104.903
104.194
109.376
112.132
111.79
106.284
101.088
109.87
108.267
102.528
111.884
115.421
110.6
107.9
110.892
107.725
101.71
103.586
113.216
103.647
103.163
108.96
112.661
101.599
112.517
98.6113
108.553
105.049
111.855
106.706
111.99
107.977
111.076
108.701
110.93
103.701
100.733
106.546
98.0067
108.257
109.107
107.033
119.442
114.203
99.6356
90.2844
110.395
97.8068
120.541
111.145
107.667
108.018
102
108.362
111.118
99.5223
99.6011
108.63
109.55
94.1548
97.4016
116.037
111.76
108.731
113.844
111.838
107.451
110.11
106.847
115.687
104.644
103.101
108.415
122.174
121.803
121.879
130.052
116.877
119.213
118.405
119.234
116.662
118.946
117.879
114.981
108.31
107.41
108.571
112.485
104.143
114.548
107.139
110.644
112
116.422
118.692
115.738
114.103
126.426
126.995
122.033
121.694
121.196
131.16
126.836
120.795
122.572
124.736
111.944
115.838
114.1
117.831
120.358
113.79
126.728
114.897
115.321
120.714
116.42
107.802
116.016
111.944
125.976
117.684
121.706
120.83
115.216
114.434
114.385
125.071
120.592
123.056
117.005
115.421
114.504
115.247
116.614
118.643
122.107
120.275
120.43
119.855
126.084
125.721
126.064
123.863
122.464
119.625
114.96
110.665
117.404
115.283
116.205
116.326
109.796
109.54
112.429
114.736
109.103
114.857
111.841
109.533
110.456
110.175
110.525
109.174
112.616
113.14
110.013
109.807
113.525
111.114
108.379
118.361
109.609
114.169
114.161
114.907
118.984
110.928
117.303
119.663
118.187
116.349
117.865
121.515
115.831
110.366
109.917
108.215
112.213
113.553
112.814
113.075
108.74
109.044
104.669
102.798
106.984
99.9753
111.148
108.718
110.835
112.322
116.865
117.27
122.94
113.401
118.822
119.219
109.669
113.2
114.746
120.192
120.591
118.86
121.965
130.145
123.333
112.894
112.73
107.703
107.971
94.896
115.642
112.338
105.149
117.32
103.321
113.282
109.159
110.092
97.5078
96.1892
97.0971
101.009
110.147
105.872
99.9428
110.03
100.888
103.878
109.971
114.972
114.448
106.003
101.523
104.967
104.279
105.59
108.679
117.463
114.347
106.324
106.554
105.877
97.6767
105.737
108.889
99.1235
109.408
110.404
102.042
114.596
115.479
97.2815
101.596
105.538
115.74
113.438
105.789
112.424
117.387
108.488
110.968
104.974
105.608
109.117
107.291
100.544
107.209
110.367
118.226
104.453
99.5712
92.1974
110.64
105.259
120.467
106.832
107.874
111.951
105.642
107.461
116.185
100.68
97.3914
110.698
105.915
96.0225
107.811
116.256
112.184
110.656
111.285
112.17
106.226
117.84
106.757
116.951
95.7798
103.463
112.802
123.013
128.77
121.812
132.084
112.549
115.432
116.663
117.726
117.575
119.032
115.6
110.652
106.775
106.562
110.703
111.562
103.919
109.956
105.522
118.069
107.298
121.898
121.201
114.904
119.239
128.325
122.247
120.675
121.804
121.159
126.715
125.416
123.265
120.725
120.237
111.949
116.829
115.042
116.386
120.771
112.045
120.005
109.839
116.717
126.19
113.226
105.064
115.591
119.24
129.886
111.697
123.56
119.929
113.3
111.206
119.081
124.275
117.473
