-50.8772
-50.0242
-48.6777
-49.045
-47.147
-45.4931
-45.3061
-47.4991
-52.7837
-56.4984
-59.264
-52.1734
-49.9814
-29.3051
-29.335
-30.4292
-27.8756
-28.2236
-24.6617
-25.4998
-36.6442
-42.873
-40.4257
-47.9076
-38.3916
-46.0896
-51.0311
-44.5658
-44.5309
-37.1713
-44.0186
-41.5996
-50.4329
-47.8152
-60.8328
-61.1739
-59.347
-49.8167
-54.6826
-47.2154
-38.8335
-39.2985
-46.8867
-48.1429
-43.7556
-48.818
-49.4179
-49.1818
-39.5706
-41.587
-43.0372
-44.2193
-42.344
-43.1696
-39.7345
-41.655
-46.1019
-41.6536
-46.771
-42.8749
-41.0345
-43.4377
-36.5165
-45.4554
-41.6412
-48.4263
-52.8052
-62.1527
-49.3442
-48.9826
-40.1053
-40.1311
-35.6146
-42.5629
-39.611
-41.0639
-44.7809
-45.2456
-44.5047
-48.63
-44.2181
-42.5438
-45.3905
-48.328
-45.4375
-49.919
-45.9504
-46.6195
-35.8618
-45.1579
-51.3496
-52.5131
-46.5263
-53.2023
-47.1075
-42.9
-41.7977
-36.6578
-46.219
-51.7082
-45.5087
-49.6564
-50.3463
-51.2374
-47.4726
-55.5099
-52.6131
-50.7068
-49.7859
-51.3219
-56.6309
-59.5487
-53.8498
-62.2196
-58.2656
-60.8271
-64.9614
-51.3961
-50.6309
-54.1556
-52.1031
-44.1208
-50.4773
-43.92
-44.0998
-37.71
-40.8579
-50.8883
-55.3219
-57.1695
-58.5434
-62.4501
-60.3041
-59.5662
-72.7499
-73.1384
-78.8886
-80.631
-64.7178
-61.2739
-65.4849
-62.6819
-63.2687
-52.9644
-40.8267
-33.7072
-52.5209
-34.2484
-42.8746
-40.9454
-39.1462
-38.5936
-31.6103
-31.6809
-32.0255
-34.2882
-41.656
-39.6424
-39.389
-38.7109
-41.486
-41.2274
-42.3258
-42.5776
-45.7337
-48.7286
-45.4809
-48.438
-46.2908
-47.2391
-45.7011
-38.6135
-36.1693
-39.4202
-38.8999
-35.7214
-27.2145
-35.9168
-35.2262
-40.0726
-41.8485
-38.0728
-39.7877
-42.6917
-44.411
-42.5559
-39.9096
-41.2256
-41.1428
-45.161
-45.7143
-48.3487
-44.0705
-46.8532
-50.2984
-49.9718
-51.3089
-45.3228
-59.1482
-67.3487
-66.2246
-68.2445
-62.8619
-68.5399
-61.8011
-71.0025
-71.7691
-72.6803
-47.232
-54.2387
-42.2255
-44.991
-36.857
-32.0404
-35.4346
-37.1166
-32.5587
-34.4928
-39.2168
-37.1759
-38.9616
-36.8629
-35.3518
-33.804
-38.4776
-37.2027
-36.3298
-30.3336
-35.1907
-31.5698
-36.6232
-30.4125
-42.5442
-39.8981
-52.4864
-53.4506
-56.4462
-52.5583
-45.418
-39.593
-30.8587
-41.1977
-42.7744
-42.5205
-46.9904
-53.2045
-50.9542
-50.3607
-54.5069
-51.9958
-52.571
-55.5142
-54.2623
-52.264
-51.6285
-51.2898
-46.5858
-45.6841
-39.496
-44.127
-43.5632
-47.1175
-55.5979
-47.7777
-50.8936
-48.4802
-54.8558
-45.5156
-46.4941
-45.8129
-48.2645
-47.9242
-53.2087
-53.0598
-43.7323
-45.0597
-43.125
-44.8328
-50.4409
-46.2035
-53.3807
-62.8598
-57.9962
-61.9377
-60.4927
-62.2277
-62.0246
-65.6247
-56.4907
-54.5209
-69.7355
-67.2964
-62.9061
-59.0105
-61.3453
-57.178
-60.5847
-58.5955
-54.6882
-64.7335
-58.0293
-51.6332
-54.1112
-47.6797
-50.6383
-59.6092
-46.8753
-58.622
-43.6954
-50.0131
-54.3384
-48.6229
-59.9543
-49.5237
-49.9363
-58.3549
-49.8627
-57.3597
-54.1147
-51.8872
-49.6253
-49.3357
-49.0816
-43.911
-38.9565
-37.03
-34.6453
-41.9145
-38.6888
-37.9266
-44.9428
-39.8377
-47.157
-44.4678
-44.7797
-45.8867
-56.6353
-43.5002
-40.6906
-51.076
-44.7134
-46.1954
-42.9978
-38.7698
-48.2238
-34.7272
-30.9555
-42.6533
-31.0873
-38.4922
-45.3582
-48.7132
-51.31
-49.4927
-55.1169
-57.2628
-51.1948
-53.5751
-58.9329
-50.379
-55.4129
-54.1514
-50.5859
-49.8628
-50.009
-57.1081
-53.051
-48.8618
-49.6264
-49.7961
-42.719
-36.3602
-33.5303
-35.9334
-41.1776
-30.749
-39.5458
-28.6523
-27.6033
-37.6509
-38.7284
-46.2378
-53.5298
-48.6747
-49.2079
-43.8255
-47.5003
-41.2379
-40.8899
-49.1222
-52.1668
-50.3552
-50.7618
-49.7014
-45.6572
-42.8519
-44.9233
-41.6774
-42.8319
-45.3691
-41.6291
-47.626
-48.4093
-72.3262
-65.8996
-44.3038
-49.2564
-36.0814
-51.7458
-55.6521
-50.9848
-47.0307
-48.1316
-50.2123
-57.5362
-55.6387
-61.4604
-55.9479
-51.045
-48.007
-46.3731
-48.5492
-51.0962
-57.0087
-51.5277
-45.8704
-44.0944
-47.7079
-52.4988
-53.077
-52.6585
-50.5271
-51.7363
-53.4414
-47.6309
-49.0049
-49.4877
-49.9142
-47.4777
-48.3672
-52.5123
-58.202
-56.8623
-57.5042
-62.0482
-60.1966
-58.3206
-56.7802
-55.9036
-57.6096
-57.5843
-60.6755
-57.5371
-53.3315
-57.1403
-55.3657
-53.9559
-53.0522
-57.9264
-54.9118
-58.2583
-56.7273
-60.968
-53.05
-50.7159
-56.8937
-49.9632
-51.7909
-49.4033
-48.6118
-48.5235
-41.9782
-43.4077
-44.9925
-42.9637
-51.4582
-58.0762
-58.4374
-49.7829
-41.5131
-48.1804
-49.1141
-48.3156
-43.9441
-46.5554
-48.7417
-49.3536
-47.8329
-53.3066
-48.8338
-42.7079
-33.4259
-33.6793
-37.8401
-43.9955
-42.136
-42.2912
-42.0671
-43.481
-39.1558
-40.5136
-48.0223
-44.2165
-32.3558
-39.0254
-51.4043
-53.096
-49.045
-51.1264
-52.6039
-52.7938
-53.9711
-55.0435
-54.598
-56.2865
-54.5477
-59.4522
-60.749
-56.3088
-56.8722
-60.2604
-59.689
-62.1717
-59.1686
-61.2114
-60.9041
-59.0018
-60.1223
-58.3714
-64.3834
-64.9184
-62.0119
-61.0839
-65.6183
-64.1939
-62.8335
-66.7398
-62.0292
