98.977
91.9701
96.8066
101.585
99.4084
96.9109
98.9276
88.949
85.3613
89.6069
79.2523
89.4633
83.4691
82.8924
81.3673
86.9622
99.2625
101.524
99.3621
85.7636
90.2101
95.1423
88.4528
93.9381
93.8098
94.2015
91.9264
91.1697
95.496
93.1668
94.081
96.9814
98.551
96.432
102.739
100.646
96.1723
101.013
97.9122
110.787
107.442
108.779
96.0981
89.9144
83.5427
99.5921
103.318
92.8802
100.6
102.888
100.709
99.0478
103.082
94.9763
100.311
97.4753
91.5092
96.2111
99.8612
96.8765
102.565
98.0332
99.2331
100.837
102.279
106.56
105.234
95.5174
108.293
108.892
108.294
103.619
107.836
94.1202
103.09
105.837
103.171
103.22
99.6312
104.382
104.278
108.744
105.733
102.091
101.117
105.351
99.5007
104.783
103.728
102.054
106.333
103.462
102.95
109.299
103.506
103.278
108.085
105.602
111.573
114.007
102.746
108.368
102.642
103.59
102.494
100.535
108.303
97.2097
105.012
102.896
100.478
97.7286
100.549
94.9507
101.06
102.478
106.375
106.584
107.324
108.797
100.768
97.1286
98.1034
101.157
96.9237
95.1102
98.6307
97.3286
93.7061
94.7907
96.1703
93.5345
90.9352
95.1697
95.8941
96.1984
92.6217
97.4396
96.0771
93.6088
89.684
92.931
95.0488
102.588
94.5581
84.0396
87.3583
88.6316
88.5908
81.3788
90.0647
97.0921
96.2516
103.539
102.987
101.053
92.021
84.3361
94.0591
97.017
88.2809
91.4377
78.6568
80.0231
95.6151
90.8106
85.4652
97.4519
93.0452
97.7943
88.3376
91.2319
83.9741
87.5633
90.2536
100.243
95.9903
98.0709
90.6897
91.8766
99.3372
85.482
89.2404
88.1535
89.4564
91.9301
90.531
93.4037
90.8035
90.5512
88.8515
93.7811
90.3531
85.8521
89.2933
90.5573
94.1431
98.9549
80.6486
95.0846
86.9976
104.643
98.2067
89.9139
104.221
87.545
90.6691
93.247
97.7351
91.4984
94.2891
87.9763
85.0013
