84.9476
91.4641
96.6759
93.5381
87.9269
97.6025
98.9995
88.7573
90.3842
81.2834
87.4016
88.5882
97.6498
87.3204
92.1844
73.3
83.744
82.4002
80.0923
89.0297
96.8547
103.267
87.1839
85.0287
89.0881
93.1985
99.124
93.9533
94.3636
83.461
77.9472
82.8248
81.1906
89.3254
72.4058
79.288
88.4156
89.6397
90.2904
81.7618
91.6869
92.8519
103.547
102.452
86.3076
93.3097
99.8023
104.699
92.1386
89.2325
95.2817
87.0424
99.6548
87.4322
99.4789
98.1727
79.3223
78.845
91.8642
91.2986
96.7779
94.655
98.6109
90.8951
93.033
91.6917
91.2496
95.4895
88.4882
97.0929
94.4139
95.5845
91.5592
96.3411
96.7195
97.3918
98.7688
96.0261
97.545
90.2862
92.4867
93.7041
97.6752
95.4226
92.5284
96.0195
96.7386
90.7864
97.3325
89.6235
98.6
93.4694
95.176
100.272
93.024
87.7626
91.7291
87.3008
93.3914
86.7418
93.8098
90.1256
92.9933
90.8656
90.8454
90.9377
90.4507
100.368
98.5984
101.634
112.966
103.336
96.745
103.583
99.8064
100.123
97.5047
91.7811
90.197
89.0835
85.3562
82.427
94.4429
89.536
84.2509
78.3535
83.0764
86.8485
82.9778
82.1464
85.0043
87.9526
86.7259
87.7122
87.5887
82.559
88.2747
86.4034
86.0815
88.2693
88.4224
80.2229
84.2076
80.9356
93.5062
85.3438
90.8208
83.362
87.59
94.1142
95.3226
85.385
87.0353
90.2388
91.5025
81.9002
91.5993
90.6994
86.8104
92.1184
91.339
84.9932
86.4887
87.0277
84.1268
92.8797
85.9241
84.2967
84.1269
98.7998
92.0378
90.6516
86.8105
95.3758
86.7364
84.1212
90.475
93.1029
97.4946
81.5732
91.7707
83.7436
91.7682
92.7864
82.226
91.2012
84.1857
88.3224
88.2323
87.8736
86.4423
79.0463
90.0132
91.0377
92.8524
84.4756
81.4314
79.4727
85.7715
80.679
82.0208
84.4123
84.6034
83.1094
91.0577
78.7169
83.9691
87.0086
92.6996
94.3669
92.5267
83.8575
81.0957
89.2943
88.8802
85.1818
94.7622
93.9926
86.4698
81.0839
81.3483
87.6902
88.7599
85.916
90.3813
90.5493
82.3318
77.7907
79.9402
88.6283
76.3986
81.05
84.8169
101.365
86.6947
84.2509
85.4686
88.5903
95.5022
87.0918
81.4773
92.9374
99.3104
87.3086
93.1716
94.0746
97.6564
90.8031
90.4285
88.4497
86.2129
87.4403
93.2402
92.6632
84.3893
84.4873
85.754
85.6436
85.0258
85.9999
99.394
95.6767
82.1151
87.8184
89.7811
94.8254
99.0684
95.7821
94.0459
86.6719
79.6779
84.8599
82.0846
88.4795
77.7625
78.7461
85.81
85.3149
83.2937
85.7722
95.5189
95.0002
100.512
100.326
95.7607
95.7127
93.4478
101.92
95.7177
86.7741
88.3015
84.6871
92.9595
88.4755
99.2989
94.8976
84.9495
83.1359
89.4621
91.8988
91.4957
94.2517
99.5608
97.0971
95.6916
96.2088
93.1434
95.1186
88.4236
91.5425
92.3371
97.1055
93.8225
102.259
94.0828
99.2584
102.8
94.8763
100.558
91.0143
96.3063
95.2463
96.8682
96.0572
92.8589
97.1432
99.5595
92.636
97.4582
91.8316
97.8076
93.4027
96.7353
101.652
93.1211
89.0923
92.8541
92.1261
92.9043
88.0375
98.1014
90.9245
96.0305
93.6336
95.9211
94.9796
95.3082
102.416
100.549
106.912
112.349
100.927
98.9675
105.897
98.5183
97.8861
95.9504
95.2525
91.991
96.7664
87.3961
87.4408
92.9409
88.7068
88.0985
82.1101
79.7618
83.5831
84.7973
83.8647
86.885
89.7878
85.2079
90.5266
86.0131
85.5833
90.62
86.9145
85.4836
87.9143
90.638
81.6111
82.4843
89.6069
91.0074
88.0422
91.2748
80.5054
80.2423
97.2342
97.4584
91.8417
89.0593
87.31
81.0681
84.9978
86.0387
92.4169
85.5069
92.332
89.4753
80.2363
85.138
87.8968
91.3632
91.0386
90.2581
84.5968
90.642
97.1496
95.4332
88.1963
93.2599
91.8195
83.0652
82.4069
80.7355
94.2464
90.7117
79.6857
92.9266
88.6948
90.7899
94.4858
85.5368
91.0107
79.297
78.2898
87.2525
91.506
90.1403
72.3214
85.3093
91.1494
91.2247
85.9913
75.2337
74.7185
90.1232
74.6744
83.4908
78.5657
80.8786
85.2603
85.0119
75.2747
92.3188
83.6088
90.7147
92.3925
97.7421
74.1902
91.3921
91.2726
90.0039
80.5664
96.2594
86.0165
92.936
94.9828
82.506
90.118
88.1653
86.3728
82.6896
88.7963
91.2723
82.7237
81.9957
81.7876
73.4478
80.8567
84.7676
95.2942
79.5262
83.0816
82.819
82.5915
97.2967
84.8455
87.8974
95.1943
99.3628
87.0759
94.2633
96.3793
93.8008
93.6726
88.7552
91.5823
88.3513
94.5767
85.2599
92.1435
79.7177
83.9762
84.9352
85.0386
87.7071
86.4313
100.471
91.9361
77.5054
82.0009
87.0349
91.7231
98.3247
94.209
89.7387
82.6058
81.0445
85.4209
86.719
86.2712
87.0785
84.4608
85.0598
86.6521
82.0576
90.8221
94.6588
95.347
92.7918
96.4395
91.6811
99.1753
92.0912
95.3002
99.6787
85.144
81.4876
88.4834
86.7944
89.7599
97.7881
90.6331
89.3947
90.5728
95.0031
93.7684
90.9553
91.6526
94.646
96.9733
95.5579
97.0155
99.7965
93.9669
94.3851
89.4262
95.2318
98.2892
93.7984
105.623
97.4712
101.04
104.957
92.742
103.652
95.6928
98.4707
99.2259
97.6406
94.3863
94.2432
96.5112
100.038
94.6068
95.2391
91.5055
94.5842
92.6171
96.3808
96.7048
90.3441
91.7005
90.7833
94.7043
90.7984
89.8344
99.7053
90.2076
95.0309
94.039
99.2031
95.9177
99.096
101.219
101.243
108.26
111.085
101.866
104.505
105.006
99.2847
97.2537
94.997
95.1411
89.8016
95.5734
86.0454
87.2132
92.0884
87.5819
85.0717
79.9246
86.6685
75.4187
84.0497
83.5961
87.5407
90.2619
87.6553
90.8632
81.6338
80.361
88.8397
83.4251
84.1876
83.0804
88.4898
84.1143
80.2282
92.7385
87.1178
88.6021
91.2204
87.3404
78.5508
102.054
94.6436
94.7844
93.7866
93.9362
71.7357
87.9951
85.975
88.4254
90.0893
92.3644
89.0605
78.7813
85.3314
84.9145
94.6264
82.8678
88.1235
88.5423
103.483
95.5943
105.895
87.8797
97.0469
89.0447
83.0535
82.8711
85.0217
92.026
89.5622
88.702
101.068
88.6148
87.9178
92.5055
88.5836
86.9477
86.2743
85.2517
85.3422
91.5854
85.0584
78.8741
87.3166
89.3047
88.3308
86.5829
84.2535
75.3528
92.2006
77.4905
82.311
82.7772
88.1497
94.8269
79.7525
70.9263
89.3801
87.4701
84.8338
84.7642
89.0713
72.2884
88.6822
91.8956
83.5022
82.7307
94.1861
81.2207
82.0737
95.477
87.9591
89.3879
83.2212
86.6478
80.5539
83.1508
93.0631
82.4976
80.9083
77.1094
78.7893
80.5703
86.1973
90.4743
82.6238
88.2157
81.2229
84.4924
95.902
82.5148
92.2803
95.3816
98.1902
86.8969
100.001
98.4345
92.5024
94.0057
80.7106
85.4497
89.2806
101.474
84.6876
90.8933
73.7437
81.2431
83.595
80.8677
95.0201
93.0661
102.025
87.5753
85.3132
86.0955
86.2863
96.6558
91.9166
90.6681
86.3508
78.844
82.3077
83.4069
86.826
74.8396
83.6674
87.7231
91.4759
88.8496
82.1132
92.3537
94.8152
102.262
98.2101
88.2694
89.0196
100.235
95.3652
93.0652
98.9288
89.0995
82.7481
93.3
84.5262
95.0653
98.0732
86.8045
83.9388
97.1809
97.7002
92.6927
92.393
93.236
90.4051
94.1936
94.0518
94.5247
102.769
94.0937
100.015
92.409
94.8227
92.8464
95.8323
98.6558
99.2014
101.784
103.356
95.8605
96.8312
92.8159
96.1418
99.7155
96.308
93.1061
94.2644
94.146
91.5023
93.5601
87.2265
92.4878
90.2718
90.7356
93.5051
90.2463
88.2288
90.3282
83.3539
93.9201
86.1497
91.8663
93.4888
88.3144
92.2249
91.2986
95.2312
95.7001
102.125
100.358
101.498
106.686
109.659
99.8105
112.922
101.375
101.918
96.4974
93.5492
92.4931
87.4364
91.3203
84.0105
90.0555
89.1385
85.1896
81.9756
80.0955
87.3664
76.7478
81.3023
81.9253
82.7016
88.5299
87.089
90.6674
80.1644
81.9276
89.6778
82.3443
83.1697
80.2649
84.5216
85.9845
77.2573
90.4766
83.4594
89.9538
83.2387
89.8214
84.756
98.5193
87.5629
89.2846
95.7619
94.0254
74.9028
90.8371
86.386
86.1798
89.4361
89.6257
85.6228
80.3382
85.0784
77.76
92.0063
86.6872
86.1881
87.7659
100.773
93.6393
104.453
83.2448
99.3365
85.5613
84.8512
87.4433
90.0599
93.0073
85.8917
89.5068
92.4554
90.759
87.4661
84.3095
88.7821
89.8433
94.3006
87.4946
81.0674
90.2555
88.0186
88.8709
91.2279
94.4771
88.1448
81.6299
88.151
76.169
88.2353
77.6317
89.3279
85.5149
79.3524
89.1936
81.7159
76.903
92.4746
88.6048
89.8625
78.8271
85.1366
72.1375
85.3303
84.902
84.0678
92.536
96.3297
83.4119
81.0112
87.3729
90.1511
89.6403
82.4723
90.8004
88.514
79.2914
82.2116
74.8318
83.1366
75.9255
80.816
82.9647
88.0181
93.4052
88.7076
90.7121
84.2366
89.8602
91.3378
80.7572
91.4641
96.6759
93.5381
87.9269
97.6025
98.9995
88.7573
90.3842
81.2834
87.4016
88.5882
97.6498
87.546
