-57.4183
-28.7114
-33.8177
-34.5709
-31.7378
-23.294
-45.045
-17.8196
-20.6969
-12.0297
-11.5574
-19.3149
-28.7549
-8.17151
-24.3666
-4.72192
0.470776
-9.28424
-2.35949
-4.04687
-28.5679
-43.205
-28.2858
-33.6498
-34.9733
-32.051
-32.3081
-42.7216
-24.0059
-16.0848
-22.183
-23.4366
-40.0624
-46.0773
-43.0448
-43.3164
-45.5697
-33.8258
-41.7637
-35.1421
-34.6097
-36.5748
-35.6286
-41.5122
-34.4189
-36.6246
-37.5756
-36.6368
-37.8003
-43.331
-40.6948
-38.4253
-32.9817
-37.0743
-49.6868
-37.4155
-44.6167
-47.5277
-53.0489
-44.2456
-49.5048
-41.0721
-43.6572
-45.0933
-41.2093
-45.4549
-42.6382
-52.6314
-45.913
-47.0832
-44.3752
-41.6629
-49.7414
-52.9327
-48.0776
-42.1896
-49.3758
-46.7327
-49.4008
-48.8544
-40.2752
-44.6171
-35.5862
-45.1412
-15.5537
-22.0539
-31.8297
-41.029
-3.7392
-22.2491
-43.5557
-24.0268
-47.3953
-23.3828
21.477
25.7211
15.2399
12.7153
7.15339
15.9377
15.4642
17.4746
16.6347
5.97418
5.73754
9.16555
5.93157
5.14278
4.37634
15.5943
6.39301
3.60928
-1.18246
2.6955
9.58341
3.05436
3.96448
0.645924
0.119782
4.12135
0.640639
2.17298
3.37573
2.94353
-0.439478
0.494443
-1.91304
3.77877
-3.56409
-1.31772
-22.3172
-28.4015
-44.6239
-66.6441
-46.4249
-43.7329
-58.5413
-53.5491
-50.1094
-19.9213
-17.2814
-9.97591
-0.744756
-19.1361
-14.6605
-22.2141
-15.8935
-27.1344
-33.5627
-41.048
-48.4108
-41.0917
-27.6645
-19.1712
-11.4881
-13.8769
-22.6277
-9.3681
-11.8458
-8.63892
-10.8591
-10.5436
-11.0505
-6.91713
-8.31505
-15.37
-13.7887
-19.3805
-17.9385
-13.93
-11.0169
-7.04866
-14.4645
-8.92285
-9.93447
-15.9134
-10.6365
-13.9127
-5.28314
1.16764
-0.854394
-1.37432
-3.9992
-4.08584
0.11489
-1.12763
-1.82844
9.62792
-2.24154
-8.60082
5.52114
-7.10362
-3.6816
-11.9093
-7.66996
-10.4881
-8.58929
-11.6881
-6.04086
6.04694
-6.42866
-0.728064
-3.42922
-10.41
-15.1987
3.81435
-7.98424
-13.2871
-7.2694
-15.2815
-10.4925
-9.37802
-9.56122
-13.7212
-13.141
-19.5145
-8.76252
-12.1946
-11.955
-4.93833
-14.9998
-4.51079
-10.1757
-9.59085
-4.6447
-1.45144
-13.4244
-7.00085
-22.4376
-22.2691
-12.6845
-0.173579
-8.25984
-19.2479
-14.1129
7.90404
-4.01146
2.29737
-3.25052
0.601872
5.64538
4.90099
4.66973
7.84777
3.73755
-1.03567
-6.6607
-11.9671
3.36318
11.9012
3.41001
2.24689
-0.799761
-3.03451
-0.682134
-1.67537
3.81527
11.3032
-0.237653
3.03074
-0.674747
-16.6293
-14.1919
-27.179
-54.5519
-32.964
-44.1235
-11.3007
-25.024
-14.1386
-11.1612
-19.0272
-16.7044
-18.7074
-11.1126
-5.45449
-6.34405
-11.3597
-13.6042
-11.4966
-12.6998
-13.3687
-12.9114
-17.5461
-16.8506
-21.5541
-18.4343
-14.8289
-11.4504
-17.9636
-13.4374
-8.60767
-12.1261
-7.20352
-7.41808
-13.5535
-7.17464
-10.4996
-9.74128
-11.9939
-6.75385
-5.04732
-8.23658
-2.43771
-2.47573
-8.43495
-5.86574
-0.875631
-4.75767
-7.16683
-8.0278
-6.98656
-4.44812
-9.58036
-11.4731
-9.05202
-5.29286
-2.80771
-5.47976
-4.70307
-0.720849
-9.23933
-9.59665
-14.036
-2.83424
-10.7016
-5.33706
-7.10834
-2.91302
-8.41113
-7.6613
-10.8616
-13.5247
-17.4334
-23.3324
-16.8084
-17.5417
-17.9798
-21.5927
-23.2432
-22.8639
-23.8411
-27.3299
-20.145
-8.41244
-18.237
-48.9862
-37.2707
-48.9258
-46.2023
-39.1654
-44.7645
-45.7048
-40.7765
-43.0421
-35.795
-35.629
-23.3761
-47.876
-46.3997
-37.1001
-26.3536
-31.2672
-35.9235
-50.2223
-33.3263
-31.3377
-33.0671
-44.5989
-49.9889
-53.0078
-65.8347
-37.8838
-27.5277
-28.6524
-34.5449
-28.8548
-37.7703
-26.7791
-35.073
-41.6363
-58.1315
-52.4986
-39.9757
-47.7232
-25.9961
-43.278
-36.157
-29.0187
-35.8819
-25.0957
-22.3934
-19.8558
-14.7146
-17.7929
-24.6308
-27.548
-23.1051
-19.7385
-20.8106
-8.30507
-19.9935
-19.7596
-20.9618
-15.2399
-22.871
-22.8147
-26.3465
-23.5646
-20.3637
-26.7525
-26.4481
-34.2628
-32.4675
-36.0455
-30.2373
-56.5161
-65.2934
-56.2765
-49.5204
-42.3132
-36.3826
-29.4287
-28.4471
-17.8701
-33.5762
-35.2254
-27.821
-29.0104
-44.2856
-44.2237
-26.2052
-32.3445
-29.4209
-38.1275
-34.0319
-28.4485
-34.3092
-53.1955
-69.5152
-77.5729
-49.2965
-39.0841
-44.7668
-39.9574
-33.8141
-27.2864
-28.9205
-18.7517
-24.2166
-10.5841
-12.0009
-15.9421
-19.4839
-22.6717
-25.0665
-20.7811
-13.9614
-2.74425
-1.4913
-4.33185
-5.88197
-0.0451791
-8.13873
-4.77529
-7.72647
-4.30977
0.669027
-3.08185
-1.42238
7.44557
3.609
6.83598
1.31363
9.69059
-0.51867
1.4013
-4.0938
-19.7425
-33.9955
-35.8957
-34.0727
-34.2812
-41.3998
-51.2909
-43.8574
-47.3661
-38.2295
