-198.085
-187.865
-174.842
-178.577
-175.583
-182.873
-175.507
-183.373
-171.115
-175.931
-162.738
-147.596
-156.349
-146.633
-141.944
-144.337
-150.265
-153.928
-131.882
-135.462
-241.466
-233.204
-187.161
-197.045
-179.954
-187.761
-214.213
-215.292
-204.53
-209.217
-195.243
-202.224
-200.649
-205.858
-211.936
-212.997
-208.341
-206.648
-178.654
-169.032
-166.599
-162.059
-171.029
-164.585
-155.792
-176.05
-171.252
-148.237
-144.887
-134.856
-154.425
-145.144
-140.787
-130.46
-125.547
-174.821
-183.184
-174.993
-197.616
-205.162
-194.298
-187.571
-184.264
-195.493
-173.869
-173.485
-174.699
-174.134
-187.168
-166.097
-183.831
-180.975
-175.922
-182.852
-177.87
-184.769
-163.912
-182.337
-185.261
-175.102
-169.254
-177
-182.144
-177.754
-183.548
-187.778
-184.836
-176.087
-189.715
-187.881
-195.934
-194.391
-197.561
-188.656
-190.858
-198.838
-184.926
-195.743
-201.139
-202.095
-200.986
-200.136
-200.418
-185.072
-182.465
-211.678
-209.373
-188.178
-172.672
-158.357
-164.51
-161.771
-177.965
-212.764
-200.551
-201.589
-198.058
-201.656
-210.784
-209.877
-206.133
-208.233
-202.049
-212.471
-224.298
-222.283
-221.356
-221.301
-211.461
-218.175
-225.242
-231.108
-210.379
-195.342
-198.129
-191.411
-195.975
-202.481
-204.186
-198.118
-198.61
-177.536
-170.303
-167.466
-191.235
-183.033
-158.609
-173.736
-172.16
-178.711
-173.32
-165.9
-153.932
-150.939
-150.284
-153.652
-153.089
-139.075
-147.126
-147.328
-153.946
-159.609
-153.549
-138.125
-143.31
-143.059
-143.902
-145.479
-135.914
-148.997
-133.978
-136.24
-143
-144.279
-140.485
-141.532
-131.142
-140.083
-135.564
-154.462
-132.4
-137.341
-134.26
-130.132
-137.774
-120.811
-136.447
-137.355
-129.418
-137.055
-140.033
-138.04
-138.526
-146.839
-139.881
-150.089
-141.022
-151.043
-150.679
-139.965
-140.927
-135.608
-147.418
-147.296
-134.944
-145.8
-141.99
-136.971
-147.52
-138.583
-138.224
-131.693
-134.303
-144.447
-138.956
-144.253
-137.334
-144.204
-136.336
-138.321
-137.534
-135.499
-138.088
-126.178
-129.818
-147.306
-149.16
-135.57
-141.485
-142.636
-157.749
-148.382
-134.064
-152.388
-140.147
-134.601
-145.593
-134.397
-134.761
-143.879
-189.487
-182.714
-176.222
-185.143
-185.764
-181.902
-177.794
-177.198
-168.393
-167.657
-164.542
-148.706
-156.986
-140.674
-144.887
-141.873
-142.508
-151.512
-134.425
-138.404
-240.374
-219.153
-187.193
-195.452
-174.896
-186.533
-219.859
-210.953
-212.363
-205.465
-189.818
-197.659
-202.786
-204.798
-207.538
-211.233
-211.664
-201.048
-172.457
-167.841
-166.635
-153.39
-175.608
-161.179
-164.073
-180.092
-161.364
-150.656
-139.282
-135.346
-152.408
-142.272
-136.089
-127.041
-134.762
-181.069
-177.254
-189.006
-191.167
-198.722
-189.134
-179.582
-195.667
-191.91
-180.326
-171.398
-176.672
-179.306
-184.167
-159.267
-185.101
-181.289
-170.412
-174.503
-174.18
-169.574
-173.923
-176.613
-179.949
-169.968
-178.334
-184.347
-191.202
-177.584
-191.265
-192.265
-184.77
-181.892
-194.487
-190.042
-199.074
-196.88
-200.929
-189.923
-192.691
-205.193
-189.321
-199.874
-203.005
-204.853
-201.902
-202.47
-203.58
-189.316
-185.058
-216.89
-215.594
-187.082
-178.01
-162.87
-173.455
-168.872
-191.286
-219.891
-210.789
-207.924
-208.101
-217.744
-217.006
-211.879
-211.256
-202.906
-210.332
-219.922
-227.551
-230.926
-236.122
-226.551
-212.563
-226.676
-233.909
-229.792
-212.267
-198.693
-207.961
-193.222
-205.232
-204.79
-206.983
-201.013
-203.238
-170.854
-177.067
-163.496
-191.043
-170.961
-158.026
-175.115
-174.205
-174.917
-170.659
-164.235
-148.636
-149.58
-145.144
-155.503
-150.532
-139.81
-141.863
-158.896
-149.641
-159.159
-152.715
-142.487
-145.005
-143.636
-147.101
-140.576
-140.61
-142.557
-136.239
-128.357
-143.685
-139.237
-134.87
-142.141
-130.366
-134.167
-140.001
-147.162
-131.068
-139.44
-134.043
-130.803
-135.051
-117.819
-141.177
-140.889
-128.9
-136.846
-151.234
-134.308
-146.211
-146.741
-138.949
-147.429
-136.227
-145.953
-152.026
-133.961
-140.158
-135.26
-141.083
-152.902
-138.524
-144.796
-140.237
-142.949
-141.228
-135.96
-127.912
-137.409
-131.671
-143.595
-140.684
-142.186
-135.036
-146.81
-135.749
-142.008
-142.422
-132.2
-144.422
-124.228
-134.215
-150.576
-145.988
-138.257
-137.503
-147.469
-157.81
-145.533
-136.456
-147.68
-135.049
-136.599
-146.979
-135.957
-136.716
-179.909
-179.24
-169.308
-173.878
-183.2
-194.086
-185.03
-180.952
-171.597
-166.346
-157.708
-161.687
-146.807
-155.204
-140.696
-143.71
-142.742
-147.107
-141.621
-138.189
-186.452
-235.846
-199.579
-188.146
-194.806
-180.036
-190.878
-216.589
-204.16
-219.528
-206.039
-197.161
-194.946
-204.217
-210.273
-206.906
-203.995
-211.644
-194.794
-174.203
-165.436
-170.849
-157.278
-168.976
-159.659
-162.934
-181.493
-159.185
-150.581
-138.758
-138.765
-146.573
-147.403
-134.637
-120.781
-152.263
-187.022
-173.351
-195.29
