4.40864
-17.571
-13.7823
-21.5878
-7.13705
-11.3806
-13.0341
-8.90539
-2.11415
13.0724
8.90053
15.9397
8.95387
7.07282
14.1856
20.2533
12.925
-2.65947
7.39807
-4.50661
1.74772
3.08023
-3.40553
4.62939
-5.94604
-14.3266
-6.7789
1.53659
-8.55092
-10.5976
0.345683
-0.351083
-4.07386
-9.0867
-3.53673
-3.04091
-1.45566
5.81507
7.67076
-4.10943
-4.01049
3.5004
1.1001
-0.42645
-4.96495
6.01348
-10.5853
-7.24335
-8.70907
-13.1308
-0.85324
-8.51445
-5.79388
-12.414
-1.02749
-13.2901
-0.0287059
-9.17896
-7.71447
-6.4092
-6.29944
-15.8724
-7.12283
-9.82404
-10.1062
-5.45333
-6.86829
1.94821
-5.78823
-4.22854
7.44567
4.7718
12.6432
11.8847
9.42054
15.6757
7.79061
-0.0338302
-5.60632
0.564755
6.83233
10.3223
16.2322
17.9766
12.1248
11.1061
6.66985
1.58496
0.999069
-4.82459
-5.18025
-1.46733
-7.04431
-6.11704
-6.03611
-4.7808
-1.45648
-6.98209
-4.86005
-3.1814
-1.9369
-0.917086
0.268447
0.604367
-0.14723
-0.633371
6.13225
5.98079
2.78749
2.57043
4.38833
9.06963
-3.1627
3.17209
5.5048
0.438771
3.81851
4.13694
0.164366
2.19576
0.30872
-3.2263
3.97222
8.04464
10.3094
7.53867
10.6344
8.6193
3.84085
-2.65372
-6.75744
-13.2017
-19.0019
-19.061
-11.8205
-10.4702
-8.07966
-3.66871
-9.12707
-4.19668
-5.09185
-1.22881
-1.14953
-7.77784
-4.08288
-8.14718
-7.07477
-5.32365
-7.50123
-11.9973
-12.8604
-15.5082
-10.7826
-2.84792
-1.07311
4.99789
-9.68654
2.66668
3.48066
8.59303
12.7716
18.7405
12.8765
13.7494
10.3183
15.595
10.4329
18.4458
15.9559
16.0618
15.0159
-0.212643
5.03137
9.37457
10.8307
13.6761
9.5929
11.7256
10.2887
19.3814
16.9915
18.5139
19.9456
19.9553
17.009
18.0978
19.336
18.1569
16.2534
16.8688
17.5928
12.2402
14.6367
15.7365
13.9166
15.2635
12.1245
6.705
-0.698569
3.93431
13.1777
16.5668
14.8935
12.8286
14.7927
12.4136
7.30539
6.71566
6.73322
8.95745
6.92486
13.7458
17.8164
10.9708
20.1769
16.2852
25.1795
19.7656
11.8694
8.39557
-3.64718
-7.08355
-6.41615
-15.0157
-10.5899
-16.0528
-11.4881
-13.2079
-13.7672
-25.6745
-25.2762
-20.036
-7.81559
-9.14057
-4.34708
0.125322
20.1146
21.332
19.435
16.6304
18.7596
13.1403
12.2564
20.9948
19.5071
18.578
15.4255
5.34018
6.8217
9.13992
11.0203
24.6681
22.4197
21.3664
18.7613
18.1316
23.6422
20.0023
19.6402
19.989
20.6993
20.1879
15.2899
15.0836
14.7414
17.9461
13.339
13.6997
12.1324
6.72865
9.23491
8.1838
8.55909
1.61251
1.86632
-4.17582
-0.902565
0.486352
5.17801
4.47527
4.78844
1.62129
19.6214
20.4746
15.8729
17.8575
3.16419
7.28278
-2.21261
-3.24259
-0.00687338
-3.74859
3.05344
-5.51187
-9.84107
-11.8279
-10.0857
-6.4442
-4.08827
-4.95926
3.20972
-2.56
-0.192107
2.49025
-0.536645
-1.48849
0.40533
1.34068
-6.97727
2.42582
0.965884
-7.47784
-1.59961
-1.02483
8.12253
-5.49633
-1.22182
-1.21578
-0.0732149
0.384453
0.600461
-0.249763
7.11618
5.99638
26.376
38.6511
41.4549
30.6491
18.3818
30.8666
35.1211
3.49514
5.96304
5.88843
-1.28497
-2.98892
-3.09024
-5.05619
-4.07913
-0.0675207
-3.69826
-0.139393
-7.94816
-8.92847
-7.59827
-7.56494
-9.84053
-7.13848
-11.794
-8.26874
-12.162
-10.0498
-2.9997
5.14613
4.97597
10.1013
6.19088
8.52622
11.0647
6.97434
7.99346
3.09339
-6.38856
-14.6135
2.56866
10.261
7.0017
-3.00538
9.49143
2.46413
2.31641
10.5341
13.5631
9.27267
4.38494
7.43621
8.16739
-1.54637
3.78401
3.42578
0.721945
7.89559
10.4594
1.95452
-5.25935
-0.376689
1.33923
4.27924
2.47463
-2.96227
-3.77264
-1.82984
-7.43106
-1.34818
-2.82048
-6.00744
-6.35051
-11.2628
-6.48874
-9.12415
-0.555949
-1.74981
-5.81851
-6.72849
-3.54531
-13.8088
-5.22834
-9.79777
-14.6941
-7.38474
-10.2168
-7.27247
-1.12124
-6.65116
-8.59354
-3.13657
-16.0869
-3.47828
-11.2643
-4.58113
-4.10262
-13.6168
-4.7558
3.79325
-6.38086
-3.51419
-0.340553
-6.08753
-7.46431
-8.92649
-3.43226
-7.5623
-7.15193
-11.6687
-10.7515
-8.7084
-9.03878
-4.48708
-4.50211
-8.66261
-7.54117
-6.9114
-5.73029
-6.81161
-3.21375
-2.95735
0.57837
3.90945
-7.19496
-4.69244
0.146395
-0.840965
1.39254
6.04318
-2.45153
8.28658
2.51669
2.84475
7.4348
8.93288
4.01966
6.26827
7.06294
3.50998
7.28416
8.04714
4.82151
1.7477
8.88095
1.23146
4.68441
3.05779
1.8882
9.18021
4.39919
-5.34339
0.395299
3.38587
0.971934
-16.9406
-0.327295
2.28738
4.66902
-2.20016
-0.729353
-7.10991
5.27021
-2.85986
7.1932
-2.25826
8.97883
-0.874536
1.01859
-1.98623
7.12839
4.69582
7.53391
7.55205
8.19788
9.61942
13.5208
9.16319
9.59923
12.0405
10.571
10.1171
10.6889
9.82725
12.8649
8.56659
9.31443
4.74249
9.09877
8.9095
10.0401
10.7309
7.69145
10.8865
6.06158
6.28945
7.44495
9.04749
6.96697
10.3772
19.6183
6.10195
10.6572
8.45406
8.99692
5.6423
7.01796
10.1522
14.3888
6.98549
9.71018
11.1771
5.8138
15.0462
11.5626
12.7993
8.12365
10.7096
15.7795
48.9289
55.1718
53.4917
49.355
41.5801
41.8503
45.8123
46.0957
47.7491
48.6387
16.7685
30.3511
22.0786
15.4908
17.5104
9.17719
7.06621
13.7714
19.9639
55.3479
51.3146
40.4558
41.348
58.0836
36.677
48.8721
49.9543
45.8295
49.4938
28.5929
8.20646
15.5662
19.3276
15.2323
13.8732
11.7028
16.6412
14.8595
10.6509
8.28377
7.136
6.69786
8.02487
15.2358
7.24777
6.49117
3.76223
2.2126
8.71546
3.0649
7.04712
2.32903
9.4328
10.3672
6.8803
5.66998
4.07138
3.69191
1.26641
-0.428535
-0.934997
-1.24161
8.89187
4.74943
-4.12831
14.9218
18.984
17.1581
18.906
21.2605
25.5608
20.048
7.76613
14.9078
9.36607
12.578
14.0771
7.67014
14.2857
11.6447
19.4435
14.1455
13.3937
17.2158
14.2266
17.3939
10.5213
31.6034
27.4588
31.076
16.3206
21.3038
27.0695
19.7137
22.3498
22.3683
32.7205
34.6928
21.9464
17.4982
6.7974
4.36462
9.17676
3.97025
6.11076
17.4597
12.7628
9.07804
8.08754
17.8035
16.569
10.0279
10.9988
15.0126
9.05997
9.6563
8.72226
6.76516
8.68194
13.1548
8.90869
8.14585
7.14571
2.28316
7.10968
10.2964
5.16889
3.99053
-1.36485
2.16685
4.81122
0.715881
5.41353
3.52261
1.20176
4.81883
5.78709
7.04576
4.80485
2.03396
7.49033
3.53915
4.93648
2.31808
2.71707
-3.51304
0.753809
1.45371
-1.39736
-0.857412
-2.76787
-4.08732
-0.890564
4.70089
-1.35926
-0.580048
-1.06123
-1.10265
-3.7667
-1.09518
-1.04655
-2.06302
-1.82854
2.8346
1.34568
3.81186
6.84384
4.91109
10.9054
6.8169
8.19406
10.0876
7.98132
2.39906
1.90931
0.307727
-0.655358
-0.831247
-1.00304
0.566753
-3.43298
-0.498257
-3.36009
-0.684125
0.258755
-6.13932
-0.872601
-3.55257
-12.4728
-2.86682
-6.75493
-10.4973
-4.83315
-7.49614
-7.68337
-4.22763
-4.24106
-5.44625
-4.1
-3.63217
-1.0222
-1.70369
-0.0524875
3.04785
8.97204
9.55231
5.47118
13.3664
18.9965
16.4056
15.8425
18.7188
-21.3917
-13.7246
-11.6254
-18.8527
-20.8052
-16.2098
-8.40305
-10.3064
-6.96894
-5.34392
6.77966
17.0606
23.3881
30.6065
29.5415
32.2425
26.2268
30.2075
25.0147
31.6493
16.9721
19.4906
23.6726
27.5776
20.1523
22.4251
14.1651
14.6186
9.88612
13.9577
9.90488
15.5422
19.2199
3.34938
9.43487
2.4114
14.5702
4.49936
6.52653
6.91077
13.7634
11.5011
13.8554
15.3309
7.44592
-7.02163
6.73889
9.97647
5.61124
8.74741
12.5594
8.97911
19.076
9.98421
2.62884
13.9014
9.11126
5.65254
15.6913
11.6541
14.4212
11.7721
13.5182
16.5627
12.3496
8.24788
18.5221
9.79033
8.40133
2.01406
14.2556
-0.477559
8.01325
0.820321
-0.0504578
4.0669
4.52216
3.65027
1.96109
3.53563
13.373
5.36659
-3.02532
1.75692
-3.40295
3.50625
-2.53922
-0.911651
-1.6461
0.197473
-3.05383
-1.0769
1.39938
0.515722
3.12606
-2.37357
-9.30517
-5.51083
-8.46968
5.80445
-4.3838
-2.13236
-7.50133
1.30943
-5.7637
-6.11875
-6.17456
-1.03358
-6.59656
0.947303
0.373587
-10.0607
1.94188
-1.04875
1.70165
0.707855
-10.3956
-3.47471
4.6413
0.630937
5.32888
1.40051
1.79484
5.4214
11.7491
11.3751
17.4503
12.7363
11.0416
12.1784
16.1282
16.2052
18.032
15.9956
29.5392
13.215
21.1981
17.8137
18.0201
13.9334
22.122
15.788
17.6234
13.5305
13.341
7.97687
11.1447
10.7527
6.33178
3.63224
9.24376
6.26634
3.49345
13.3688
12.1507
9.00414
4.20911
4.389
2.20341
3.41232
6.3907
5.98836
2.93725
10.572
3.48822
13.812
10.803
8.66507
4.50015
6.20224
3.61365
13.2611
4.48722
9.17871
2.87203
6.26489
8.76963
13.2888
2.39065
-1.62003
0.63499
3.90067
8.51778
9.73022
11.4444
6.36313
5.53324
4.32378
7.22403
8.41658
7.86866
6.74433
6.88181
4.82939
8.40154
10.9982
11.2367
6.94093
6.91252
8.74093
4.55104
6.63815
6.19855
14.8075
12.8612
13.4716
13.7056
13.1563
11.1637
2.54481
9.95969
6.64528
6.3212
-0.774407
3.41075
5.11512
6.55188
3.09214
