23.3876
47.7166
54.5346
25.5069
16.1466
18.3918
16.1546
7.92428
8.47713
12.4863
15.862
3.76093
0.266543
4.60952
4.41915
-0.998729
-8.80645
-3.35655
-8.96829
-6.53844
-5.27284
-7.92304
-12.5631
-12.3004
-7.88906
-10.2801
-7.66106
-9.62606
-4.42613
-5.893
-3.49835
1.14499
0.452649
-1.39036
14.7343
20.8964
21.9209
25.2318
27.6487
38.8404
36.1817
35.1553
33.0207
38.3247
47.3027
27.6227
31.315
19.5536
36.9309
31.4898
27.147
22.3943
25.1701
36.0589
30.2801
33.9068
32.9174
35.9492
46.1372
42.0935
43.6477
41.4973
35.7047
47.3144
41.827
39.8089
42.0819
40.2645
36.591
39.5108
38.5274
45.1201
35.4074
26.7607
28.2384
18.455
23.8444
17.4248
18.8297
18.4619
20.2849
24.2059
26.8941
30.6538
25.3536
27.3291
18.1469
24.2632
22.5798
18.72
16.1511
24.524
27.8871
23.2014
25.6998
19.8643
13.9561
23.2007
36.8539
37.8363
28.8473
35.2379
42.2363
26.3863
4.97077
5.44111
3.37745
8.11431
28.4733
20.8182
21.3309
24.7331
21.3176
27.7629
19.7723
29.2373
20.0374
26.6525
33.5722
31.1596
33.1559
29.3747
29.673
26.5798
25.1597
28.1994
23.373
24.0047
27.3288
26.5521
22.2551
24.5491
23.4229
28.833
28.489
22.9272
23.1627
28.9757
27.182
27.4968
29.3309
26.1665
25.2826
21.6554
35.2541
25.7447
22.2968
26.5179
25.9834
29.6443
25.9272
22.9288
33.9129
32.8599
31.3554
32.1082
33.5568
35.6226
30.6736
26.6219
16.0808
29.7984
26.3581
16.5246
17.7963
15.2486
16.1812
25.5663
24.8439
21.3858
28.633
28.205
21.0823
26.4394
22.0423
17.9372
24.2457
15.3765
25.494
20.8395
19.4747
15.8349
22.4707
10.8321
7.81059
14.1147
19.9945
24.2483
11.8813
20.4469
17.0001
23.2675
9.97113
13.3747
17.8882
10.8084
14.218
20.5591
16.6798
17.4682
9.70917
16.5926
20.7136
11.3722
26.3778
11.8577
14.1026
10.5685
17.7366
13.0505
11.3397
8.60234
18.7447
15.8252
20.7993
24.1099
18.4276
0.217626
-4.11382
-3.19151
0.64872
3.99679
0.155037
-3.07721
2.59624
0.976059
3.13928
-6.60721
-6.42698
-3.93842
-5.51302
-2.92966
0.10348
-1.51461
7.52335
4.21517
4.62224
4.43715
2.67442
-2.64723
2.84125
2.25764
9.94605
-9.5656
-2.06075
2.82906
0.117605
6.97428
8.31672
5.35729
9.64494
8.66362
6.14424
9.77749
6.20789
6.16015
8.21274
10.28
11.6204
12.1426
14.8918
14.8534
10.103
19.5507
20.9639
21.5446
31.3114
38.9518
28.6674
16.9588
17.6711
17.8869
12.031
13.3437
27.6411
33.0994
23.1628
29.6858
24.144
17.6987
9.3283
18.0326
21.734
9.02015
15.8092
14.2607
17.7351
17.9238
16.9022
11.7573
22.0122
22.6948
18.7304
24.8667
22.7288
21.2944
30.8865
24.2528
24.8624
23.2629
22.8456
22.2543
31.1257
34.8466
26.6595
27.6057
28.4866
30.0023
28.5821
39.3901
33.4946
30.2322
25.7904
23.127
20.4279
22.4025
22.0413
23.9568
18.8982
22.8785
20.7812
28.4626
27.2512
28.4824
29.2173
30.9378
31.5098
32.2951
35.3783
27.6733
25.4009
23.6273
19.2048
22.9824
26.1959
29.6837
27.9433
25.6287
25.7962
25.0287
30.4412
34.8742
29.3074
21.7223
29.9029
31.0088
29.4117
32.394
23.9466
25.254
32.9598
35.5525
40.1801
35.3523
36.56
34.6695
27.9917
33.7412
32.7879
29.554
33.2354
32.6912
37.772
36.3733
33.0948
30.9974
34.146
29.3125
34.6175
36.9557
35.9055
38.5698
38.9967
34.018
35.6202
43.908
38.1547
37.9616
37.9882
41.009
35.853
35.4788
33.998
35.9734
33.6849
39.6342
39.1985
36.0791
34.5497
37.7861
34.0509
41.6987
42.8496
45.1721
26.5837
